replay_version 2.0
stopped_at 1581
seed 100
recorded_at 2023-04-20 20:43:43 -0500
[:mouse_button_up, 1, 0, 1, 1, 4]
[:mouse_move, 902, 132, 2, 2, 16]
[:mouse_move, 904, 138, 2, 3, 17]
[:mouse_move, 909, 148, 2, 4, 18]
[:mouse_move, 911, 156, 2, 5, 19]
[:mouse_move, 917, 181, 2, 6, 20]
[:mouse_move, 921, 195, 2, 7, 21]
[:mouse_move, 926, 223, 2, 8, 22]
[:mouse_move, 929, 236, 2, 9, 23]
[:mouse_move, 938, 285, 2, 10, 24]
[:mouse_move, 942, 308, 2, 11, 25]
[:mouse_move, 947, 375, 2, 12, 26]
[:mouse_move, 947, 389, 2, 13, 27]
[:mouse_move, 947, 450, 2, 14, 28]
[:key_down_raw, 1073741904, 0, 2, 15, 87]
[:key_up_raw, 1073741904, 0, 2, 16, 102]
[:key_down_raw, 1073741903, 0, 2, 17, 115]
[:key_down_raw, 1073741903, 0, 2, 18, 131]
[:key_down_raw, 1073741903, 0, 2, 19, 133]
[:key_down_raw, 1073741903, 0, 2, 20, 135]
[:key_down_raw, 1073741903, 0, 2, 21, 137]
[:key_down_raw, 1073741903, 0, 2, 22, 139]
[:key_down_raw, 1073741903, 0, 2, 23, 141]
[:key_down_raw, 1073741903, 0, 2, 24, 143]
[:key_down_raw, 1073741903, 0, 2, 25, 145]
[:key_down_raw, 1073741903, 0, 2, 26, 147]
[:key_down_raw, 1073741903, 0, 2, 27, 149]
[:key_down_raw, 1073741903, 0, 2, 28, 151]
[:key_down_raw, 1073741903, 0, 2, 29, 153]
[:key_down_raw, 1073741903, 0, 2, 30, 155]
[:key_down_raw, 1073741903, 0, 2, 31, 157]
[:key_up_raw, 1073741903, 0, 2, 32, 158]
[:key_down_raw, 1073741904, 0, 2, 33, 168]
[:key_down_raw, 1073741904, 0, 2, 34, 183]
[:key_up_raw, 1073741904, 0, 2, 35, 184]
[:key_down_raw, 32, 0, 2, 36, 196]
[:key_up_raw, 32, 0, 2, 37, 203]
[:key_down_raw, 1073741903, 0, 2, 38, 221]
[:key_down_raw, 1073741903, 0, 2, 39, 236]
[:key_down_raw, 1073741903, 0, 2, 40, 238]
[:key_down_raw, 1073741903, 0, 2, 41, 240]
[:key_down_raw, 1073741903, 0, 2, 42, 242]
[:key_down_raw, 1073741903, 0, 2, 43, 244]
[:key_down_raw, 1073741903, 0, 2, 44, 246]
[:key_down_raw, 1073741903, 0, 2, 45, 248]
[:key_down_raw, 1073741903, 0, 2, 46, 250]
[:key_down_raw, 1073741903, 0, 2, 47, 252]
[:key_down_raw, 1073741903, 0, 2, 48, 254]
[:key_down_raw, 1073741903, 0, 2, 49, 256]
[:key_down_raw, 1073741903, 0, 2, 50, 258]
[:key_down_raw, 1073741903, 0, 2, 51, 260]
[:key_down_raw, 1073741903, 0, 2, 52, 262]
[:key_down_raw, 1073741903, 0, 2, 53, 264]
[:key_down_raw, 1073741903, 0, 2, 54, 266]
[:key_down_raw, 1073741903, 0, 2, 55, 268]
[:key_down_raw, 1073741903, 0, 2, 56, 270]
[:key_down_raw, 1073741903, 0, 2, 57, 272]
[:key_down_raw, 1073741903, 0, 2, 58, 274]
[:key_up_raw, 1073741903, 0, 2, 59, 275]
[:key_down_raw, 1073741903, 0, 2, 60, 282]
[:key_up_raw, 1073741903, 0, 2, 61, 291]
[:key_down_raw, 1073741904, 0, 2, 62, 314]
[:key_down_raw, 1073741904, 0, 2, 63, 329]
[:key_up_raw, 1073741904, 0, 2, 64, 330]
[:key_down_raw, 1073741905, 0, 2, 65, 392]
[:key_down_raw, 1073741905, 0, 2, 66, 407]
[:key_down_raw, 1073741905, 0, 2, 67, 409]
[:key_down_raw, 1073741905, 0, 2, 68, 411]
[:key_down_raw, 1073741905, 0, 2, 69, 413]
[:key_down_raw, 1073741905, 0, 2, 70, 415]
[:key_down_raw, 1073741905, 0, 2, 71, 417]
[:key_up_raw, 1073741905, 0, 2, 72, 418]
[:key_down_raw, 1073741903, 0, 2, 73, 447]
[:key_down_raw, 1073741903, 0, 2, 74, 462]
[:key_down_raw, 1073741903, 0, 2, 75, 464]
[:key_down_raw, 1073741903, 0, 2, 76, 466]
[:key_down_raw, 1073741903, 0, 2, 77, 468]
[:key_down_raw, 1073741903, 0, 2, 78, 470]
[:key_down_raw, 1073741903, 0, 2, 79, 472]
[:key_down_raw, 1073741903, 0, 2, 80, 474]
[:key_down_raw, 1073741903, 0, 2, 81, 476]
[:key_down_raw, 1073741903, 0, 2, 82, 478]
[:key_down_raw, 1073741903, 0, 2, 83, 480]
[:key_down_raw, 1073741903, 0, 2, 84, 482]
[:key_down_raw, 1073741903, 0, 2, 85, 484]
[:key_down_raw, 1073741903, 0, 2, 86, 486]
[:key_down_raw, 1073741903, 0, 2, 87, 488]
[:key_down_raw, 1073741903, 0, 2, 88, 490]
[:key_down_raw, 1073741903, 0, 2, 89, 492]
[:key_down_raw, 1073741903, 0, 2, 90, 494]
[:key_down_raw, 1073741903, 0, 2, 91, 496]
[:key_down_raw, 1073741903, 0, 2, 92, 498]
[:key_down_raw, 1073741903, 0, 2, 93, 500]
[:key_down_raw, 1073741903, 0, 2, 94, 502]
[:key_down_raw, 1073741903, 0, 2, 95, 504]
[:key_down_raw, 1073741903, 0, 2, 96, 506]
[:key_down_raw, 1073741903, 0, 2, 97, 508]
[:key_down_raw, 1073741903, 0, 2, 98, 510]
[:key_down_raw, 1073741903, 0, 2, 99, 512]
[:key_down_raw, 1073741903, 0, 2, 100, 514]
[:key_down_raw, 1073741903, 0, 2, 101, 516]
[:key_down_raw, 1073741903, 0, 2, 102, 518]
[:key_down_raw, 1073741903, 0, 2, 103, 520]
[:key_down_raw, 1073741903, 0, 2, 104, 522]
[:key_down_raw, 1073741903, 0, 2, 105, 524]
[:key_down_raw, 1073741903, 0, 2, 106, 526]
[:key_down_raw, 32, 0, 2, 107, 527]
[:key_up_raw, 32, 0, 2, 108, 533]
[:key_up_raw, 1073741903, 0, 2, 109, 569]
[:key_down_raw, 1073741904, 0, 2, 110, 582]
[:key_up_raw, 1073741904, 0, 2, 111, 595]
[:key_down_raw, 32, 0, 2, 112, 598]
[:key_up_raw, 32, 0, 2, 113, 603]
[:key_down_raw, 1073741906, 0, 2, 114, 684]
[:key_down_raw, 1073741906, 0, 2, 115, 699]
[:key_down_raw, 1073741906, 0, 2, 116, 701]
[:key_down_raw, 1073741906, 0, 2, 117, 703]
[:key_down_raw, 1073741906, 0, 2, 118, 705]
[:key_down_raw, 1073741906, 0, 2, 119, 707]
[:key_down_raw, 1073741906, 0, 2, 120, 709]
[:key_down_raw, 1073741904, 0, 2, 121, 711]
[:key_down_raw, 1073741904, 0, 2, 122, 726]
[:key_down_raw, 32, 0, 2, 123, 726]
[:key_up_raw, 32, 0, 2, 124, 733]
[:key_up_raw, 1073741906, 0, 2, 125, 747]
[:key_up_raw, 1073741904, 0, 2, 126, 834]
[:key_down_raw, 1073741904, 0, 2, 127, 851]
[:key_down_raw, 1073741904, 0, 2, 128, 866]
[:key_up_raw, 1073741904, 0, 2, 129, 867]
[:key_down_raw, 1073741904, 0, 2, 130, 897]
[:key_down_raw, 1073741904, 0, 2, 131, 912]
[:key_down_raw, 1073741904, 0, 2, 132, 914]
[:key_down_raw, 1073741904, 0, 2, 133, 916]
[:key_down_raw, 1073741904, 0, 2, 134, 918]
[:key_down_raw, 1073741904, 0, 2, 135, 920]
[:key_down_raw, 1073741904, 0, 2, 136, 922]
[:key_down_raw, 1073741904, 0, 2, 137, 924]
[:key_up_raw, 1073741904, 0, 2, 138, 925]
[:key_down_raw, 103, 0, 2, 139, 988]
[:key_up_raw, 103, 0, 2, 140, 993]
[:key_down_raw, 45, 0, 2, 141, 1026]
[:key_down_raw, 45, 0, 2, 142, 1042]
[:key_down_raw, 45, 0, 2, 143, 1044]
[:key_down_raw, 45, 0, 2, 144, 1046]
[:key_down_raw, 45, 0, 2, 145, 1048]
[:key_down_raw, 45, 0, 2, 146, 1050]
[:key_down_raw, 45, 0, 2, 147, 1052]
[:key_down_raw, 45, 0, 2, 148, 1054]
[:key_down_raw, 45, 0, 2, 149, 1056]
[:key_down_raw, 45, 0, 2, 150, 1058]
[:key_down_raw, 45, 0, 2, 151, 1060]
[:key_down_raw, 45, 0, 2, 152, 1062]
[:key_down_raw, 45, 0, 2, 153, 1064]
[:key_down_raw, 45, 0, 2, 154, 1066]
[:key_down_raw, 45, 0, 2, 155, 1068]
[:key_down_raw, 45, 0, 2, 156, 1070]
[:key_down_raw, 45, 0, 2, 157, 1072]
[:key_down_raw, 45, 0, 2, 158, 1074]
[:key_down_raw, 45, 0, 2, 159, 1076]
[:key_up_raw, 45, 0, 2, 160, 1077]
[:key_down_raw, 1073741904, 0, 2, 161, 1117]
[:key_down_raw, 1073741904, 0, 2, 162, 1132]
[:key_down_raw, 1073741904, 0, 2, 163, 1134]
[:key_down_raw, 1073741904, 0, 2, 164, 1136]
[:key_up_raw, 1073741904, 0, 2, 165, 1136]
[:key_down_raw, 1073741906, 0, 2, 166, 1149]
[:key_up_raw, 1073741906, 0, 2, 167, 1162]
[:key_down_raw, 45, 0, 2, 168, 1181]
[:key_down_raw, 45, 0, 2, 169, 1196]
[:key_down_raw, 45, 0, 2, 170, 1198]
[:key_down_raw, 45, 0, 2, 171, 1200]
[:key_down_raw, 45, 0, 2, 172, 1202]
[:key_up_raw, 45, 0, 2, 173, 1203]
[:key_down_raw, 1073742049, 1, 2, 174, 1252]
[:key_down_raw, 61, 1, 2, 175, 1252]
[:key_down_raw, 61, 1, 2, 176, 1267]
[:key_down_raw, 61, 1, 2, 177, 1270]
[:key_down_raw, 61, 1, 2, 178, 1272]
[:key_down_raw, 61, 1, 2, 179, 1274]
[:key_down_raw, 61, 1, 2, 180, 1276]
[:key_down_raw, 61, 1, 2, 181, 1278]
[:key_down_raw, 61, 1, 2, 182, 1280]
[:key_down_raw, 61, 1, 2, 183, 1282]
[:key_up_raw, 61, 1, 2, 184, 1282]
[:key_up_raw, 1073742049, 0, 2, 185, 1283]
[:key_down_raw, 1073742049, 1, 2, 186, 1293]
[:key_down_raw, 61, 1, 2, 187, 1293]
[:key_down_raw, 61, 1, 2, 188, 1309]
[:key_down_raw, 61, 1, 2, 189, 1311]
[:key_down_raw, 61, 1, 2, 190, 1313]
[:key_down_raw, 61, 1, 2, 191, 1315]
[:key_down_raw, 61, 1, 2, 192, 1317]
[:key_down_raw, 61, 1, 2, 193, 1319]
[:key_down_raw, 61, 1, 2, 194, 1321]
[:key_down_raw, 61, 1, 2, 195, 1323]
[:key_down_raw, 61, 1, 2, 196, 1325]
[:key_down_raw, 61, 1, 2, 197, 1327]
[:key_down_raw, 61, 1, 2, 198, 1329]
[:key_down_raw, 61, 1, 2, 199, 1331]
[:key_down_raw, 61, 1, 2, 200, 1333]
[:key_down_raw, 61, 1, 2, 201, 1335]
[:key_down_raw, 61, 1, 2, 202, 1337]
[:key_down_raw, 61, 1, 2, 203, 1339]
[:key_down_raw, 61, 1, 2, 204, 1341]
[:key_down_raw, 61, 1, 2, 205, 1343]
[:key_down_raw, 61, 1, 2, 206, 1345]
[:key_down_raw, 61, 1, 2, 207, 1347]
[:key_down_raw, 61, 1, 2, 208, 1349]
[:key_down_raw, 61, 1, 2, 209, 1351]
[:key_up_raw, 61, 1, 2, 210, 1352]
[:key_up_raw, 1073742049, 0, 2, 211, 1353]
[:key_down_raw, 48, 0, 2, 212, 1390]
[:key_up_raw, 48, 0, 2, 213, 1395]
[:key_down_raw, 103, 0, 2, 214, 1436]
[:key_up_raw, 103, 0, 2, 215, 1441]
[:key_down_raw, 1073741903, 0, 2, 216, 1471]
[:key_down_raw, 1073741903, 0, 2, 217, 1486]
[:key_down_raw, 1073741903, 0, 2, 218, 1488]
[:key_down_raw, 1073741903, 0, 2, 219, 1490]
[:key_down_raw, 1073741903, 0, 2, 220, 1492]
[:key_down_raw, 1073741903, 0, 2, 221, 1494]
[:key_down_raw, 1073741903, 0, 2, 222, 1496]
[:key_down_raw, 1073741903, 0, 2, 223, 1498]
[:key_down_raw, 1073741903, 0, 2, 224, 1500]
[:key_down_raw, 1073741903, 0, 2, 225, 1502]
[:key_down_raw, 1073741903, 0, 2, 226, 1504]
[:key_down_raw, 1073741903, 0, 2, 227, 1506]
[:key_down_raw, 1073741903, 0, 2, 228, 1508]
[:key_down_raw, 1073741903, 0, 2, 229, 1510]
[:key_up_raw, 1073741903, 0, 2, 230, 1512]
[:key_down_raw, 96, 0, 2, 231, 1543]
[:key_up_raw, 96, 0, 2, 232, 1548]
[:key_down_raw, 13, 0, 2, 233, 1581]
