replay_version 2.0
stopped_at 1260
seed 100
recorded_at Sun Sep 29 22:23:22 2019
[:key_down_raw, 1073741903, 0, 2, 1, 45]
[:key_down_raw, 1073741903, 0, 2, 2, 70]
[:key_down_raw, 1073741903, 0, 2, 3, 72]
[:key_down_raw, 1073741903, 0, 2, 4, 74]
[:key_down_raw, 1073741903, 0, 2, 5, 76]
[:key_down_raw, 1073741903, 0, 2, 6, 78]
[:key_down_raw, 1073741903, 0, 2, 7, 80]
[:key_down_raw, 1073741903, 0, 2, 8, 82]
[:key_down_raw, 1073741903, 0, 2, 9, 84]
[:key_down_raw, 1073741903, 0, 2, 10, 86]
[:key_down_raw, 1073741903, 0, 2, 11, 88]
[:key_up_raw, 1073741903, 0, 2, 12, 89]
[:key_down_raw, 1073741904, 0, 2, 13, 92]
[:key_down_raw, 1073741903, 0, 2, 14, 112]
[:key_up_raw, 1073741904, 0, 2, 15, 115]
[:key_down_raw, 1073741903, 0, 2, 16, 137]
[:key_down_raw, 1073741903, 0, 2, 17, 139]
[:key_down_raw, 8, 0, 2, 18, 141]
[:key_up_raw, 1073741903, 0, 2, 19, 146]
[:key_down_raw, 1073741903, 0, 2, 20, 147]
[:key_up_raw, 1073741903, 0, 2, 21, 147]
[:key_down_raw, 1073741904, 0, 2, 22, 154]
[:key_up_raw, 8, 0, 2, 23, 172]
[:key_down_raw, 1073741903, 0, 2, 24, 175]
[:key_up_raw, 1073741904, 0, 2, 25, 175]
[:key_down_raw, 32, 0, 2, 26, 194]
[:key_down_raw, 1073741904, 0, 2, 27, 201]
[:key_up_raw, 1073741903, 0, 2, 28, 202]
[:key_down_raw, 1073741903, 0, 2, 29, 222]
[:key_up_raw, 1073741904, 0, 2, 30, 226]
[:key_up_raw, 32, 0, 2, 31, 233]
[:key_down_raw, 1073741903, 0, 2, 32, 247]
[:key_down_raw, 1073741903, 0, 2, 33, 249]
[:key_down_raw, 1073741903, 0, 2, 34, 251]
[:key_down_raw, 1073741903, 0, 2, 35, 253]
[:key_down_raw, 1073741903, 0, 2, 36, 255]
[:key_down_raw, 1073741903, 0, 2, 37, 257]
[:key_down_raw, 1073741903, 0, 2, 38, 259]
[:key_down_raw, 1073741903, 0, 2, 39, 261]
[:key_down_raw, 1073741903, 0, 2, 40, 263]
[:key_down_raw, 1073741903, 0, 2, 41, 265]
[:key_down_raw, 1073741903, 0, 2, 42, 267]
[:key_down_raw, 1073741903, 0, 2, 43, 269]
[:key_down_raw, 1073741903, 0, 2, 44, 271]
[:key_down_raw, 1073741903, 0, 2, 45, 273]
[:key_down_raw, 1073741903, 0, 2, 46, 275]
[:key_up_raw, 1073741903, 0, 2, 47, 276]
[:key_down_raw, 1073741904, 0, 2, 48, 280]
[:key_up_raw, 1073741904, 0, 2, 49, 297]
[:key_down_raw, 1073741903, 0, 2, 50, 300]
[:key_down_raw, 32, 0, 2, 51, 303]
[:key_up_raw, 32, 0, 2, 52, 308]
[:key_up_raw, 1073741903, 0, 2, 53, 334]
[:key_down_raw, 1073741904, 0, 2, 54, 336]
[:key_down_raw, 1073741903, 0, 2, 55, 355]
[:key_up_raw, 1073741904, 0, 2, 56, 355]
[:key_up_raw, 1073741903, 0, 2, 57, 373]
[:key_down_raw, 1073741904, 0, 2, 58, 380]
[:key_down_raw, 32, 0, 2, 59, 398]
[:key_up_raw, 32, 0, 2, 60, 404]
[:key_up_raw, 1073741904, 0, 2, 61, 490]
[:key_down_raw, 32, 0, 2, 62, 510]
[:key_up_raw, 32, 0, 2, 63, 516]
[:key_down_raw, 1073741903, 0, 2, 64, 517]
[:key_up_raw, 1073741903, 0, 2, 65, 537]
[:key_down_raw, 1073741904, 0, 2, 66, 538]
[:key_up_raw, 1073741904, 0, 2, 67, 553]
[:key_down_raw, 32, 0, 2, 68, 653]
[:key_up_raw, 32, 0, 2, 69, 659]
[:key_down_raw, 1073741903, 0, 2, 70, 661]
[:key_down_raw, 1073741903, 0, 2, 71, 686]
[:key_up_raw, 1073741903, 0, 2, 72, 687]
[:key_down_raw, 1073741904, 0, 2, 73, 690]
[:key_down_raw, 1073741904, 0, 2, 74, 715]
[:key_down_raw, 1073741904, 0, 2, 75, 717]
[:key_down_raw, 1073741904, 0, 2, 76, 719]
[:key_down_raw, 1073741904, 0, 2, 77, 721]
[:key_down_raw, 1073741904, 0, 2, 78, 723]
[:key_down_raw, 1073741904, 0, 2, 79, 725]
[:key_down_raw, 1073741904, 0, 2, 80, 727]
[:key_down_raw, 1073741904, 0, 2, 81, 729]
[:key_up_raw, 1073741904, 0, 2, 82, 731]
[:key_down_raw, 1073741903, 0, 2, 83, 740]
[:key_down_raw, 32, 0, 2, 84, 749]
[:key_up_raw, 32, 0, 2, 85, 756]
[:key_up_raw, 1073741903, 0, 2, 86, 789]
[:key_down_raw, 1073741904, 0, 2, 87, 792]
[:key_down_raw, 1073741904, 0, 2, 88, 817]
[:key_up_raw, 1073741904, 0, 2, 89, 817]
[:key_down_raw, 32, 0, 2, 90, 844]
[:key_down_raw, 1073741903, 0, 2, 91, 846]
[:key_up_raw, 32, 0, 2, 92, 852]
[:key_down_raw, 1073741903, 0, 2, 93, 871]
[:key_down_raw, 1073741903, 0, 2, 94, 873]
[:key_down_raw, 1073741903, 0, 2, 95, 875]
[:key_down_raw, 1073741903, 0, 2, 96, 877]
[:key_down_raw, 1073741903, 0, 2, 97, 879]
[:key_down_raw, 1073741903, 0, 2, 98, 881]
[:key_down_raw, 1073741903, 0, 2, 99, 883]
[:key_down_raw, 1073741903, 0, 2, 100, 885]
[:key_down_raw, 1073741903, 0, 2, 101, 887]
[:key_up_raw, 1073741903, 0, 2, 102, 887]
[:key_down_raw, 1073741904, 0, 2, 103, 897]
[:key_up_raw, 1073741904, 0, 2, 104, 901]
[:key_down_raw, 32, 0, 2, 105, 948]
[:key_up_raw, 32, 0, 2, 106, 953]
[:key_down_raw, 1073741904, 0, 2, 107, 977]
[:key_up_raw, 1073741904, 0, 2, 108, 991]
[:key_down_raw, 32, 0, 2, 109, 1056]
[:key_up_raw, 32, 0, 2, 110, 1060]
[:key_down_raw, 1073741904, 0, 2, 111, 1065]
[:key_down_raw, 1073741904, 0, 2, 112, 1090]
[:key_down_raw, 1073741904, 0, 2, 113, 1092]
[:key_down_raw, 1073741904, 0, 2, 114, 1094]
[:key_down_raw, 1073741904, 0, 2, 115, 1096]
[:key_up_raw, 1073741904, 0, 2, 116, 1098]
[:key_down_raw, 1073741903, 0, 2, 117, 1108]
[:key_up_raw, 1073741903, 0, 2, 118, 1127]
[:key_down_raw, 1073742051, 1024, 2, 119, 1258]
[:key_down_raw, 113, 1024, 2, 120, 1259]
