replay_version 2.0
stopped_at 1699
seed 100
recorded_at Sun Sep 29 21:49:02 2019
[:mouse_move, 297, 112, 2, 1, 34]
[:mouse_move, 305, 112, 2, 2, 35]
[:mouse_move, 311, 112, 2, 3, 36]
[:mouse_move, 337, 111, 2, 4, 38]
[:mouse_move, 359, 110, 2, 5, 40]
[:mouse_move, 398, 112, 2, 6, 41]
[:mouse_move, 415, 118, 2, 7, 42]
[:mouse_move, 422, 124, 2, 8, 43]
[:mouse_move, 441, 140, 2, 9, 44]
[:mouse_move, 448, 148, 2, 10, 45]
[:mouse_move, 455, 163, 2, 11, 46]
[:mouse_move, 457, 174, 2, 12, 47]
[:mouse_move, 450, 183, 2, 13, 48]
[:mouse_move, 441, 187, 2, 14, 49]
[:mouse_move, 420, 190, 2, 15, 50]
[:mouse_move, 414, 190, 2, 16, 51]
[:mouse_move, 409, 190, 2, 17, 52]
[:mouse_move, 398, 188, 2, 18, 53]
[:mouse_move, 395, 187, 2, 19, 54]
[:mouse_move, 390, 185, 2, 20, 55]
[:mouse_move, 390, 184, 2, 21, 57]
[:mouse_move, 401, 189, 2, 22, 121]
[:mouse_move, 444, 221, 2, 23, 123]
[:mouse_move, 485, 255, 2, 24, 124]
[:mouse_move, 510, 280, 2, 25, 125]
[:mouse_move, 526, 296, 2, 26, 126]
[:mouse_move, 530, 301, 2, 27, 127]
[:mouse_move, 545, 317, 2, 28, 128]
[:mouse_move, 548, 321, 2, 29, 129]
[:mouse_move, 550, 324, 2, 30, 130]
[:mouse_move, 550, 326, 2, 31, 131]
[:mouse_move, 548, 324, 2, 32, 133]
[:mouse_move, 546, 319, 2, 33, 134]
[:mouse_move, 546, 306, 2, 34, 136]
[:mouse_move, 546, 301, 2, 35, 137]
[:mouse_move, 553, 282, 2, 36, 138]
[:mouse_move, 557, 271, 2, 37, 139]
[:mouse_move, 566, 232, 2, 38, 140]
[:mouse_move, 567, 215, 2, 39, 142]
[:mouse_move, 567, 203, 2, 40, 143]
[:mouse_move, 565, 184, 2, 41, 144]
[:mouse_move, 560, 177, 2, 42, 145]
[:mouse_move, 547, 163, 2, 43, 146]
[:mouse_move, 540, 159, 2, 44, 148]
[:mouse_move, 539, 157, 2, 45, 149]
[:mouse_move, 536, 156, 2, 46, 150]
[:mouse_move, 535, 154, 2, 47, 151]
[:mouse_move, 534, 153, 2, 48, 153]
[:mouse_move, 534, 152, 2, 49, 155]
[:mouse_move, 534, 151, 2, 50, 156]
[:mouse_move, 534, 150, 2, 51, 158]
[:mouse_move, 537, 150, 2, 52, 159]
[:mouse_move, 542, 149, 2, 53, 160]
[:mouse_move, 587, 152, 2, 54, 161]
[:mouse_move, 612, 155, 2, 55, 162]
[:mouse_move, 669, 161, 2, 56, 163]
[:mouse_move, 681, 161, 2, 57, 164]
[:mouse_move, 713, 160, 2, 58, 165]
[:mouse_move, 741, 155, 2, 59, 167]
[:mouse_move, 744, 154, 2, 60, 168]
[:mouse_move, 758, 151, 2, 61, 169]
[:mouse_move, 759, 151, 2, 62, 170]
[:mouse_move, 760, 151, 2, 63, 171]
[:mouse_move, 761, 151, 2, 64, 172]
[:mouse_move, 761, 152, 2, 65, 187]
[:mouse_move, 757, 160, 2, 66, 188]
[:mouse_move, 724, 198, 2, 67, 190]
[:mouse_move, 706, 214, 2, 68, 191]
[:mouse_move, 659, 243, 2, 69, 192]
[:mouse_move, 617, 259, 2, 70, 194]
[:mouse_move, 603, 264, 2, 71, 195]
[:mouse_move, 597, 265, 2, 72, 196]
[:mouse_move, 589, 268, 2, 73, 197]
[:mouse_move, 578, 271, 2, 74, 198]
[:mouse_move, 572, 272, 2, 75, 199]
[:mouse_move, 571, 272, 2, 76, 200]
[:mouse_move, 570, 272, 2, 77, 201]
[:mouse_move, 568, 273, 2, 78, 202]
[:mouse_move, 565, 273, 2, 79, 204]
[:mouse_move, 562, 275, 2, 80, 205]
[:mouse_move, 560, 276, 2, 81, 206]
[:mouse_move, 558, 276, 2, 82, 207]
[:mouse_move, 555, 277, 2, 83, 208]
[:mouse_move, 554, 278, 2, 84, 209]
[:mouse_move, 552, 279, 2, 85, 210]
[:mouse_move, 551, 279, 2, 86, 212]
[:mouse_button_pressed, 1, 0, 1, 87, 217]
[:mouse_button_up, 1, 0, 1, 88, 225]
[:mouse_move, 551, 280, 2, 89, 270]
[:mouse_move, 551, 283, 2, 90, 271]
[:mouse_move, 552, 296, 2, 91, 272]
[:mouse_move, 553, 314, 2, 92, 273]
[:mouse_move, 560, 391, 2, 93, 274]
[:mouse_move, 562, 409, 2, 94, 275]
[:mouse_move, 566, 440, 2, 95, 276]
[:mouse_move, 567, 448, 2, 96, 277]
[:mouse_move, 568, 464, 2, 97, 278]
[:mouse_move, 570, 482, 2, 98, 279]
[:mouse_move, 571, 488, 2, 99, 280]
[:mouse_move, 571, 489, 2, 100, 281]
[:mouse_move, 570, 489, 2, 101, 285]
[:mouse_move, 570, 488, 2, 102, 286]
[:mouse_move, 570, 487, 2, 103, 287]
[:mouse_move, 570, 486, 2, 104, 288]
[:mouse_move, 569, 483, 2, 105, 289]
[:mouse_move, 569, 475, 2, 106, 290]
[:mouse_move, 568, 473, 2, 107, 291]
[:mouse_move, 568, 467, 2, 108, 292]
[:mouse_move, 567, 464, 2, 109, 293]
[:mouse_move, 567, 461, 2, 110, 294]
[:mouse_move, 567, 460, 2, 111, 295]
[:mouse_move, 567, 459, 2, 112, 296]
[:mouse_move, 567, 458, 2, 113, 298]
[:mouse_move, 567, 457, 2, 114, 300]
[:mouse_move, 567, 456, 2, 115, 301]
[:mouse_move, 567, 455, 2, 116, 303]
[:mouse_button_pressed, 1, 0, 1, 117, 305]
[:mouse_button_up, 1, 0, 1, 118, 311]
[:mouse_move, 576, 455, 2, 119, 325]
[:mouse_move, 585, 455, 2, 120, 326]
[:mouse_move, 592, 455, 2, 121, 327]
[:mouse_move, 616, 457, 2, 122, 328]
[:mouse_move, 637, 458, 2, 123, 329]
[:mouse_move, 656, 458, 2, 124, 331]
[:mouse_move, 665, 458, 2, 125, 332]
[:mouse_move, 670, 458, 2, 126, 333]
[:mouse_move, 673, 458, 2, 127, 334]
[:mouse_move, 679, 458, 2, 128, 335]
[:mouse_move, 680, 458, 2, 129, 336]
[:mouse_move, 685, 458, 2, 130, 337]
[:mouse_move, 686, 458, 2, 131, 338]
[:mouse_move, 687, 458, 2, 132, 339]
[:mouse_move, 691, 458, 2, 133, 340]
[:mouse_move, 693, 458, 2, 134, 341]
[:mouse_move, 696, 458, 2, 135, 342]
[:mouse_move, 700, 458, 2, 136, 343]
[:mouse_move, 702, 458, 2, 137, 344]
[:mouse_move, 706, 458, 2, 138, 345]
[:mouse_move, 707, 458, 2, 139, 346]
[:mouse_move, 708, 458, 2, 140, 347]
[:mouse_move, 709, 458, 2, 141, 349]
[:mouse_button_pressed, 1, 0, 1, 142, 351]
[:mouse_button_up, 1, 0, 1, 143, 358]
[:mouse_move, 708, 458, 2, 144, 365]
[:mouse_move, 704, 455, 2, 145, 366]
[:mouse_move, 702, 454, 2, 146, 367]
[:mouse_move, 696, 448, 2, 147, 368]
[:mouse_move, 693, 444, 2, 148, 369]
[:mouse_move, 686, 437, 2, 149, 370]
[:mouse_move, 683, 433, 2, 150, 371]
[:mouse_move, 673, 419, 2, 151, 372]
[:mouse_move, 666, 410, 2, 152, 373]
[:mouse_move, 660, 402, 2, 153, 374]
[:mouse_move, 654, 394, 2, 154, 375]
[:mouse_move, 651, 390, 2, 155, 376]
[:mouse_move, 646, 384, 2, 156, 377]
[:mouse_move, 644, 381, 2, 157, 378]
[:mouse_move, 643, 379, 2, 158, 379]
[:mouse_move, 640, 375, 2, 159, 380]
[:mouse_move, 639, 374, 2, 160, 381]
[:mouse_move, 638, 371, 2, 161, 382]
[:mouse_move, 637, 369, 2, 162, 383]
[:mouse_move, 637, 367, 2, 163, 385]
[:mouse_move, 636, 366, 2, 164, 386]
[:mouse_move, 636, 365, 2, 165, 387]
[:mouse_button_pressed, 1, 0, 1, 166, 389]
[:mouse_button_up, 1, 0, 1, 167, 395]
[:mouse_move, 638, 364, 2, 168, 409]
[:mouse_move, 648, 356, 2, 169, 410]
[:mouse_move, 655, 350, 2, 170, 411]
[:mouse_move, 664, 342, 2, 171, 412]
[:mouse_move, 673, 334, 2, 172, 413]
[:mouse_move, 685, 325, 2, 173, 414]
[:mouse_move, 692, 319, 2, 174, 415]
[:mouse_move, 699, 312, 2, 175, 416]
[:mouse_move, 708, 304, 2, 176, 417]
[:mouse_move, 712, 301, 2, 177, 418]
[:mouse_move, 713, 300, 2, 178, 419]
[:mouse_move, 716, 297, 2, 179, 420]
[:mouse_move, 718, 296, 2, 180, 421]
[:mouse_move, 720, 293, 2, 181, 422]
[:mouse_move, 721, 292, 2, 182, 423]
[:mouse_move, 722, 292, 2, 183, 426]
[:mouse_move, 722, 291, 2, 184, 427]
[:mouse_button_pressed, 1, 0, 1, 185, 443]
[:mouse_button_up, 1, 0, 1, 186, 450]
[:mouse_move, 719, 291, 2, 187, 488]
[:mouse_move, 716, 290, 2, 188, 489]
[:mouse_move, 707, 288, 2, 189, 490]
[:mouse_move, 696, 287, 2, 190, 491]
[:mouse_move, 689, 286, 2, 191, 492]
[:mouse_move, 677, 286, 2, 192, 493]
[:mouse_move, 672, 286, 2, 193, 494]
[:mouse_move, 664, 286, 2, 194, 495]
[:mouse_move, 660, 286, 2, 195, 496]
[:mouse_move, 654, 286, 2, 196, 497]
[:mouse_move, 650, 286, 2, 197, 499]
[:mouse_move, 648, 286, 2, 198, 501]
[:mouse_button_pressed, 1, 0, 1, 199, 503]
[:mouse_button_up, 1, 0, 1, 200, 509]
[:mouse_move, 648, 287, 2, 201, 514]
[:mouse_move, 648, 288, 2, 202, 515]
[:mouse_move, 648, 289, 2, 203, 518]
[:mouse_move, 648, 290, 2, 204, 521]
[:mouse_move, 652, 296, 2, 205, 522]
[:mouse_move, 657, 303, 2, 206, 523]
[:mouse_move, 667, 314, 2, 207, 524]
[:mouse_move, 676, 323, 2, 208, 526]
[:mouse_move, 688, 334, 2, 209, 527]
[:mouse_move, 694, 340, 2, 210, 528]
[:mouse_move, 697, 342, 2, 211, 529]
[:mouse_move, 700, 344, 2, 212, 530]
[:mouse_move, 703, 346, 2, 213, 531]
[:mouse_move, 705, 347, 2, 214, 532]
[:mouse_move, 707, 348, 2, 215, 533]
[:mouse_move, 708, 349, 2, 216, 534]
[:mouse_move, 708, 350, 2, 217, 535]
[:mouse_move, 709, 352, 2, 218, 536]
[:mouse_move, 710, 353, 2, 219, 537]
[:mouse_move, 711, 354, 2, 220, 538]
[:mouse_move, 712, 354, 2, 221, 539]
[:mouse_move, 712, 355, 2, 222, 540]
[:mouse_move, 713, 355, 2, 223, 543]
[:mouse_button_pressed, 1, 0, 1, 224, 543]
[:mouse_button_up, 1, 0, 1, 225, 550]
[:mouse_move, 713, 353, 2, 226, 572]
[:mouse_move, 715, 341, 2, 227, 574]
[:mouse_move, 716, 333, 2, 228, 575]
[:mouse_move, 718, 310, 2, 229, 576]
[:mouse_move, 719, 290, 2, 230, 577]
[:mouse_move, 717, 259, 2, 231, 578]
[:mouse_move, 711, 247, 2, 232, 580]
[:mouse_move, 701, 233, 2, 233, 581]
[:mouse_move, 696, 227, 2, 234, 582]
[:mouse_move, 689, 222, 2, 235, 583]
[:mouse_move, 668, 208, 2, 236, 584]
[:mouse_move, 656, 201, 2, 237, 585]
[:mouse_move, 650, 197, 2, 238, 586]
[:mouse_move, 638, 189, 2, 239, 587]
[:mouse_move, 627, 181, 2, 240, 588]
[:mouse_move, 623, 179, 2, 241, 589]
[:mouse_move, 605, 164, 2, 242, 590]
[:mouse_move, 600, 160, 2, 243, 591]
[:mouse_move, 592, 153, 2, 244, 592]
[:mouse_move, 583, 145, 2, 245, 593]
[:mouse_move, 580, 143, 2, 246, 594]
[:mouse_move, 576, 140, 2, 247, 595]
[:mouse_move, 572, 139, 2, 248, 597]
[:mouse_move, 571, 138, 2, 249, 598]
[:mouse_move, 586, 146, 2, 250, 603]
[:mouse_move, 600, 152, 2, 251, 604]
[:mouse_move, 636, 161, 2, 252, 605]
[:mouse_move, 665, 164, 2, 253, 607]
[:mouse_move, 672, 164, 2, 254, 608]
[:mouse_move, 704, 162, 2, 255, 609]
[:mouse_move, 715, 156, 2, 256, 611]
[:mouse_move, 723, 148, 2, 257, 612]
[:mouse_move, 725, 144, 2, 258, 613]
[:mouse_move, 729, 135, 2, 259, 614]
[:mouse_move, 730, 131, 2, 260, 615]
[:mouse_move, 730, 126, 2, 261, 616]
[:mouse_move, 730, 117, 2, 262, 617]
[:mouse_move, 721, 101, 2, 263, 618]
[:mouse_move, 713, 92, 2, 264, 619]
[:mouse_move, 705, 83, 2, 265, 620]
[:mouse_move, 691, 71, 2, 266, 621]
[:mouse_move, 682, 65, 2, 267, 622]
[:mouse_move, 666, 55, 2, 268, 623]
[:mouse_move, 657, 52, 2, 269, 624]
[:mouse_move, 635, 48, 2, 270, 625]
[:mouse_move, 621, 48, 2, 271, 626]
[:mouse_move, 613, 48, 2, 272, 627]
[:mouse_move, 589, 52, 2, 273, 628]
[:mouse_move, 570, 61, 2, 274, 630]
[:mouse_move, 544, 85, 2, 275, 632]
[:mouse_move, 540, 90, 2, 276, 633]
[:mouse_move, 532, 101, 2, 277, 634]
[:mouse_move, 525, 116, 2, 278, 636]
[:mouse_move, 523, 123, 2, 279, 637]
[:mouse_move, 523, 127, 2, 280, 638]
[:mouse_move, 526, 139, 2, 281, 639]
[:mouse_move, 531, 145, 2, 282, 640]
[:mouse_move, 550, 159, 2, 283, 641]
[:mouse_move, 563, 166, 2, 284, 642]
[:mouse_move, 587, 175, 2, 285, 643]
[:mouse_move, 655, 186, 2, 286, 644]
[:mouse_move, 674, 186, 2, 287, 645]
[:mouse_move, 718, 186, 2, 288, 646]
[:mouse_move, 745, 183, 2, 289, 647]
[:mouse_move, 757, 180, 2, 290, 648]
[:mouse_move, 760, 178, 2, 291, 649]
[:mouse_move, 773, 173, 2, 292, 650]
[:mouse_move, 778, 169, 2, 293, 651]
[:mouse_move, 781, 161, 2, 294, 652]
[:mouse_move, 782, 154, 2, 295, 653]
[:mouse_move, 780, 146, 2, 296, 654]
[:mouse_move, 765, 125, 2, 297, 655]
[:mouse_move, 730, 95, 2, 298, 657]
[:mouse_move, 713, 84, 2, 299, 658]
[:mouse_move, 678, 69, 2, 300, 659]
[:mouse_move, 658, 65, 2, 301, 661]
[:mouse_move, 636, 63, 2, 302, 662]
[:mouse_move, 609, 65, 2, 303, 663]
[:mouse_move, 601, 68, 2, 304, 664]
[:mouse_move, 594, 71, 2, 305, 665]
[:mouse_move, 587, 76, 2, 306, 666]
[:mouse_move, 573, 92, 2, 307, 667]
[:mouse_move, 561, 125, 2, 308, 668]
[:mouse_move, 557, 145, 2, 309, 669]
[:mouse_move, 555, 168, 2, 310, 670]
[:mouse_move, 557, 220, 2, 311, 671]
[:mouse_move, 566, 247, 2, 312, 672]
[:mouse_move, 595, 302, 2, 313, 673]
[:mouse_move, 603, 311, 2, 314, 674]
[:mouse_move, 620, 337, 2, 315, 675]
[:mouse_move, 629, 348, 2, 316, 676]
[:mouse_move, 633, 353, 2, 317, 677]
[:mouse_move, 635, 356, 2, 318, 678]
[:mouse_move, 637, 358, 2, 319, 679]
[:mouse_move, 638, 359, 2, 320, 681]
[:mouse_button_pressed, 1, 0, 1, 321, 685]
[:mouse_button_up, 1, 0, 1, 322, 691]
[:mouse_move, 631, 359, 2, 323, 707]
[:mouse_move, 626, 358, 2, 324, 708]
[:mouse_move, 622, 357, 2, 325, 709]
[:mouse_move, 618, 354, 2, 326, 710]
[:mouse_move, 612, 347, 2, 327, 711]
[:mouse_move, 608, 342, 2, 328, 712]
[:mouse_move, 598, 325, 2, 329, 713]
[:mouse_move, 593, 313, 2, 330, 714]
[:mouse_move, 588, 303, 2, 331, 715]
[:mouse_move, 586, 296, 2, 332, 716]
[:mouse_move, 580, 284, 2, 333, 717]
[:mouse_move, 577, 279, 2, 334, 719]
[:mouse_move, 576, 278, 2, 335, 720]
[:mouse_move, 574, 277, 2, 336, 721]
[:mouse_move, 572, 276, 2, 337, 722]
[:mouse_move, 569, 276, 2, 338, 723]
[:mouse_move, 567, 275, 2, 339, 724]
[:mouse_move, 566, 275, 2, 340, 725]
[:mouse_move, 565, 275, 2, 341, 726]
[:mouse_move, 564, 275, 2, 342, 729]
[:mouse_button_pressed, 1, 0, 1, 343, 736]
[:mouse_button_up, 1, 0, 1, 344, 743]
[:mouse_move, 572, 275, 2, 345, 761]
[:mouse_move, 577, 275, 2, 346, 762]
[:mouse_move, 591, 275, 2, 347, 763]
[:mouse_move, 596, 275, 2, 348, 764]
[:mouse_move, 603, 274, 2, 349, 765]
[:mouse_move, 606, 274, 2, 350, 766]
[:mouse_move, 619, 273, 2, 351, 767]
[:mouse_move, 620, 273, 2, 352, 768]
[:mouse_move, 623, 273, 2, 353, 769]
[:mouse_move, 625, 273, 2, 354, 771]
[:mouse_move, 626, 273, 2, 355, 774]
[:mouse_button_pressed, 1, 0, 1, 356, 781]
[:mouse_button_up, 1, 0, 1, 357, 788]
[:mouse_move, 629, 273, 2, 358, 795]
[:mouse_move, 637, 273, 2, 359, 796]
[:mouse_move, 646, 273, 2, 360, 797]
[:mouse_move, 654, 273, 2, 361, 798]
[:mouse_move, 664, 273, 2, 362, 799]
[:mouse_move, 677, 273, 2, 363, 800]
[:mouse_move, 687, 273, 2, 364, 801]
[:mouse_move, 692, 273, 2, 365, 802]
[:mouse_move, 697, 273, 2, 366, 803]
[:mouse_move, 702, 273, 2, 367, 804]
[:mouse_move, 704, 273, 2, 368, 805]
[:mouse_move, 705, 273, 2, 369, 806]
[:mouse_move, 707, 273, 2, 370, 807]
[:mouse_move, 708, 273, 2, 371, 808]
[:mouse_move, 711, 274, 2, 372, 809]
[:mouse_move, 713, 274, 2, 373, 810]
[:mouse_move, 715, 274, 2, 374, 811]
[:mouse_move, 716, 274, 2, 375, 812]
[:mouse_move, 717, 274, 2, 376, 814]
[:mouse_move, 718, 274, 2, 377, 815]
[:mouse_button_pressed, 1, 0, 1, 378, 817]
[:mouse_button_up, 1, 0, 1, 379, 825]
[:mouse_move, 717, 274, 2, 380, 829]
[:mouse_move, 711, 276, 2, 381, 830]
[:mouse_move, 708, 277, 2, 382, 831]
[:mouse_move, 701, 280, 2, 383, 832]
[:mouse_move, 697, 283, 2, 384, 833]
[:mouse_move, 693, 284, 2, 385, 834]
[:mouse_move, 679, 291, 2, 386, 835]
[:mouse_move, 672, 296, 2, 387, 836]
[:mouse_move, 668, 299, 2, 388, 837]
[:mouse_move, 662, 305, 2, 389, 838]
[:mouse_move, 658, 308, 2, 390, 839]
[:mouse_move, 653, 314, 2, 391, 840]
[:mouse_move, 649, 321, 2, 392, 842]
[:mouse_move, 648, 323, 2, 393, 843]
[:mouse_move, 647, 325, 2, 394, 844]
[:mouse_move, 645, 329, 2, 395, 845]
[:mouse_move, 644, 331, 2, 396, 846]
[:mouse_move, 642, 336, 2, 397, 847]
[:mouse_move, 641, 337, 2, 398, 848]
[:mouse_move, 639, 341, 2, 399, 849]
[:mouse_move, 638, 343, 2, 400, 850]
[:mouse_move, 637, 344, 2, 401, 851]
[:mouse_move, 636, 345, 2, 402, 852]
[:mouse_move, 635, 346, 2, 403, 853]
[:mouse_move, 635, 347, 2, 404, 854]
[:mouse_move, 634, 348, 2, 405, 855]
[:mouse_move, 634, 349, 2, 406, 857]
[:mouse_button_pressed, 1, 0, 1, 407, 858]
[:mouse_button_up, 1, 0, 1, 408, 866]
[:mouse_move, 634, 350, 2, 409, 887]
[:mouse_move, 634, 351, 2, 410, 889]
[:mouse_move, 633, 352, 2, 411, 891]
[:mouse_move, 632, 352, 2, 412, 893]
[:mouse_move, 628, 352, 2, 413, 894]
[:mouse_move, 625, 353, 2, 414, 895]
[:mouse_move, 617, 354, 2, 415, 896]
[:mouse_move, 613, 356, 2, 416, 897]
[:mouse_move, 605, 359, 2, 417, 898]
[:mouse_move, 603, 360, 2, 418, 899]
[:mouse_move, 600, 362, 2, 419, 900]
[:mouse_move, 596, 364, 2, 420, 901]
[:mouse_move, 592, 366, 2, 421, 902]
[:mouse_move, 590, 367, 2, 422, 904]
[:mouse_move, 588, 367, 2, 423, 905]
[:mouse_move, 581, 367, 2, 424, 906]
[:mouse_move, 579, 366, 2, 425, 907]
[:mouse_move, 577, 366, 2, 426, 908]
[:mouse_move, 575, 365, 2, 427, 909]
[:mouse_move, 571, 364, 2, 428, 910]
[:mouse_move, 570, 363, 2, 429, 911]
[:mouse_move, 568, 362, 2, 430, 912]
[:mouse_button_pressed, 1, 0, 1, 431, 913]
[:mouse_button_up, 1, 0, 1, 432, 921]
[:mouse_move, 568, 366, 2, 433, 927]
[:mouse_move, 568, 369, 2, 434, 928]
[:mouse_move, 568, 373, 2, 435, 929]
[:mouse_move, 568, 376, 2, 436, 930]
[:mouse_move, 569, 384, 2, 437, 931]
[:mouse_move, 571, 388, 2, 438, 932]
[:mouse_move, 580, 401, 2, 439, 933]
[:mouse_move, 592, 413, 2, 440, 934]
[:mouse_move, 596, 416, 2, 441, 935]
[:mouse_move, 607, 426, 2, 442, 936]
[:mouse_move, 612, 431, 2, 443, 937]
[:mouse_move, 618, 435, 2, 444, 938]
[:mouse_move, 620, 437, 2, 445, 939]
[:mouse_move, 625, 441, 2, 446, 940]
[:mouse_move, 627, 442, 2, 447, 941]
[:mouse_move, 630, 444, 2, 448, 942]
[:mouse_move, 631, 444, 2, 449, 943]
[:mouse_move, 634, 445, 2, 450, 944]
[:mouse_move, 635, 446, 2, 451, 945]
[:mouse_move, 636, 446, 2, 452, 946]
[:mouse_move, 638, 447, 2, 453, 947]
[:mouse_move, 639, 447, 2, 454, 949]
[:mouse_button_pressed, 1, 0, 1, 455, 953]
[:mouse_button_up, 1, 0, 1, 456, 961]
[:mouse_move, 639, 446, 2, 457, 977]
[:mouse_move, 640, 443, 2, 458, 978]
[:mouse_move, 641, 438, 2, 459, 979]
[:mouse_move, 641, 430, 2, 460, 980]
[:mouse_move, 644, 395, 2, 461, 981]
[:mouse_move, 645, 373, 2, 462, 982]
[:mouse_move, 645, 315, 2, 463, 983]
[:mouse_move, 644, 275, 2, 464, 984]
[:mouse_move, 642, 266, 2, 465, 985]
[:mouse_move, 636, 236, 2, 466, 986]
[:mouse_move, 633, 226, 2, 467, 987]
[:mouse_move, 630, 217, 2, 468, 988]
[:mouse_move, 618, 200, 2, 469, 989]
[:mouse_move, 610, 192, 2, 470, 990]
[:mouse_move, 604, 188, 2, 471, 991]
[:mouse_move, 594, 181, 2, 472, 992]
[:mouse_move, 591, 180, 2, 473, 993]
[:mouse_move, 584, 176, 2, 474, 994]
[:mouse_move, 579, 174, 2, 475, 995]
[:mouse_move, 576, 173, 2, 476, 996]
[:mouse_move, 571, 172, 2, 477, 997]
[:mouse_move, 569, 172, 2, 478, 998]
[:mouse_move, 565, 171, 2, 479, 999]
[:mouse_move, 564, 170, 2, 480, 1000]
[:mouse_move, 562, 170, 2, 481, 1001]
[:mouse_move, 565, 172, 2, 482, 1005]
[:mouse_move, 570, 175, 2, 483, 1006]
[:mouse_move, 599, 185, 2, 484, 1007]
[:mouse_move, 616, 189, 2, 485, 1008]
[:mouse_move, 647, 192, 2, 486, 1009]
[:mouse_move, 665, 193, 2, 487, 1010]
[:mouse_move, 685, 193, 2, 488, 1011]
[:mouse_move, 719, 186, 2, 489, 1012]
[:mouse_move, 735, 177, 2, 490, 1013]
[:mouse_move, 751, 167, 2, 491, 1014]
[:mouse_move, 755, 161, 2, 492, 1015]
[:mouse_move, 758, 156, 2, 493, 1016]
[:mouse_move, 761, 145, 2, 494, 1017]
[:mouse_move, 762, 139, 2, 495, 1018]
[:mouse_move, 762, 133, 2, 496, 1019]
[:mouse_move, 757, 123, 2, 497, 1020]
[:mouse_move, 753, 117, 2, 498, 1021]
[:mouse_move, 739, 101, 2, 499, 1022]
[:mouse_move, 722, 88, 2, 500, 1023]
[:mouse_move, 711, 81, 2, 501, 1024]
[:mouse_move, 685, 65, 2, 502, 1025]
[:mouse_move, 671, 57, 2, 503, 1026]
[:mouse_move, 656, 49, 2, 504, 1027]
[:mouse_move, 637, 40, 2, 505, 1028]
[:mouse_move, 627, 36, 2, 506, 1029]
[:mouse_move, 617, 33, 2, 507, 1030]
[:mouse_move, 602, 31, 2, 508, 1031]
[:mouse_move, 589, 31, 2, 509, 1032]
[:mouse_move, 582, 31, 2, 510, 1033]
[:mouse_move, 570, 36, 2, 511, 1034]
[:mouse_move, 554, 47, 2, 512, 1035]
[:mouse_move, 547, 53, 2, 513, 1036]
[:mouse_move, 540, 59, 2, 514, 1037]
[:mouse_move, 533, 66, 2, 515, 1038]
[:mouse_move, 517, 84, 2, 516, 1039]
[:mouse_move, 516, 87, 2, 517, 1040]
[:mouse_move, 511, 95, 2, 518, 1041]
[:mouse_move, 506, 107, 2, 519, 1042]
[:mouse_move, 506, 114, 2, 520, 1043]
[:mouse_move, 506, 122, 2, 521, 1044]
[:mouse_move, 515, 139, 2, 522, 1045]
[:mouse_move, 521, 148, 2, 523, 1046]
[:mouse_move, 550, 169, 2, 524, 1047]
[:mouse_move, 576, 178, 2, 525, 1048]
[:mouse_move, 593, 182, 2, 526, 1049]
[:mouse_move, 613, 184, 2, 527, 1050]
[:mouse_move, 650, 184, 2, 528, 1051]
[:mouse_move, 683, 180, 2, 529, 1052]
[:mouse_move, 696, 176, 2, 530, 1053]
[:mouse_move, 709, 171, 2, 531, 1054]
[:mouse_move, 723, 162, 2, 532, 1055]
[:mouse_move, 731, 156, 2, 533, 1056]
[:mouse_move, 744, 142, 2, 534, 1057]
[:mouse_move, 748, 136, 2, 535, 1058]
[:mouse_move, 752, 123, 2, 536, 1059]
[:mouse_move, 753, 117, 2, 537, 1060]
[:mouse_move, 754, 112, 2, 538, 1061]
[:mouse_move, 754, 102, 2, 539, 1062]
[:mouse_move, 750, 93, 2, 540, 1063]
[:mouse_move, 745, 85, 2, 541, 1064]
[:mouse_move, 733, 76, 2, 542, 1065]
[:mouse_move, 728, 73, 2, 543, 1066]
[:mouse_move, 721, 69, 2, 544, 1067]
[:mouse_move, 700, 59, 2, 545, 1068]
[:mouse_move, 678, 51, 2, 546, 1069]
[:mouse_move, 666, 48, 2, 547, 1070]
[:mouse_move, 639, 44, 2, 548, 1071]
[:mouse_move, 627, 42, 2, 549, 1072]
[:mouse_move, 620, 42, 2, 550, 1073]
[:mouse_move, 600, 42, 2, 551, 1074]
[:mouse_move, 590, 44, 2, 552, 1075]
[:mouse_move, 568, 52, 2, 553, 1076]
[:mouse_move, 557, 58, 2, 554, 1077]
[:mouse_move, 550, 62, 2, 555, 1078]
[:mouse_move, 545, 66, 2, 556, 1079]
[:mouse_move, 535, 75, 2, 557, 1080]
[:mouse_move, 526, 87, 2, 558, 1081]
[:mouse_move, 522, 95, 2, 559, 1082]
[:mouse_move, 517, 108, 2, 560, 1083]
[:mouse_move, 515, 116, 2, 561, 1084]
[:mouse_move, 512, 127, 2, 562, 1085]
[:mouse_move, 510, 138, 2, 563, 1086]
[:mouse_move, 510, 143, 2, 564, 1087]
[:mouse_move, 517, 163, 2, 565, 1088]
[:mouse_move, 542, 181, 2, 566, 1089]
[:mouse_move, 552, 185, 2, 567, 1090]
[:mouse_move, 605, 204, 2, 568, 1091]
[:mouse_move, 668, 208, 2, 569, 1093]
[:mouse_move, 677, 208, 2, 570, 1094]
[:mouse_move, 694, 207, 2, 571, 1095]
[:mouse_move, 710, 207, 2, 572, 1096]
[:mouse_move, 714, 207, 2, 573, 1097]
[:mouse_move, 720, 214, 2, 574, 1098]
[:mouse_move, 720, 223, 2, 575, 1099]
[:mouse_move, 720, 240, 2, 576, 1100]
[:mouse_move, 712, 280, 2, 577, 1101]
[:mouse_move, 707, 293, 2, 578, 1102]
[:mouse_move, 696, 319, 2, 579, 1103]
[:mouse_move, 684, 341, 2, 580, 1104]
[:mouse_move, 682, 343, 2, 581, 1105]
[:mouse_move, 677, 350, 2, 582, 1106]
[:mouse_move, 672, 356, 2, 583, 1107]
[:mouse_move, 670, 359, 2, 584, 1108]
[:mouse_move, 669, 359, 2, 585, 1109]
[:mouse_move, 668, 360, 2, 586, 1110]
[:mouse_move, 668, 361, 2, 587, 1112]
[:mouse_button_pressed, 1, 0, 1, 588, 1113]
[:mouse_button_up, 1, 0, 1, 589, 1124]
[:mouse_move, 667, 361, 2, 590, 1141]
[:mouse_move, 661, 356, 2, 591, 1142]
[:mouse_move, 648, 343, 2, 592, 1143]
[:mouse_move, 639, 335, 2, 593, 1144]
[:mouse_move, 625, 324, 2, 594, 1145]
[:mouse_move, 603, 311, 2, 595, 1147]
[:mouse_move, 597, 308, 2, 596, 1148]
[:mouse_move, 585, 302, 2, 597, 1149]
[:mouse_move, 580, 299, 2, 598, 1150]
[:mouse_move, 575, 297, 2, 599, 1151]
[:mouse_move, 574, 296, 2, 600, 1152]
[:mouse_move, 569, 293, 2, 601, 1153]
[:mouse_move, 568, 292, 2, 602, 1154]
[:mouse_move, 567, 291, 2, 603, 1155]
[:mouse_move, 566, 291, 2, 604, 1156]
[:mouse_button_pressed, 1, 0, 1, 605, 1168]
[:mouse_button_up, 1, 0, 1, 606, 1175]
[:mouse_move, 567, 291, 2, 607, 1188]
[:mouse_move, 575, 302, 2, 608, 1189]
[:mouse_move, 580, 307, 2, 609, 1190]
[:mouse_move, 586, 314, 2, 610, 1191]
[:mouse_move, 601, 329, 2, 611, 1192]
[:mouse_move, 609, 337, 2, 612, 1193]
[:mouse_move, 623, 349, 2, 613, 1194]
[:mouse_move, 625, 351, 2, 614, 1195]
[:mouse_move, 633, 358, 2, 615, 1196]
[:mouse_move, 637, 361, 2, 616, 1197]
[:mouse_move, 638, 362, 2, 617, 1198]
[:mouse_move, 639, 363, 2, 618, 1199]
[:mouse_move, 640, 363, 2, 619, 1200]
[:mouse_move, 640, 364, 2, 620, 1201]
[:mouse_move, 640, 365, 2, 621, 1213]
[:mouse_move, 641, 365, 2, 622, 1218]
[:mouse_button_pressed, 1, 0, 1, 623, 1238]
[:mouse_button_up, 1, 0, 1, 624, 1245]
[:mouse_move, 644, 369, 2, 625, 1258]
[:mouse_move, 652, 380, 2, 626, 1259]
[:mouse_move, 656, 384, 2, 627, 1260]
[:mouse_move, 663, 394, 2, 628, 1261]
[:mouse_move, 669, 402, 2, 629, 1262]
[:mouse_move, 682, 415, 2, 630, 1263]
[:mouse_move, 688, 421, 2, 631, 1264]
[:mouse_move, 692, 424, 2, 632, 1265]
[:mouse_move, 694, 427, 2, 633, 1266]
[:mouse_move, 698, 430, 2, 634, 1267]
[:mouse_move, 699, 431, 2, 635, 1268]
[:mouse_move, 700, 432, 2, 636, 1269]
[:mouse_move, 701, 433, 2, 637, 1270]
[:mouse_move, 702, 434, 2, 638, 1271]
[:mouse_move, 703, 435, 2, 639, 1274]
[:mouse_button_pressed, 1, 0, 1, 640, 1279]
[:mouse_button_up, 1, 0, 1, 641, 1285]
[:mouse_move, 701, 435, 2, 642, 1297]
[:mouse_move, 695, 435, 2, 643, 1298]
[:mouse_move, 685, 435, 2, 644, 1299]
[:mouse_move, 680, 435, 2, 645, 1300]
[:mouse_move, 669, 437, 2, 646, 1301]
[:mouse_move, 663, 439, 2, 647, 1302]
[:mouse_move, 661, 439, 2, 648, 1303]
[:mouse_move, 657, 440, 2, 649, 1304]
[:mouse_move, 651, 441, 2, 650, 1305]
[:mouse_move, 646, 442, 2, 651, 1306]
[:mouse_move, 645, 442, 2, 652, 1307]
[:mouse_move, 643, 443, 2, 653, 1308]
[:mouse_move, 642, 443, 2, 654, 1309]
[:mouse_move, 641, 443, 2, 655, 1311]
[:mouse_button_pressed, 1, 0, 1, 656, 1314]
[:mouse_button_up, 1, 0, 1, 657, 1322]
[:mouse_move, 641, 441, 2, 658, 1324]
[:mouse_move, 641, 433, 2, 659, 1325]
[:mouse_move, 641, 425, 2, 660, 1326]
[:mouse_move, 641, 408, 2, 661, 1327]
[:mouse_move, 641, 398, 2, 662, 1328]
[:mouse_move, 641, 373, 2, 663, 1329]
[:mouse_move, 641, 358, 2, 664, 1330]
[:mouse_move, 641, 337, 2, 665, 1331]
[:mouse_move, 641, 323, 2, 666, 1332]
[:mouse_move, 641, 312, 2, 667, 1333]
[:mouse_move, 641, 305, 2, 668, 1334]
[:mouse_move, 641, 301, 2, 669, 1335]
[:mouse_move, 641, 294, 2, 670, 1336]
[:mouse_move, 641, 292, 2, 671, 1337]
[:mouse_move, 641, 290, 2, 672, 1338]
[:mouse_move, 641, 289, 2, 673, 1339]
[:mouse_move, 641, 288, 2, 674, 1341]
[:mouse_move, 641, 287, 2, 675, 1344]
[:mouse_move, 640, 286, 2, 676, 1345]
[:mouse_move, 640, 285, 2, 677, 1346]
[:mouse_move, 640, 284, 2, 678, 1348]
[:mouse_button_pressed, 1, 0, 1, 679, 1349]
[:mouse_button_up, 1, 0, 1, 680, 1356]
[:mouse_move, 642, 284, 2, 681, 1360]
[:mouse_move, 651, 284, 2, 682, 1361]
[:mouse_move, 660, 284, 2, 683, 1362]
[:mouse_move, 671, 284, 2, 684, 1363]
[:mouse_move, 684, 284, 2, 685, 1364]
[:mouse_move, 702, 284, 2, 686, 1365]
[:mouse_move, 714, 284, 2, 687, 1366]
[:mouse_move, 718, 284, 2, 688, 1367]
[:mouse_move, 722, 284, 2, 689, 1368]
[:mouse_move, 726, 284, 2, 690, 1369]
[:mouse_move, 727, 284, 2, 691, 1371]
[:mouse_button_pressed, 1, 0, 1, 692, 1378]
[:mouse_button_up, 1, 0, 1, 693, 1385]
[:mouse_move, 725, 288, 2, 694, 1389]
[:mouse_move, 717, 298, 2, 695, 1390]
[:mouse_move, 710, 306, 2, 696, 1391]
[:mouse_move, 696, 322, 2, 697, 1392]
[:mouse_move, 689, 332, 2, 698, 1393]
[:mouse_move, 674, 353, 2, 699, 1394]
[:mouse_move, 660, 373, 2, 700, 1395]
[:mouse_move, 652, 384, 2, 701, 1396]
[:mouse_move, 650, 387, 2, 702, 1397]
[:mouse_move, 640, 400, 2, 703, 1398]
[:mouse_move, 639, 402, 2, 704, 1399]
[:mouse_move, 634, 409, 2, 705, 1400]
[:mouse_move, 632, 411, 2, 706, 1401]
[:mouse_move, 630, 414, 2, 707, 1402]
[:mouse_move, 629, 415, 2, 708, 1403]
[:mouse_move, 628, 416, 2, 709, 1404]
[:mouse_move, 626, 417, 2, 710, 1405]
[:mouse_move, 626, 418, 2, 711, 1406]
[:mouse_move, 623, 420, 2, 712, 1408]
[:mouse_move, 619, 423, 2, 713, 1409]
[:mouse_move, 618, 424, 2, 714, 1410]
[:mouse_move, 615, 427, 2, 715, 1411]
[:mouse_move, 610, 430, 2, 716, 1412]
[:mouse_move, 604, 433, 2, 717, 1413]
[:mouse_move, 603, 433, 2, 718, 1414]
[:mouse_move, 598, 435, 2, 719, 1415]
[:mouse_move, 595, 437, 2, 720, 1417]
[:mouse_move, 594, 437, 2, 721, 1418]
[:mouse_move, 591, 438, 2, 722, 1419]
[:mouse_move, 590, 439, 2, 723, 1420]
[:mouse_move, 587, 440, 2, 724, 1421]
[:mouse_move, 586, 440, 2, 725, 1422]
[:mouse_move, 585, 440, 2, 726, 1423]
[:mouse_move, 585, 441, 2, 727, 1424]
[:mouse_move, 584, 441, 2, 728, 1425]
[:mouse_button_pressed, 1, 0, 1, 729, 1427]
[:mouse_button_up, 1, 0, 1, 730, 1437]
[:mouse_move, 584, 439, 2, 731, 1446]
[:mouse_move, 584, 438, 2, 732, 1447]
[:mouse_move, 584, 430, 2, 733, 1448]
[:mouse_move, 583, 421, 2, 734, 1449]
[:mouse_move, 582, 416, 2, 735, 1450]
[:mouse_move, 579, 405, 2, 736, 1451]
[:mouse_move, 577, 398, 2, 737, 1452]
[:mouse_move, 570, 381, 2, 738, 1453]
[:mouse_move, 567, 374, 2, 739, 1454]
[:mouse_move, 563, 365, 2, 740, 1455]
[:mouse_move, 560, 357, 2, 741, 1456]
[:mouse_move, 558, 352, 2, 742, 1457]
[:mouse_move, 556, 345, 2, 743, 1458]
[:mouse_move, 555, 343, 2, 744, 1459]
[:mouse_move, 554, 341, 2, 745, 1460]
[:mouse_move, 554, 340, 2, 746, 1461]
[:mouse_move, 553, 340, 2, 747, 1468]
[:mouse_button_pressed, 1, 0, 1, 748, 1476]
[:mouse_button_up, 1, 0, 1, 749, 1484]
[:mouse_move, 554, 340, 2, 750, 1489]
[:mouse_move, 557, 340, 2, 751, 1490]
[:mouse_move, 576, 343, 2, 752, 1491]
[:mouse_move, 582, 344, 2, 753, 1492]
[:mouse_move, 608, 350, 2, 754, 1493]
[:mouse_move, 622, 352, 2, 755, 1494]
[:mouse_move, 639, 353, 2, 756, 1495]
[:mouse_move, 660, 355, 2, 757, 1496]
[:mouse_move, 668, 355, 2, 758, 1497]
[:mouse_move, 684, 355, 2, 759, 1498]
[:mouse_move, 696, 355, 2, 760, 1500]
[:mouse_move, 697, 355, 2, 761, 1501]
[:mouse_move, 705, 355, 2, 762, 1502]
[:mouse_move, 708, 355, 2, 763, 1503]
[:mouse_move, 714, 355, 2, 764, 1504]
[:mouse_move, 716, 355, 2, 765, 1505]
[:mouse_move, 720, 355, 2, 766, 1506]
[:mouse_move, 722, 355, 2, 767, 1507]
[:mouse_move, 724, 355, 2, 768, 1508]
[:mouse_move, 725, 355, 2, 769, 1509]
[:mouse_move, 726, 354, 2, 770, 1510]
[:mouse_button_pressed, 1, 0, 1, 771, 1513]
[:mouse_button_up, 1, 0, 1, 772, 1520]
[:mouse_move, 726, 350, 2, 773, 1539]
[:mouse_move, 726, 344, 2, 774, 1540]
[:mouse_move, 724, 328, 2, 775, 1541]
[:mouse_move, 721, 319, 2, 776, 1542]
[:mouse_move, 707, 271, 2, 777, 1543]
[:mouse_move, 698, 248, 2, 778, 1544]
[:mouse_move, 679, 209, 2, 779, 1545]
[:mouse_move, 674, 201, 2, 780, 1546]
[:mouse_move, 656, 171, 2, 781, 1547]
[:mouse_move, 647, 161, 2, 782, 1548]
[:mouse_move, 640, 153, 2, 783, 1549]
[:mouse_move, 618, 136, 2, 784, 1550]
[:mouse_move, 613, 132, 2, 785, 1551]
[:mouse_move, 609, 130, 2, 786, 1552]
[:mouse_move, 607, 130, 2, 787, 1553]
[:mouse_move, 596, 126, 2, 788, 1554]
[:mouse_move, 593, 125, 2, 789, 1555]
[:mouse_move, 585, 124, 2, 790, 1556]
[:mouse_move, 581, 124, 2, 791, 1557]
[:mouse_move, 575, 124, 2, 792, 1558]
[:mouse_move, 571, 124, 2, 793, 1559]
[:mouse_move, 565, 124, 2, 794, 1560]
[:mouse_move, 560, 124, 2, 795, 1561]
[:mouse_move, 558, 124, 2, 796, 1562]
[:mouse_move, 556, 124, 2, 797, 1563]
[:mouse_move, 555, 124, 2, 798, 1564]
[:mouse_move, 555, 126, 2, 799, 1565]
[:mouse_move, 555, 128, 2, 800, 1566]
[:mouse_move, 555, 130, 2, 801, 1567]
[:mouse_move, 561, 137, 2, 802, 1568]
[:mouse_move, 567, 141, 2, 803, 1569]
[:mouse_move, 586, 148, 2, 804, 1570]
[:mouse_move, 599, 152, 2, 805, 1571]
[:mouse_move, 630, 155, 2, 806, 1572]
[:mouse_move, 661, 156, 2, 807, 1573]
[:mouse_move, 670, 156, 2, 808, 1574]
[:mouse_move, 728, 151, 2, 809, 1575]
[:mouse_move, 743, 147, 2, 810, 1576]
[:mouse_move, 762, 140, 2, 811, 1577]
[:mouse_move, 773, 135, 2, 812, 1578]
[:mouse_move, 781, 130, 2, 813, 1579]
[:mouse_move, 795, 120, 2, 814, 1580]
[:mouse_move, 800, 115, 2, 815, 1581]
[:mouse_move, 804, 109, 2, 816, 1582]
[:mouse_move, 810, 97, 2, 817, 1583]
[:mouse_move, 812, 91, 2, 818, 1584]
[:mouse_move, 812, 74, 2, 819, 1585]
[:mouse_move, 811, 72, 2, 820, 1586]
[:mouse_move, 802, 60, 2, 821, 1587]
[:mouse_move, 793, 52, 2, 822, 1588]
[:mouse_move, 775, 44, 2, 823, 1589]
[:mouse_move, 763, 40, 2, 824, 1590]
[:mouse_move, 737, 33, 2, 825, 1591]
[:mouse_move, 708, 28, 2, 826, 1592]
[:mouse_move, 694, 27, 2, 827, 1593]
[:mouse_move, 679, 26, 2, 828, 1594]
[:mouse_move, 651, 26, 2, 829, 1595]
[:mouse_move, 646, 26, 2, 830, 1596]
[:mouse_move, 616, 31, 2, 831, 1597]
[:mouse_move, 611, 33, 2, 832, 1598]
[:mouse_move, 585, 43, 2, 833, 1599]
[:mouse_move, 581, 46, 2, 834, 1600]
[:mouse_move, 565, 56, 2, 835, 1601]
[:mouse_move, 558, 60, 2, 836, 1602]
[:mouse_move, 542, 76, 2, 837, 1603]
[:mouse_move, 536, 84, 2, 838, 1604]
[:mouse_move, 527, 104, 2, 839, 1605]
[:mouse_move, 522, 115, 2, 840, 1606]
[:mouse_move, 520, 129, 2, 841, 1607]
[:mouse_move, 519, 137, 2, 842, 1608]
[:mouse_move, 519, 145, 2, 843, 1609]
[:mouse_move, 526, 162, 2, 844, 1610]
[:mouse_move, 545, 172, 2, 845, 1611]
[:mouse_move, 564, 180, 2, 846, 1612]
[:mouse_move, 574, 181, 2, 847, 1613]
[:mouse_move, 629, 191, 2, 848, 1614]
[:mouse_move, 658, 192, 2, 849, 1615]
[:mouse_move, 716, 193, 2, 850, 1616]
[:mouse_move, 729, 193, 2, 851, 1617]
[:mouse_move, 773, 183, 2, 852, 1618]
[:mouse_move, 779, 179, 2, 853, 1619]
[:mouse_move, 800, 168, 2, 854, 1620]
[:mouse_move, 806, 163, 2, 855, 1621]
[:mouse_move, 812, 154, 2, 856, 1622]
[:mouse_move, 813, 149, 2, 857, 1623]
[:mouse_move, 814, 140, 2, 858, 1624]
[:mouse_move, 815, 134, 2, 859, 1625]
[:mouse_move, 815, 123, 2, 860, 1626]
[:mouse_move, 815, 121, 2, 861, 1627]
[:mouse_move, 815, 115, 2, 862, 1628]
[:mouse_move, 815, 113, 2, 863, 1629]
[:mouse_move, 816, 111, 2, 864, 1630]
[:key_down_raw, 1073742051, 1024, 2, 865, 1698]
[:key_down_raw, 113, 1024, 2, 866, 1698]
