replay_version 2.0
stopped_at 1147
seed 100
recorded_at Sun Sep 29 23:35:11 2019
[:mouse_move, 313, 259, 2, 1, 111]
[:mouse_move, 317, 254, 2, 2, 112]
[:mouse_move, 325, 238, 2, 3, 113]
[:mouse_move, 332, 217, 2, 4, 114]
[:mouse_move, 345, 162, 2, 5, 115]
[:mouse_move, 347, 147, 2, 6, 116]
[:mouse_move, 351, 114, 2, 7, 117]
[:mouse_move, 352, 97, 2, 8, 118]
[:mouse_move, 352, 74, 2, 9, 119]
[:mouse_move, 350, 67, 2, 10, 120]
[:mouse_move, 347, 63, 2, 11, 121]
[:mouse_move, 344, 62, 2, 12, 122]
[:mouse_move, 338, 60, 2, 13, 123]
[:mouse_move, 334, 60, 2, 14, 124]
[:mouse_move, 325, 60, 2, 15, 125]
[:mouse_move, 319, 60, 2, 16, 126]
[:mouse_move, 313, 59, 2, 17, 127]
[:mouse_move, 310, 59, 2, 18, 128]
[:mouse_move, 307, 58, 2, 19, 129]
[:mouse_move, 303, 57, 2, 20, 130]
[:mouse_move, 301, 56, 2, 21, 131]
[:mouse_move, 299, 54, 2, 22, 132]
[:mouse_move, 298, 54, 2, 23, 133]
[:mouse_move, 297, 52, 2, 24, 134]
[:mouse_move, 297, 51, 2, 25, 135]
[:mouse_move, 295, 48, 2, 26, 136]
[:mouse_move, 294, 46, 2, 27, 137]
[:mouse_move, 291, 43, 2, 28, 138]
[:mouse_move, 290, 42, 2, 29, 139]
[:mouse_move, 289, 40, 2, 30, 140]
[:mouse_move, 288, 39, 2, 31, 141]
[:mouse_move, 289, 39, 2, 32, 145]
[:mouse_move, 299, 39, 2, 33, 146]
[:mouse_move, 308, 40, 2, 34, 147]
[:mouse_move, 337, 41, 2, 35, 148]
[:mouse_move, 344, 41, 2, 36, 149]
[:mouse_move, 360, 41, 2, 37, 150]
[:mouse_move, 367, 41, 2, 38, 151]
[:mouse_move, 375, 41, 2, 39, 152]
[:mouse_move, 377, 40, 2, 40, 153]
[:mouse_move, 378, 40, 2, 41, 154]
[:mouse_move, 379, 40, 2, 42, 155]
[:mouse_move, 380, 46, 2, 43, 165]
[:mouse_move, 383, 54, 2, 44, 166]
[:mouse_move, 393, 90, 2, 45, 167]
[:mouse_move, 408, 132, 2, 46, 168]
[:mouse_move, 444, 221, 2, 47, 169]
[:mouse_move, 470, 282, 2, 48, 170]
[:mouse_move, 533, 412, 2, 49, 171]
[:mouse_move, 548, 439, 2, 50, 172]
[:mouse_move, 585, 507, 2, 51, 173]
[:mouse_move, 592, 518, 2, 52, 174]
[:mouse_move, 590, 518, 2, 53, 184]
[:mouse_move, 584, 518, 2, 54, 185]
[:mouse_move, 572, 513, 2, 55, 186]
[:mouse_move, 564, 507, 2, 56, 187]
[:mouse_move, 548, 491, 2, 57, 188]
[:mouse_move, 541, 483, 2, 58, 189]
[:mouse_move, 523, 464, 2, 59, 190]
[:mouse_move, 518, 459, 2, 60, 191]
[:mouse_move, 502, 441, 2, 61, 192]
[:mouse_move, 496, 434, 2, 62, 193]
[:mouse_move, 488, 424, 2, 63, 194]
[:mouse_move, 484, 420, 2, 64, 195]
[:mouse_move, 479, 414, 2, 65, 196]
[:mouse_move, 478, 413, 2, 66, 197]
[:mouse_move, 476, 411, 2, 67, 198]
[:mouse_move, 475, 410, 2, 68, 199]
[:mouse_move, 475, 408, 2, 69, 200]
[:mouse_move, 474, 408, 2, 70, 202]
[:mouse_move, 474, 407, 2, 71, 204]
[:mouse_move, 476, 407, 2, 72, 205]
[:mouse_move, 481, 406, 2, 73, 206]
[:mouse_move, 487, 406, 2, 74, 207]
[:mouse_move, 501, 405, 2, 75, 208]
[:mouse_move, 511, 405, 2, 76, 209]
[:mouse_move, 519, 405, 2, 77, 210]
[:mouse_move, 540, 405, 2, 78, 211]
[:mouse_move, 545, 405, 2, 79, 212]
[:mouse_move, 564, 405, 2, 80, 213]
[:mouse_move, 578, 405, 2, 81, 214]
[:mouse_move, 592, 405, 2, 82, 215]
[:mouse_move, 600, 405, 2, 83, 216]
[:mouse_move, 613, 405, 2, 84, 217]
[:mouse_move, 618, 406, 2, 85, 218]
[:mouse_move, 628, 407, 2, 86, 219]
[:mouse_move, 632, 407, 2, 87, 220]
[:mouse_move, 642, 408, 2, 88, 221]
[:mouse_move, 647, 408, 2, 89, 222]
[:mouse_move, 658, 409, 2, 90, 223]
[:mouse_move, 664, 409, 2, 91, 224]
[:mouse_move, 676, 409, 2, 92, 225]
[:mouse_move, 682, 409, 2, 93, 226]
[:mouse_move, 696, 409, 2, 94, 227]
[:mouse_move, 703, 409, 2, 95, 228]
[:mouse_move, 724, 409, 2, 96, 229]
[:mouse_move, 732, 409, 2, 97, 230]
[:mouse_move, 745, 409, 2, 98, 231]
[:mouse_move, 754, 409, 2, 99, 232]
[:mouse_move, 770, 410, 2, 100, 233]
[:mouse_move, 777, 410, 2, 101, 234]
[:mouse_move, 789, 410, 2, 102, 235]
[:mouse_move, 791, 410, 2, 103, 236]
[:mouse_move, 795, 410, 2, 104, 237]
[:mouse_move, 802, 410, 2, 105, 238]
[:mouse_move, 804, 410, 2, 106, 239]
[:mouse_move, 806, 410, 2, 107, 240]
[:mouse_move, 807, 410, 2, 108, 241]
[:mouse_move, 808, 410, 2, 109, 244]
[:key_down_raw, 1073741903, 0, 2, 110, 371]
[:key_up_raw, 1073741903, 0, 2, 111, 381]
[:key_down_raw, 1073741906, 0, 2, 112, 428]
[:key_up_raw, 1073741906, 0, 2, 113, 437]
[:key_down_raw, 1073741904, 0, 2, 114, 459]
[:key_up_raw, 1073741904, 0, 2, 115, 468]
[:key_down_raw, 1073741905, 0, 2, 116, 495]
[:key_up_raw, 1073741905, 0, 2, 117, 504]
[:key_down_raw, 1073741904, 0, 2, 118, 521]
[:key_up_raw, 1073741904, 0, 2, 119, 529]
[:key_down_raw, 1073741906, 0, 2, 120, 631]
[:key_up_raw, 1073741906, 0, 2, 121, 640]
[:key_down_raw, 1073741903, 0, 2, 122, 673]
[:key_up_raw, 1073741903, 0, 2, 123, 683]
[:key_down_raw, 1073741906, 0, 2, 124, 697]
[:key_up_raw, 1073741906, 0, 2, 125, 704]
[:key_down_raw, 1073741903, 0, 2, 126, 739]
[:key_up_raw, 1073741903, 0, 2, 127, 747]
[:key_down_raw, 1073741906, 0, 2, 128, 767]
[:key_up_raw, 1073741906, 0, 2, 129, 773]
[:key_down_raw, 1073741903, 0, 2, 130, 776]
[:key_up_raw, 1073741903, 0, 2, 131, 784]
[:key_down_raw, 1073741905, 0, 2, 132, 880]
[:key_up_raw, 1073741905, 0, 2, 133, 887]
[:key_down_raw, 1073741904, 0, 2, 134, 960]
[:key_up_raw, 1073741904, 0, 2, 135, 967]
[:key_down_raw, 1073741905, 0, 2, 136, 980]
[:key_up_raw, 1073741905, 0, 2, 137, 987]
[:key_down_raw, 1073741903, 0, 2, 138, 1013]
[:key_up_raw, 1073741903, 0, 2, 139, 1022]
[:key_down_raw, 1073742051, 1024, 2, 140, 1146]
[:key_down_raw, 113, 1024, 2, 141, 1146]
