replay_version 2.0
stopped_at 1099
seed 100
recorded_at 2023-04-08 02:01:58 -0500
[:mouse_button_up, 1, 0, 1, 1, 5]
[:mouse_move, 918, 137, 2, 2, 22]
[:mouse_move, 920, 141, 2, 3, 23]
[:mouse_move, 924, 148, 2, 4, 24]
[:mouse_move, 926, 152, 2, 5, 25]
[:mouse_move, 934, 171, 2, 6, 26]
[:key_down_raw, 1073741903, 0, 2, 7, 74]
[:key_down_raw, 1073741903, 0, 2, 8, 89]
[:key_down_raw, 1073741903, 0, 2, 9, 91]
[:key_down_raw, 1073741903, 0, 2, 10, 93]
[:key_down_raw, 1073741903, 0, 2, 11, 95]
[:key_down_raw, 1073741903, 0, 2, 12, 97]
[:key_down_raw, 1073741903, 0, 2, 13, 99]
[:key_down_raw, 1073741903, 0, 2, 14, 101]
[:key_down_raw, 1073741903, 0, 2, 15, 103]
[:key_down_raw, 1073741903, 0, 2, 16, 105]
[:key_down_raw, 1073741903, 0, 2, 17, 107]
[:key_down_raw, 1073741903, 0, 2, 18, 109]
[:key_down_raw, 1073741903, 0, 2, 19, 111]
[:key_down_raw, 1073741903, 0, 2, 20, 113]
[:key_down_raw, 1073741903, 0, 2, 21, 115]
[:key_down_raw, 1073741903, 0, 2, 22, 117]
[:key_down_raw, 1073741903, 0, 2, 23, 119]
[:key_down_raw, 1073741903, 0, 2, 24, 121]
[:key_down_raw, 1073741903, 0, 2, 25, 123]
[:key_down_raw, 1073741903, 0, 2, 26, 125]
[:key_down_raw, 1073741903, 0, 2, 27, 127]
[:key_down_raw, 1073741903, 0, 2, 28, 129]
[:key_down_raw, 1073741903, 0, 2, 29, 131]
[:key_down_raw, 1073741903, 0, 2, 30, 133]
[:key_down_raw, 1073741903, 0, 2, 31, 135]
[:key_down_raw, 1073741903, 0, 2, 32, 137]
[:key_down_raw, 1073741903, 0, 2, 33, 139]
[:key_down_raw, 1073741903, 0, 2, 34, 141]
[:key_down_raw, 1073741903, 0, 2, 35, 143]
[:key_down_raw, 1073741903, 0, 2, 36, 145]
[:key_down_raw, 1073741903, 0, 2, 37, 147]
[:key_down_raw, 1073741903, 0, 2, 38, 149]
[:key_down_raw, 1073741903, 0, 2, 39, 151]
[:key_down_raw, 1073741903, 0, 2, 40, 153]
[:key_down_raw, 1073741903, 0, 2, 41, 155]
[:key_down_raw, 1073741903, 0, 2, 42, 157]
[:key_down_raw, 1073741903, 0, 2, 43, 159]
[:key_down_raw, 1073741903, 0, 2, 44, 161]
[:key_down_raw, 1073741903, 0, 2, 45, 163]
[:key_down_raw, 1073741903, 0, 2, 46, 165]
[:key_down_raw, 1073741903, 0, 2, 47, 167]
[:key_down_raw, 1073741903, 0, 2, 48, 169]
[:key_down_raw, 1073741903, 0, 2, 49, 171]
[:key_down_raw, 1073741903, 0, 2, 50, 173]
[:key_down_raw, 1073741903, 0, 2, 51, 175]
[:key_down_raw, 1073741903, 0, 2, 52, 177]
[:key_down_raw, 1073741903, 0, 2, 53, 179]
[:key_down_raw, 1073741903, 0, 2, 54, 181]
[:key_down_raw, 1073741903, 0, 2, 55, 183]
[:key_down_raw, 1073741903, 0, 2, 56, 185]
[:key_down_raw, 1073741903, 0, 2, 57, 187]
[:key_down_raw, 1073741903, 0, 2, 58, 189]
[:key_down_raw, 1073741903, 0, 2, 59, 191]
[:key_down_raw, 1073741903, 0, 2, 60, 193]
[:key_down_raw, 1073741903, 0, 2, 61, 195]
[:key_down_raw, 1073741903, 0, 2, 62, 197]
[:key_down_raw, 1073741903, 0, 2, 63, 199]
[:key_down_raw, 1073741903, 0, 2, 64, 201]
[:key_down_raw, 1073741903, 0, 2, 65, 203]
[:key_down_raw, 1073741903, 0, 2, 66, 205]
[:key_down_raw, 1073741903, 0, 2, 67, 207]
[:key_down_raw, 1073741903, 0, 2, 68, 209]
[:key_down_raw, 1073741903, 0, 2, 69, 211]
[:key_down_raw, 1073741903, 0, 2, 70, 213]
[:key_down_raw, 1073741903, 0, 2, 71, 215]
[:key_down_raw, 1073741903, 0, 2, 72, 217]
[:key_down_raw, 1073741903, 0, 2, 73, 219]
[:key_down_raw, 1073741903, 0, 2, 74, 221]
[:key_down_raw, 1073741903, 0, 2, 75, 223]
[:key_down_raw, 1073741903, 0, 2, 76, 225]
[:key_down_raw, 1073741903, 0, 2, 77, 227]
[:key_up_raw, 1073741903, 0, 2, 78, 229]
[:key_down_raw, 32, 0, 2, 79, 236]
[:key_up_raw, 32, 0, 2, 80, 240]
[:key_down_raw, 1073741903, 0, 2, 81, 261]
[:key_down_raw, 1073741903, 0, 2, 82, 276]
[:key_down_raw, 1073741903, 0, 2, 83, 279]
[:key_down_raw, 1073741903, 0, 2, 84, 281]
[:key_down_raw, 1073741903, 0, 2, 85, 283]
[:key_down_raw, 1073741903, 0, 2, 86, 285]
[:key_down_raw, 1073741903, 0, 2, 87, 287]
[:key_down_raw, 1073741903, 0, 2, 88, 289]
[:key_down_raw, 1073741903, 0, 2, 89, 291]
[:key_down_raw, 1073741903, 0, 2, 90, 293]
[:key_down_raw, 1073741903, 0, 2, 91, 295]
[:key_down_raw, 1073741903, 0, 2, 92, 297]
[:key_down_raw, 1073741903, 0, 2, 93, 299]
[:key_down_raw, 1073741903, 0, 2, 94, 301]
[:key_down_raw, 1073741903, 0, 2, 95, 303]
[:key_down_raw, 1073741903, 0, 2, 96, 305]
[:key_down_raw, 1073741903, 0, 2, 97, 307]
[:key_down_raw, 1073741903, 0, 2, 98, 309]
[:key_down_raw, 1073741903, 0, 2, 99, 311]
[:key_down_raw, 1073741903, 0, 2, 100, 313]
[:key_down_raw, 1073741903, 0, 2, 101, 315]
[:key_down_raw, 1073741903, 0, 2, 102, 317]
[:key_down_raw, 1073741903, 0, 2, 103, 319]
[:key_down_raw, 1073741903, 0, 2, 104, 321]
[:key_down_raw, 1073741903, 0, 2, 105, 323]
[:key_down_raw, 1073741903, 0, 2, 106, 325]
[:key_down_raw, 1073741903, 0, 2, 107, 327]
[:key_down_raw, 1073741903, 0, 2, 108, 329]
[:key_down_raw, 1073741903, 0, 2, 109, 331]
[:key_down_raw, 1073741903, 0, 2, 110, 333]
[:key_down_raw, 1073741903, 0, 2, 111, 335]
[:key_down_raw, 1073741903, 0, 2, 112, 337]
[:key_down_raw, 1073741903, 0, 2, 113, 339]
[:key_down_raw, 1073741903, 0, 2, 114, 341]
[:key_down_raw, 1073741903, 0, 2, 115, 343]
[:key_down_raw, 1073741903, 0, 2, 116, 345]
[:key_down_raw, 1073741903, 0, 2, 117, 347]
[:key_down_raw, 1073741903, 0, 2, 118, 349]
[:key_down_raw, 1073741903, 0, 2, 119, 351]
[:key_down_raw, 1073741903, 0, 2, 120, 353]
[:key_down_raw, 1073741903, 0, 2, 121, 355]
[:key_down_raw, 1073741903, 0, 2, 122, 357]
[:key_down_raw, 1073741903, 0, 2, 123, 359]
[:key_down_raw, 1073741903, 0, 2, 124, 361]
[:key_down_raw, 1073741903, 0, 2, 125, 363]
[:key_down_raw, 1073741903, 0, 2, 126, 365]
[:key_down_raw, 1073741903, 0, 2, 127, 367]
[:key_down_raw, 1073741903, 0, 2, 128, 369]
[:key_down_raw, 1073741903, 0, 2, 129, 372]
[:key_down_raw, 1073741903, 0, 2, 130, 373]
[:key_down_raw, 1073741903, 0, 2, 131, 375]
[:key_down_raw, 1073741903, 0, 2, 132, 377]
[:key_down_raw, 1073741903, 0, 2, 133, 379]
[:key_down_raw, 1073741903, 0, 2, 134, 381]
[:key_down_raw, 1073741903, 0, 2, 135, 383]
[:key_down_raw, 1073741903, 0, 2, 136, 385]
[:key_down_raw, 1073741903, 0, 2, 137, 387]
[:key_down_raw, 1073741903, 0, 2, 138, 389]
[:key_down_raw, 1073741903, 0, 2, 139, 391]
[:key_down_raw, 1073741903, 0, 2, 140, 393]
[:key_down_raw, 1073741903, 0, 2, 141, 395]
[:key_down_raw, 1073741903, 0, 2, 142, 397]
[:key_down_raw, 1073741903, 0, 2, 143, 399]
[:key_down_raw, 1073741903, 0, 2, 144, 401]
[:key_down_raw, 1073741903, 0, 2, 145, 403]
[:key_down_raw, 1073741903, 0, 2, 146, 405]
[:key_down_raw, 1073741903, 0, 2, 147, 407]
[:key_down_raw, 1073741903, 0, 2, 148, 409]
[:key_down_raw, 1073741903, 0, 2, 149, 411]
[:key_down_raw, 1073741903, 0, 2, 150, 413]
[:key_down_raw, 1073741903, 0, 2, 151, 415]
[:key_down_raw, 1073741903, 0, 2, 152, 417]
[:key_down_raw, 1073741903, 0, 2, 153, 419]
[:key_down_raw, 1073741903, 0, 2, 154, 421]
[:key_down_raw, 1073741903, 0, 2, 155, 423]
[:key_down_raw, 1073741903, 0, 2, 156, 425]
[:key_down_raw, 1073741903, 0, 2, 157, 427]
[:key_down_raw, 1073741903, 0, 2, 158, 429]
[:key_down_raw, 1073741903, 0, 2, 159, 431]
[:key_down_raw, 1073741903, 0, 2, 160, 433]
[:key_down_raw, 1073741903, 0, 2, 161, 435]
[:key_down_raw, 1073741903, 0, 2, 162, 437]
[:key_down_raw, 1073741903, 0, 2, 163, 439]
[:key_down_raw, 1073741903, 0, 2, 164, 441]
[:key_down_raw, 1073741903, 0, 2, 165, 443]
[:key_down_raw, 1073741903, 0, 2, 166, 445]
[:key_down_raw, 1073741903, 0, 2, 167, 447]
[:key_down_raw, 1073741903, 0, 2, 168, 449]
[:key_up_raw, 1073741903, 0, 2, 169, 451]
[:key_down_raw, 32, 0, 2, 170, 457]
[:key_up_raw, 32, 0, 2, 171, 460]
[:key_down_raw, 45, 0, 2, 172, 486]
[:key_down_raw, 45, 0, 2, 173, 502]
[:key_down_raw, 45, 0, 2, 174, 504]
[:key_down_raw, 45, 0, 2, 175, 506]
[:key_down_raw, 45, 0, 2, 176, 508]
[:key_down_raw, 45, 0, 2, 177, 510]
[:key_down_raw, 45, 0, 2, 178, 512]
[:key_down_raw, 45, 0, 2, 179, 514]
[:key_down_raw, 45, 0, 2, 180, 516]
[:key_down_raw, 45, 0, 2, 181, 518]
[:key_down_raw, 45, 0, 2, 182, 520]
[:key_down_raw, 45, 0, 2, 183, 522]
[:key_down_raw, 45, 0, 2, 184, 524]
[:key_up_raw, 45, 0, 2, 185, 524]
[:key_down_raw, 32, 0, 2, 186, 537]
[:key_up_raw, 32, 0, 2, 187, 541]
[:key_down_raw, 32, 0, 2, 188, 565]
[:key_up_raw, 32, 0, 2, 189, 570]
[:key_down_raw, 1073742049, 1, 2, 190, 592]
[:key_down_raw, 61, 1, 2, 191, 592]
[:key_down_raw, 61, 1, 2, 192, 607]
[:key_down_raw, 61, 1, 2, 193, 609]
[:key_down_raw, 61, 1, 2, 194, 611]
[:key_down_raw, 61, 1, 2, 195, 613]
[:key_down_raw, 61, 1, 2, 196, 615]
[:key_down_raw, 61, 1, 2, 197, 617]
[:key_down_raw, 61, 1, 2, 198, 619]
[:key_down_raw, 61, 1, 2, 199, 621]
[:key_down_raw, 61, 1, 2, 200, 623]
[:key_down_raw, 61, 1, 2, 201, 625]
[:key_down_raw, 61, 1, 2, 202, 627]
[:key_down_raw, 61, 1, 2, 203, 629]
[:key_down_raw, 61, 1, 2, 204, 631]
[:key_down_raw, 61, 1, 2, 205, 633]
[:key_down_raw, 61, 1, 2, 206, 635]
[:key_down_raw, 61, 1, 2, 207, 637]
[:key_down_raw, 61, 1, 2, 208, 639]
[:key_down_raw, 61, 1, 2, 209, 641]
[:key_down_raw, 61, 1, 2, 210, 643]
[:key_up_raw, 1073742049, 0, 2, 211, 644]
[:key_down_raw, 61, 0, 2, 212, 645]
[:key_up_raw, 61, 0, 2, 213, 645]
[:key_down_raw, 32, 0, 2, 214, 660]
[:key_up_raw, 32, 0, 2, 215, 665]
[:key_down_raw, 32, 0, 2, 216, 694]
[:key_up_raw, 32, 0, 2, 217, 699]
[:key_down_raw, 45, 0, 2, 218, 758]
[:key_up_raw, 45, 0, 2, 219, 765]
[:key_down_raw, 1073742049, 1, 2, 220, 789]
[:key_down_raw, 61, 1, 2, 221, 790]
[:key_up_raw, 61, 1, 2, 222, 795]
[:key_up_raw, 1073742049, 0, 2, 223, 796]
[:key_down_raw, 45, 0, 2, 224, 846]
[:key_down_raw, 45, 0, 2, 225, 862]
[:key_down_raw, 45, 0, 2, 226, 864]
[:key_down_raw, 45, 0, 2, 227, 866]
[:key_down_raw, 45, 0, 2, 228, 868]
[:key_down_raw, 45, 0, 2, 229, 870]
[:key_down_raw, 45, 0, 2, 230, 871]
[:key_down_raw, 45, 0, 2, 231, 874]
[:key_down_raw, 45, 0, 2, 232, 876]
[:key_down_raw, 45, 0, 2, 233, 878]
[:key_down_raw, 45, 0, 2, 234, 880]
[:key_down_raw, 45, 0, 2, 235, 882]
[:key_down_raw, 45, 0, 2, 236, 884]
[:key_down_raw, 45, 0, 2, 237, 886]
[:key_down_raw, 45, 0, 2, 238, 888]
[:key_down_raw, 45, 0, 2, 239, 890]
[:key_down_raw, 45, 0, 2, 240, 892]
[:key_down_raw, 45, 0, 2, 241, 894]
[:key_down_raw, 45, 0, 2, 242, 896]
[:key_down_raw, 45, 0, 2, 243, 898]
[:key_down_raw, 45, 0, 2, 244, 900]
[:key_down_raw, 45, 0, 2, 245, 902]
[:key_down_raw, 45, 0, 2, 246, 903]
[:key_down_raw, 45, 0, 2, 247, 906]
[:key_down_raw, 45, 0, 2, 248, 908]
[:key_down_raw, 45, 0, 2, 249, 910]
[:key_down_raw, 45, 0, 2, 250, 912]
[:key_up_raw, 45, 0, 2, 251, 912]
[:key_down_raw, 32, 0, 2, 252, 943]
[:key_up_raw, 32, 0, 2, 253, 948]
[:key_down_raw, 32, 0, 2, 254, 975]
[:key_up_raw, 32, 0, 2, 255, 980]
[:key_down_raw, 45, 0, 2, 256, 1006]
[:key_down_raw, 45, 0, 2, 257, 1021]
[:key_down_raw, 45, 0, 2, 258, 1023]
[:key_down_raw, 45, 0, 2, 259, 1025]
[:key_down_raw, 45, 0, 2, 260, 1027]
[:key_down_raw, 45, 0, 2, 261, 1029]
[:key_down_raw, 45, 0, 2, 262, 1031]
[:key_up_raw, 45, 0, 2, 263, 1032]
[:key_down_raw, 96, 0, 2, 264, 1044]
[:key_up_raw, 96, 0, 2, 265, 1050]
[:key_down_raw, 13, 0, 2, 266, 1099]
