replay_version 2.0
stopped_at 1360
seed 100
recorded_at Sun Sep 29 22:19:52 2019
[:mouse_move, 1084, 546, 2, 1, 72]
[:mouse_move, 1074, 545, 2, 2, 73]
[:mouse_move, 1022, 539, 2, 3, 74]
[:mouse_move, 984, 535, 2, 4, 75]
[:mouse_move, 885, 523, 2, 5, 76]
[:mouse_move, 862, 521, 2, 6, 77]
[:mouse_move, 755, 515, 2, 7, 78]
[:mouse_move, 712, 515, 2, 8, 79]
[:mouse_move, 660, 515, 2, 9, 80]
[:mouse_move, 629, 516, 2, 10, 81]
[:mouse_move, 579, 524, 2, 11, 82]
[:mouse_move, 558, 530, 2, 12, 83]
[:mouse_move, 518, 543, 2, 13, 84]
[:mouse_move, 500, 550, 2, 14, 85]
[:mouse_move, 467, 562, 2, 15, 86]
[:mouse_move, 454, 567, 2, 16, 87]
[:mouse_move, 439, 573, 2, 17, 88]
[:mouse_move, 431, 577, 2, 18, 89]
[:mouse_move, 412, 586, 2, 19, 90]
[:mouse_move, 404, 589, 2, 20, 91]
[:mouse_move, 384, 597, 2, 21, 92]
[:mouse_move, 371, 601, 2, 22, 93]
[:mouse_move, 358, 605, 2, 23, 94]
[:mouse_move, 341, 611, 2, 24, 95]
[:mouse_move, 330, 615, 2, 25, 96]
[:mouse_move, 311, 622, 2, 26, 97]
[:mouse_move, 302, 625, 2, 27, 98]
[:mouse_move, 280, 635, 2, 28, 99]
[:mouse_move, 274, 637, 2, 29, 100]
[:mouse_move, 261, 642, 2, 30, 101]
[:mouse_move, 256, 642, 2, 31, 119]
[:mouse_move, 255, 641, 2, 32, 120]
[:mouse_move, 252, 641, 2, 33, 121]
[:mouse_move, 248, 640, 2, 34, 122]
[:mouse_move, 243, 639, 2, 35, 123]
[:mouse_move, 240, 637, 2, 36, 124]
[:mouse_move, 238, 636, 2, 37, 125]
[:mouse_move, 235, 634, 2, 38, 126]
[:mouse_move, 234, 633, 2, 39, 127]
[:mouse_move, 230, 631, 2, 40, 128]
[:mouse_move, 230, 630, 2, 41, 129]
[:mouse_move, 225, 628, 2, 42, 130]
[:mouse_move, 223, 628, 2, 43, 131]
[:mouse_move, 216, 626, 2, 44, 132]
[:mouse_move, 212, 626, 2, 45, 133]
[:mouse_move, 203, 626, 2, 46, 134]
[:mouse_move, 198, 626, 2, 47, 135]
[:mouse_move, 188, 626, 2, 48, 136]
[:mouse_move, 183, 626, 2, 49, 137]
[:mouse_move, 173, 626, 2, 50, 138]
[:mouse_move, 171, 626, 2, 51, 139]
[:mouse_move, 165, 625, 2, 52, 140]
[:mouse_move, 163, 625, 2, 53, 141]
[:mouse_move, 161, 624, 2, 54, 142]
[:mouse_move, 160, 624, 2, 55, 143]
[:mouse_move, 160, 623, 2, 56, 144]
[:mouse_move, 158, 622, 2, 57, 147]
[:mouse_move, 157, 621, 2, 58, 148]
[:mouse_move, 149, 618, 2, 59, 149]
[:mouse_move, 145, 616, 2, 60, 150]
[:mouse_move, 135, 613, 2, 61, 151]
[:mouse_move, 132, 612, 2, 62, 152]
[:mouse_move, 125, 610, 2, 63, 153]
[:mouse_move, 122, 609, 2, 64, 154]
[:mouse_move, 114, 608, 2, 65, 155]
[:mouse_move, 111, 608, 2, 66, 156]
[:mouse_move, 107, 608, 2, 67, 157]
[:mouse_move, 104, 608, 2, 68, 158]
[:mouse_move, 99, 608, 2, 69, 159]
[:mouse_move, 95, 608, 2, 70, 160]
[:mouse_move, 89, 607, 2, 71, 161]
[:mouse_move, 85, 607, 2, 72, 162]
[:mouse_move, 75, 605, 2, 73, 163]
[:mouse_move, 70, 604, 2, 74, 164]
[:mouse_move, 60, 602, 2, 75, 165]
[:mouse_move, 55, 601, 2, 76, 166]
[:mouse_move, 48, 599, 2, 77, 167]
[:mouse_move, 44, 598, 2, 78, 168]
[:mouse_move, 35, 595, 2, 79, 169]
[:mouse_move, 35, 598, 2, 80, 190]
[:mouse_move, 35, 601, 2, 81, 191]
[:mouse_move, 34, 608, 2, 82, 192]
[:mouse_move, 33, 613, 2, 83, 193]
[:mouse_move, 32, 625, 2, 84, 194]
[:mouse_move, 31, 630, 2, 85, 195]
[:mouse_move, 29, 636, 2, 86, 196]
[:mouse_move, 29, 640, 2, 87, 197]
[:mouse_move, 27, 645, 2, 88, 198]
[:mouse_move, 26, 647, 2, 89, 199]
[:mouse_move, 25, 650, 2, 90, 200]
[:mouse_move, 24, 657, 2, 91, 201]
[:mouse_move, 24, 661, 2, 92, 202]
[:mouse_move, 23, 672, 2, 93, 203]
[:mouse_move, 23, 678, 2, 94, 204]
[:mouse_move, 23, 684, 2, 95, 205]
[:mouse_move, 23, 689, 2, 96, 219]
[:mouse_move, 22, 692, 2, 97, 220]
[:mouse_move, 22, 697, 2, 98, 221]
[:mouse_move, 22, 699, 2, 99, 222]
[:mouse_move, 20, 705, 2, 100, 223]
[:mouse_move, 20, 707, 2, 101, 224]
[:mouse_move, 19, 709, 2, 102, 225]
[:mouse_move, 19, 710, 2, 103, 226]
[:mouse_move, 18, 711, 2, 104, 228]
[:mouse_move, 17, 712, 2, 105, 229]
[:mouse_move, 16, 712, 2, 106, 230]
[:mouse_move, 15, 712, 2, 107, 231]
[:mouse_move, 14, 713, 2, 108, 232]
[:mouse_move, 13, 714, 2, 109, 233]
[:mouse_move, 12, 714, 2, 110, 234]
[:mouse_move, 10, 715, 2, 111, 236]
[:mouse_move, 8, 715, 2, 112, 238]
[:mouse_move, 6, 715, 2, 113, 240]
[:mouse_move, 5, 715, 2, 114, 241]
[:mouse_move, 4, 714, 2, 115, 242]
[:mouse_move, 3, 713, 2, 116, 243]
[:mouse_move, 3, 712, 2, 117, 244]
[:mouse_move, 2, 712, 2, 118, 245]
[:mouse_move, 2, 711, 2, 119, 246]
[:mouse_move, 2, 710, 2, 120, 249]
[:mouse_move, 2, 709, 2, 121, 261]
[:mouse_move, 3, 709, 2, 122, 262]
[:mouse_move, 3, 710, 2, 123, 275]
[:mouse_move, 4, 710, 2, 124, 292]
[:mouse_move, 5, 710, 2, 125, 296]
[:mouse_move, 6, 710, 2, 126, 302]
[:mouse_move, 5, 710, 2, 127, 336]
[:mouse_move, 5, 711, 2, 128, 339]
[:mouse_move, 4, 711, 2, 129, 342]
[:mouse_move, 3, 711, 2, 130, 347]
[:mouse_move, 3, 712, 2, 131, 350]
[:mouse_move, 3, 713, 2, 132, 355]
[:mouse_move, 3, 714, 2, 133, 359]
[:mouse_move, 9, 713, 2, 134, 394]
[:mouse_move, 19, 712, 2, 135, 395]
[:mouse_move, 24, 711, 2, 136, 396]
[:mouse_move, 30, 711, 2, 137, 397]
[:mouse_move, 41, 710, 2, 138, 398]
[:mouse_move, 46, 710, 2, 139, 399]
[:mouse_move, 55, 710, 2, 140, 400]
[:mouse_move, 57, 710, 2, 141, 401]
[:mouse_move, 63, 709, 2, 142, 402]
[:mouse_move, 66, 709, 2, 143, 403]
[:mouse_move, 69, 709, 2, 144, 404]
[:mouse_move, 70, 708, 2, 145, 405]
[:mouse_move, 71, 708, 2, 146, 406]
[:mouse_move, 72, 708, 2, 147, 408]
[:mouse_move, 73, 707, 2, 148, 410]
[:mouse_move, 74, 707, 2, 149, 413]
[:mouse_move, 75, 707, 2, 150, 414]
[:mouse_move, 75, 706, 2, 151, 415]
[:mouse_move, 76, 706, 2, 152, 416]
[:mouse_move, 77, 706, 2, 153, 417]
[:mouse_move, 78, 705, 2, 154, 420]
[:mouse_button_pressed, 1, 0, 1, 155, 433]
[:mouse_button_up, 1, 0, 1, 156, 439]
[:mouse_move, 86, 704, 2, 157, 464]
[:mouse_move, 95, 702, 2, 158, 465]
[:mouse_move, 117, 697, 2, 159, 466]
[:mouse_move, 144, 690, 2, 160, 467]
[:mouse_move, 210, 668, 2, 161, 468]
[:mouse_move, 246, 654, 2, 162, 469]
[:mouse_move, 319, 621, 2, 163, 470]
[:mouse_move, 352, 605, 2, 164, 471]
[:mouse_move, 384, 590, 2, 165, 472]
[:mouse_move, 423, 571, 2, 166, 473]
[:mouse_move, 442, 562, 2, 167, 474]
[:mouse_move, 473, 544, 2, 168, 475]
[:mouse_move, 484, 535, 2, 169, 476]
[:mouse_move, 497, 523, 2, 170, 477]
[:mouse_move, 505, 516, 2, 171, 478]
[:mouse_move, 514, 505, 2, 172, 479]
[:mouse_move, 520, 500, 2, 173, 480]
[:mouse_move, 528, 490, 2, 174, 481]
[:mouse_move, 531, 486, 2, 175, 482]
[:mouse_move, 538, 479, 2, 176, 483]
[:mouse_move, 541, 475, 2, 177, 484]
[:mouse_move, 551, 461, 2, 178, 485]
[:mouse_move, 555, 453, 2, 179, 486]
[:mouse_move, 567, 432, 2, 180, 487]
[:mouse_move, 575, 421, 2, 181, 488]
[:mouse_move, 594, 392, 2, 182, 489]
[:mouse_move, 603, 380, 2, 183, 490]
[:mouse_move, 616, 363, 2, 184, 491]
[:mouse_move, 619, 360, 2, 185, 492]
[:mouse_move, 627, 351, 2, 186, 493]
[:mouse_move, 629, 349, 2, 187, 494]
[:mouse_move, 631, 349, 2, 188, 507]
[:mouse_move, 632, 350, 2, 189, 508]
[:mouse_move, 633, 350, 2, 190, 509]
[:mouse_move, 633, 351, 2, 191, 510]
[:mouse_move, 634, 351, 2, 192, 511]
[:mouse_move, 634, 352, 2, 193, 513]
[:mouse_move, 635, 353, 2, 194, 514]
[:mouse_move, 636, 354, 2, 195, 515]
[:mouse_move, 636, 356, 2, 196, 516]
[:mouse_move, 637, 356, 2, 197, 517]
[:mouse_move, 637, 357, 2, 198, 518]
[:mouse_move, 638, 357, 2, 199, 520]
[:mouse_move, 638, 358, 2, 200, 521]
[:mouse_move, 639, 358, 2, 201, 523]
[:mouse_move, 639, 359, 2, 202, 531]
[:mouse_move, 640, 359, 2, 203, 537]
[:mouse_move, 640, 360, 2, 204, 545]
[:mouse_move, 641, 360, 2, 205, 547]
[:mouse_move, 641, 361, 2, 206, 550]
[:mouse_move, 641, 360, 2, 207, 573]
[:mouse_move, 640, 360, 2, 208, 617]
[:mouse_move, 639, 360, 2, 209, 623]
[:mouse_move, 638, 360, 2, 210, 626]
[:mouse_move, 639, 360, 2, 211, 648]
[:mouse_move, 640, 360, 2, 212, 664]
[:mouse_move, 639, 360, 2, 213, 792]
[:mouse_move, 636, 361, 2, 214, 793]
[:mouse_move, 617, 369, 2, 215, 794]
[:mouse_move, 599, 375, 2, 216, 795]
[:mouse_move, 524, 405, 2, 217, 796]
[:mouse_move, 486, 421, 2, 218, 797]
[:mouse_move, 467, 431, 2, 219, 798]
[:mouse_move, 394, 468, 2, 220, 799]
[:mouse_move, 361, 484, 2, 221, 800]
[:mouse_move, 324, 502, 2, 222, 801]
[:mouse_move, 304, 512, 2, 223, 802]
[:mouse_move, 285, 522, 2, 224, 803]
[:mouse_move, 273, 528, 2, 225, 804]
[:mouse_move, 257, 536, 2, 226, 805]
[:mouse_move, 251, 538, 2, 227, 806]
[:mouse_move, 240, 543, 2, 228, 807]
[:mouse_move, 236, 545, 2, 229, 808]
[:mouse_move, 227, 549, 2, 230, 809]
[:mouse_move, 223, 551, 2, 231, 810]
[:mouse_move, 212, 557, 2, 232, 811]
[:mouse_move, 205, 560, 2, 233, 812]
[:mouse_move, 193, 565, 2, 234, 813]
[:mouse_move, 187, 568, 2, 235, 814]
[:mouse_move, 173, 574, 2, 236, 815]
[:mouse_move, 165, 577, 2, 237, 816]
[:mouse_move, 151, 583, 2, 238, 817]
[:mouse_move, 139, 590, 2, 239, 818]
[:mouse_move, 124, 600, 2, 240, 819]
[:mouse_move, 115, 606, 2, 241, 820]
[:mouse_move, 103, 617, 2, 242, 821]
[:mouse_move, 96, 623, 2, 243, 822]
[:mouse_move, 85, 636, 2, 244, 823]
[:mouse_move, 80, 641, 2, 245, 824]
[:mouse_move, 78, 644, 2, 246, 825]
[:mouse_move, 71, 653, 2, 247, 826]
[:mouse_move, 67, 659, 2, 248, 827]
[:mouse_move, 64, 665, 2, 249, 828]
[:mouse_move, 63, 668, 2, 250, 829]
[:mouse_move, 61, 672, 2, 251, 830]
[:mouse_move, 60, 675, 2, 252, 831]
[:mouse_move, 59, 678, 2, 253, 832]
[:mouse_move, 59, 680, 2, 254, 833]
[:mouse_move, 58, 682, 2, 255, 834]
[:mouse_move, 58, 683, 2, 256, 835]
[:mouse_move, 57, 684, 2, 257, 836]
[:mouse_move, 57, 685, 2, 258, 837]
[:mouse_move, 57, 686, 2, 259, 838]
[:mouse_move, 56, 686, 2, 260, 839]
[:mouse_move, 55, 687, 2, 261, 840]
[:mouse_move, 54, 688, 2, 262, 841]
[:mouse_move, 50, 689, 2, 263, 842]
[:mouse_move, 48, 689, 2, 264, 843]
[:mouse_move, 43, 690, 2, 265, 844]
[:mouse_move, 41, 691, 2, 266, 845]
[:mouse_move, 36, 692, 2, 267, 846]
[:mouse_move, 34, 692, 2, 268, 847]
[:mouse_move, 31, 693, 2, 269, 848]
[:mouse_move, 30, 693, 2, 270, 849]
[:mouse_move, 28, 694, 2, 271, 850]
[:mouse_move, 27, 694, 2, 272, 853]
[:mouse_move, 26, 695, 2, 273, 855]
[:mouse_move, 25, 696, 2, 274, 858]
[:mouse_move, 25, 697, 2, 275, 859]
[:mouse_move, 25, 698, 2, 276, 861]
[:mouse_move, 24, 699, 2, 277, 863]
[:mouse_move, 24, 700, 2, 278, 865]
[:mouse_move, 24, 701, 2, 279, 867]
[:mouse_move, 24, 702, 2, 280, 869]
[:mouse_move, 23, 703, 2, 281, 872]
[:mouse_move, 23, 704, 2, 282, 875]
[:mouse_move, 22, 704, 2, 283, 878]
[:mouse_move, 23, 704, 2, 284, 925]
[:mouse_move, 24, 703, 2, 285, 928]
[:mouse_move, 27, 702, 2, 286, 929]
[:mouse_move, 33, 699, 2, 287, 930]
[:mouse_move, 62, 686, 2, 288, 931]
[:mouse_move, 101, 668, 2, 289, 932]
[:mouse_move, 186, 626, 2, 290, 933]
[:mouse_move, 242, 597, 2, 291, 934]
[:mouse_move, 344, 544, 2, 292, 935]
[:mouse_move, 451, 486, 2, 293, 936]
[:mouse_move, 518, 450, 2, 294, 937]
[:mouse_move, 602, 404, 2, 295, 938]
[:mouse_move, 647, 378, 2, 296, 939]
[:mouse_move, 716, 337, 2, 297, 940]
[:mouse_move, 744, 321, 2, 298, 941]
[:mouse_move, 776, 300, 2, 299, 942]
[:mouse_move, 783, 295, 2, 300, 943]
[:mouse_move, 808, 276, 2, 301, 944]
[:mouse_move, 817, 268, 2, 302, 945]
[:mouse_move, 836, 248, 2, 303, 946]
[:mouse_move, 840, 244, 2, 304, 947]
[:mouse_move, 853, 229, 2, 305, 948]
[:mouse_move, 859, 223, 2, 306, 949]
[:mouse_move, 868, 214, 2, 307, 950]
[:mouse_move, 872, 211, 2, 308, 951]
[:mouse_move, 878, 206, 2, 309, 952]
[:mouse_move, 880, 205, 2, 310, 953]
[:mouse_move, 882, 204, 2, 311, 954]
[:mouse_move, 883, 204, 2, 312, 956]
[:mouse_move, 882, 208, 2, 313, 958]
[:mouse_move, 880, 211, 2, 314, 959]
[:mouse_move, 875, 219, 2, 315, 960]
[:mouse_move, 872, 223, 2, 316, 961]
[:mouse_move, 865, 231, 2, 317, 962]
[:mouse_move, 850, 243, 2, 318, 963]
[:mouse_move, 843, 249, 2, 319, 964]
[:mouse_move, 830, 260, 2, 320, 965]
[:mouse_move, 822, 265, 2, 321, 966]
[:mouse_move, 811, 276, 2, 322, 967]
[:mouse_move, 807, 281, 2, 323, 968]
[:mouse_move, 799, 290, 2, 324, 969]
[:mouse_move, 796, 295, 2, 325, 970]
[:mouse_move, 792, 303, 2, 326, 971]
[:mouse_move, 790, 307, 2, 327, 972]
[:mouse_move, 788, 313, 2, 328, 973]
[:mouse_move, 787, 316, 2, 329, 974]
[:mouse_move, 786, 318, 2, 330, 975]
[:mouse_move, 786, 319, 2, 331, 976]
[:mouse_move, 786, 320, 2, 332, 978]
[:mouse_move, 785, 320, 2, 333, 989]
[:mouse_move, 785, 321, 2, 334, 990]
[:mouse_move, 784, 322, 2, 335, 991]
[:mouse_move, 783, 324, 2, 336, 992]
[:mouse_move, 782, 325, 2, 337, 993]
[:mouse_move, 781, 326, 2, 338, 994]
[:mouse_move, 781, 327, 2, 339, 995]
[:mouse_button_pressed, 1, 0, 1, 340, 998]
[:mouse_button_up, 1, 0, 1, 341, 1006]
[:mouse_move, 771, 327, 2, 342, 1023]
[:mouse_move, 761, 330, 2, 343, 1024]
[:mouse_move, 704, 344, 2, 344, 1025]
[:mouse_move, 667, 355, 2, 345, 1026]
[:mouse_move, 578, 386, 2, 346, 1027]
[:mouse_move, 532, 407, 2, 347, 1028]
[:mouse_move, 468, 440, 2, 348, 1029]
[:mouse_move, 428, 462, 2, 349, 1030]
[:mouse_move, 360, 505, 2, 350, 1031]
[:mouse_move, 330, 523, 2, 351, 1032]
[:mouse_move, 296, 548, 2, 352, 1033]
[:mouse_move, 275, 564, 2, 353, 1034]
[:mouse_move, 239, 594, 2, 354, 1035]
[:mouse_move, 223, 609, 2, 355, 1036]
[:mouse_move, 194, 634, 2, 356, 1037]
[:mouse_move, 180, 647, 2, 357, 1038]
[:mouse_move, 155, 669, 2, 358, 1039]
[:mouse_move, 143, 680, 2, 359, 1040]
[:mouse_move, 135, 686, 2, 360, 1041]
[:mouse_move, 129, 690, 2, 361, 1042]
[:mouse_move, 119, 690, 2, 362, 1056]
[:mouse_move, 113, 690, 2, 363, 1057]
[:mouse_move, 94, 690, 2, 364, 1058]
[:mouse_move, 89, 690, 2, 365, 1059]
[:mouse_move, 72, 691, 2, 366, 1060]
[:mouse_move, 65, 691, 2, 367, 1061]
[:mouse_move, 57, 691, 2, 368, 1062]
[:mouse_move, 49, 691, 2, 369, 1063]
[:mouse_move, 41, 691, 2, 370, 1064]
[:mouse_move, 38, 691, 2, 371, 1065]
[:mouse_move, 33, 692, 2, 372, 1066]
[:mouse_move, 30, 693, 2, 373, 1067]
[:mouse_move, 22, 695, 2, 374, 1068]
[:mouse_move, 20, 697, 2, 375, 1069]
[:mouse_move, 17, 699, 2, 376, 1070]
[:mouse_move, 14, 702, 2, 377, 1071]
[:mouse_move, 12, 704, 2, 378, 1072]
[:mouse_move, 10, 706, 2, 379, 1073]
[:mouse_move, 9, 707, 2, 380, 1074]
[:mouse_move, 7, 710, 2, 381, 1075]
[:mouse_move, 6, 712, 2, 382, 1076]
[:mouse_move, 5, 714, 2, 383, 1077]
[:mouse_move, 5, 716, 2, 384, 1078]
[:mouse_move, 4, 718, 2, 385, 1079]
[:mouse_move, 4, 719, 2, 386, 1080]
[:mouse_move, 4, 719, 2, 387, 1081]
[:mouse_move, 5, 719, 2, 388, 1099]
[:mouse_move, 5, 718, 2, 389, 1099]
[:mouse_move, 6, 717, 2, 390, 1100]
[:mouse_move, 7, 715, 2, 391, 1101]
[:mouse_move, 7, 714, 2, 392, 1102]
[:mouse_move, 8, 713, 2, 393, 1103]
[:mouse_move, 9, 713, 2, 394, 1106]
[:mouse_move, 8, 713, 2, 395, 1118]
[:mouse_move, 20, 706, 2, 396, 1138]
[:mouse_move, 45, 692, 2, 397, 1139]
[:mouse_move, 77, 672, 2, 398, 1140]
[:mouse_move, 213, 586, 2, 399, 1141]
[:mouse_move, 285, 539, 2, 400, 1142]
[:mouse_move, 393, 465, 2, 401, 1143]
[:mouse_move, 460, 422, 2, 402, 1144]
[:mouse_move, 535, 375, 2, 403, 1145]
[:mouse_move, 577, 352, 2, 404, 1146]
[:mouse_move, 619, 330, 2, 405, 1147]
[:mouse_move, 642, 317, 2, 406, 1148]
[:mouse_move, 665, 304, 2, 407, 1149]
[:mouse_move, 678, 297, 2, 408, 1150]
[:mouse_move, 695, 287, 2, 409, 1151]
[:mouse_move, 702, 282, 2, 410, 1152]
[:mouse_move, 708, 280, 2, 411, 1153]
[:mouse_move, 713, 277, 2, 412, 1153]
[:mouse_move, 719, 275, 2, 413, 1154]
[:mouse_move, 724, 273, 2, 414, 1155]
[:mouse_move, 730, 272, 2, 415, 1155]
[:mouse_move, 735, 270, 2, 416, 1156]
[:mouse_move, 740, 269, 2, 417, 1157]
[:mouse_move, 746, 268, 2, 418, 1157]
[:mouse_move, 752, 266, 2, 419, 1158]
[:mouse_move, 763, 264, 2, 420, 1159]
[:mouse_move, 771, 261, 2, 421, 1159]
[:mouse_move, 779, 259, 2, 422, 1160]
[:mouse_move, 791, 255, 2, 423, 1161]
[:mouse_move, 812, 245, 2, 424, 1161]
[:mouse_move, 821, 241, 2, 425, 1162]
[:mouse_move, 837, 232, 2, 426, 1163]
[:mouse_move, 863, 214, 2, 427, 1163]
[:mouse_move, 872, 209, 2, 428, 1178]
[:mouse_move, 881, 203, 2, 429, 1179]
[:mouse_move, 890, 198, 2, 430, 1180]
[:mouse_move, 901, 192, 2, 431, 1180]
[:mouse_move, 913, 187, 2, 432, 1181]
[:mouse_move, 926, 181, 2, 433, 1182]
[:mouse_move, 950, 169, 2, 434, 1182]
[:mouse_move, 975, 157, 2, 435, 1183]
[:mouse_move, 986, 151, 2, 436, 1184]
[:mouse_move, 994, 147, 2, 437, 1184]
[:mouse_move, 1009, 138, 2, 438, 1185]
[:mouse_move, 1024, 129, 2, 439, 1186]
[:mouse_move, 1035, 122, 2, 440, 1186]
[:mouse_move, 1051, 110, 2, 441, 1187]
[:mouse_move, 1061, 104, 2, 442, 1188]
[:mouse_move, 1069, 98, 2, 443, 1188]
[:mouse_move, 1073, 95, 2, 444, 1189]
[:mouse_move, 1081, 90, 2, 445, 1190]
[:mouse_move, 1086, 86, 2, 446, 1190]
[:mouse_move, 1088, 84, 2, 447, 1191]
[:mouse_move, 1097, 79, 2, 448, 1192]
[:mouse_move, 1101, 76, 2, 449, 1192]
[:mouse_move, 1105, 74, 2, 450, 1193]
[:mouse_move, 1110, 73, 2, 451, 1194]
[:mouse_move, 1112, 72, 2, 452, 1194]
[:mouse_move, 1118, 70, 2, 453, 1195]
[:mouse_move, 1119, 70, 2, 454, 1196]
[:mouse_move, 1124, 68, 2, 455, 1197]
[:mouse_move, 1127, 67, 2, 456, 1198]
[:mouse_move, 1131, 66, 2, 457, 1199]
[:mouse_move, 1132, 65, 2, 458, 1200]
[:mouse_move, 1133, 64, 2, 459, 1201]
[:mouse_move, 1134, 64, 2, 460, 1201]
[:mouse_move, 1134, 63, 2, 461, 1203]
[:mouse_move, 1132, 62, 2, 462, 1204]
[:mouse_move, 1127, 62, 2, 463, 1205]
[:mouse_move, 1124, 62, 2, 464, 1206]
[:mouse_move, 1120, 62, 2, 465, 1207]
[:mouse_move, 1116, 62, 2, 466, 1207]
[:mouse_move, 1111, 62, 2, 467, 1208]
[:mouse_move, 1109, 62, 2, 468, 1209]
[:mouse_move, 1105, 62, 2, 469, 1209]
[:mouse_move, 1103, 63, 2, 470, 1210]
[:mouse_move, 1100, 63, 2, 471, 1211]
[:mouse_move, 1097, 64, 2, 472, 1211]
[:mouse_move, 1096, 64, 2, 473, 1212]
[:mouse_move, 1095, 65, 2, 474, 1213]
[:mouse_move, 1094, 65, 2, 475, 1213]
[:mouse_move, 1093, 65, 2, 476, 1214]
[:mouse_move, 1092, 65, 2, 477, 1216]
[:mouse_move, 1092, 64, 2, 478, 1217]
[:mouse_move, 1091, 63, 2, 479, 1218]
[:mouse_move, 1089, 61, 2, 480, 1219]
[:mouse_move, 1087, 60, 2, 481, 1219]
[:mouse_move, 1085, 59, 2, 482, 1220]
[:mouse_move, 1083, 58, 2, 483, 1221]
[:mouse_move, 1081, 57, 2, 484, 1221]
[:mouse_move, 1079, 56, 2, 485, 1222]
[:mouse_move, 1078, 55, 2, 486, 1223]
[:mouse_move, 1077, 54, 2, 487, 1223]
[:mouse_move, 1076, 54, 2, 488, 1224]
[:mouse_move, 1076, 53, 2, 489, 1225]
[:mouse_move, 1076, 52, 2, 490, 1226]
[:mouse_move, 1076, 51, 2, 491, 1227]
[:mouse_move, 1077, 51, 2, 492, 1228]
[:mouse_move, 1078, 50, 2, 493, 1229]
[:mouse_move, 1079, 50, 2, 494, 1230]
[:mouse_move, 1081, 49, 2, 495, 1231]
[:mouse_move, 1084, 48, 2, 496, 1232]
[:mouse_move, 1085, 48, 2, 497, 1233]
[:mouse_move, 1087, 47, 2, 498, 1234]
[:mouse_move, 1089, 46, 2, 499, 1234]
[:mouse_move, 1092, 45, 2, 500, 1235]
[:mouse_move, 1092, 44, 2, 501, 1236]
[:mouse_move, 1095, 44, 2, 502, 1236]
[:mouse_move, 1097, 43, 2, 503, 1237]
[:mouse_move, 1099, 42, 2, 504, 1238]
[:mouse_move, 1100, 42, 2, 505, 1238]
[:mouse_move, 1102, 41, 2, 506, 1239]
[:mouse_move, 1103, 41, 2, 507, 1240]
[:mouse_move, 1105, 41, 2, 508, 1240]
[:mouse_move, 1107, 40, 2, 509, 1241]
[:mouse_move, 1110, 40, 2, 510, 1242]
[:mouse_move, 1111, 40, 2, 511, 1242]
[:mouse_move, 1113, 40, 2, 512, 1243]
[:mouse_move, 1114, 40, 2, 513, 1244]
[:mouse_move, 1117, 40, 2, 514, 1244]
[:mouse_move, 1118, 40, 2, 515, 1245]
[:mouse_move, 1119, 40, 2, 516, 1246]
[:mouse_move, 1121, 40, 2, 517, 1246]
[:mouse_move, 1122, 40, 2, 518, 1248]
[:mouse_move, 1123, 40, 2, 519, 1249]
[:mouse_move, 1123, 41, 2, 520, 1250]
[:key_down_raw, 1073742051, 1024, 2, 521, 1356]
[:key_down_raw, 113, 1024, 2, 522, 1359]
