replay_version 2.0
stopped_at 1111
seed 100
recorded_at 2022-12-24 17:15:29 -0600
[:mouse_button_up, 1, 0, 1, 1, 4]
[:key_down_raw, 1073741905, 0, 2, 2, 194]
[:key_up_raw, 1073741905, 0, 2, 3, 197]
[:key_down_raw, 1073741905, 0, 2, 4, 203]
[:key_up_raw, 1073741905, 0, 2, 5, 207]
[:key_down_raw, 1073741905, 0, 2, 6, 212]
[:key_up_raw, 1073741905, 0, 2, 7, 217]
[:key_down_raw, 1073741905, 0, 2, 8, 222]
[:key_up_raw, 1073741905, 0, 2, 9, 230]
[:key_down_raw, 1073741905, 0, 2, 10, 245]
[:key_up_raw, 1073741905, 0, 2, 11, 249]
[:key_down_raw, 1073741905, 0, 2, 12, 254]
[:key_up_raw, 1073741905, 0, 2, 13, 258]
[:key_down_raw, 1073741906, 0, 2, 14, 264]
[:key_up_raw, 1073741906, 0, 2, 15, 268]
[:key_down_raw, 1073741906, 0, 2, 16, 273]
[:key_up_raw, 1073741906, 0, 2, 17, 277]
[:key_down_raw, 1073741906, 0, 2, 18, 281]
[:key_up_raw, 1073741906, 0, 2, 19, 285]
[:key_down_raw, 1073741906, 0, 2, 20, 290]
[:key_up_raw, 1073741906, 0, 2, 21, 294]
[:key_down_raw, 13, 0, 2, 22, 335]
[:key_up_raw, 13, 0, 2, 23, 342]
[:key_down_raw, 1073741903, 0, 2, 24, 389]
[:key_up_raw, 1073741903, 0, 2, 25, 395]
[:key_down_raw, 13, 0, 2, 26, 423]
[:key_up_raw, 13, 0, 2, 27, 430]
[:key_down_raw, 1073741905, 0, 2, 28, 498]
[:key_up_raw, 1073741905, 0, 2, 29, 503]
[:key_down_raw, 1073741905, 0, 2, 30, 507]
[:key_up_raw, 1073741905, 0, 2, 31, 511]
[:key_down_raw, 1073741905, 0, 2, 32, 516]
[:key_up_raw, 1073741905, 0, 2, 33, 521]
[:key_down_raw, 1073741905, 0, 2, 34, 524]
[:key_up_raw, 1073741905, 0, 2, 35, 530]
[:key_down_raw, 1073741906, 0, 2, 36, 537]
[:key_up_raw, 1073741906, 0, 2, 37, 542]
[:key_down_raw, 1073741906, 0, 2, 38, 547]
[:key_up_raw, 1073741906, 0, 2, 39, 550]
[:key_down_raw, 13, 0, 2, 40, 583]
[:key_up_raw, 13, 0, 2, 41, 590]
[:key_down_raw, 1073741903, 0, 2, 42, 617]
[:key_up_raw, 1073741903, 0, 2, 43, 627]
[:key_down_raw, 1073741904, 0, 2, 44, 639]
[:key_up_raw, 1073741904, 0, 2, 45, 648]
[:key_down_raw, 13, 0, 2, 46, 718]
[:key_up_raw, 13, 0, 2, 47, 725]
[:key_down_raw, 1073741905, 0, 2, 48, 767]
[:key_up_raw, 1073741905, 0, 2, 49, 770]
[:key_down_raw, 13, 0, 2, 50, 854]
[:key_up_raw, 13, 0, 2, 51, 859]
[:key_down_raw, 13, 0, 2, 52, 908]
[:key_up_raw, 13, 0, 2, 53, 914]
[:key_down_raw, 96, 0, 2, 54, 1062]
[:key_up_raw, 96, 0, 2, 55, 1066]
[:key_down_raw, 13, 0, 2, 56, 1111]
