replay_version 2.1
stopped_at 711
seed 100
recorded_at 2026-06-02 20:50:42 -0500
[:mouse_button_up, 1, 0, 1, 1, 2]
[:mouse_move, 882, 126, 2, 2, 18]
[:mouse_move, 882, 127, 2, 3, 18]
[:mouse_move, 882, 127, 2, 4, 18]
[:mouse_move, 882, 127, 2, 5, 18]
[:mouse_move, 881, 128, 2, 6, 19]
[:mouse_move, 880, 129, 2, 7, 19]
[:mouse_move, 878, 131, 2, 8, 19]
[:mouse_move, 877, 132, 2, 9, 19]
[:mouse_move, 875, 135, 2, 10, 20]
[:mouse_move, 874, 138, 2, 11, 20]
[:mouse_move, 872, 140, 2, 12, 20]
[:mouse_move, 870, 143, 2, 13, 20]
[:mouse_move, 868, 147, 2, 14, 21]
[:mouse_move, 867, 151, 2, 15, 21]
[:mouse_move, 865, 155, 2, 16, 21]
[:mouse_move, 863, 160, 2, 17, 21]
[:mouse_move, 861, 166, 2, 18, 22]
[:mouse_move, 859, 172, 2, 19, 22]
[:mouse_move, 857, 177, 2, 20, 22]
[:mouse_move, 855, 182, 2, 21, 22]
[:mouse_move, 853, 186, 2, 22, 23]
[:mouse_move, 851, 190, 2, 23, 23]
[:mouse_move, 850, 194, 2, 24, 23]
[:mouse_move, 849, 196, 2, 25, 23]
[:mouse_move, 847, 199, 2, 26, 24]
[:mouse_move, 846, 202, 2, 27, 24]
[:mouse_move, 843, 208, 2, 28, 24]
[:mouse_move, 840, 215, 2, 29, 24]
[:mouse_move, 837, 221, 2, 30, 25]
[:mouse_move, 834, 226, 2, 31, 25]
[:mouse_move, 832, 230, 2, 32, 25]
[:mouse_move, 829, 234, 2, 33, 25]
[:mouse_move, 826, 239, 2, 34, 26]
[:mouse_move, 823, 243, 2, 35, 26]
[:mouse_move, 819, 247, 2, 36, 26]
[:mouse_move, 816, 251, 2, 37, 26]
[:mouse_move, 813, 255, 2, 38, 27]
[:mouse_move, 809, 259, 2, 39, 27]
[:mouse_move, 806, 262, 2, 40, 27]
[:mouse_move, 802, 266, 2, 41, 27]
[:mouse_move, 800, 268, 2, 42, 28]
[:mouse_move, 796, 273, 2, 43, 28]
[:mouse_move, 792, 277, 2, 44, 28]
[:mouse_move, 788, 281, 2, 45, 28]
[:mouse_move, 784, 286, 2, 46, 29]
[:mouse_move, 781, 292, 2, 47, 29]
[:mouse_move, 777, 298, 2, 48, 29]
[:mouse_move, 774, 303, 2, 49, 29]
[:mouse_move, 772, 309, 2, 50, 30]
[:mouse_move, 770, 314, 2, 51, 30]
[:mouse_move, 768, 319, 2, 52, 30]
[:mouse_move, 766, 325, 2, 53, 30]
[:mouse_move, 765, 332, 2, 54, 31]
[:mouse_move, 764, 338, 2, 55, 31]
[:mouse_move, 763, 344, 2, 56, 31]
[:mouse_move, 762, 349, 2, 57, 31]
[:mouse_move, 762, 354, 2, 58, 32]
[:mouse_move, 761, 359, 2, 59, 32]
[:mouse_move, 761, 362, 2, 60, 32]
[:mouse_move, 761, 363, 2, 61, 32]
[:mouse_move, 761, 364, 2, 62, 33]
[:mouse_move, 761, 365, 2, 63, 33]
[:mouse_move, 761, 368, 2, 64, 33]
[:mouse_move, 760, 371, 2, 65, 33]
[:mouse_move, 760, 374, 2, 66, 34]
[:mouse_move, 760, 376, 2, 67, 34]
[:mouse_move, 760, 377, 2, 68, 34]
[:mouse_move, 760, 378, 2, 69, 34]
[:mouse_move, 760, 379, 2, 70, 35]
[:mouse_move, 760, 380, 2, 71, 35]
[:mouse_move, 759, 381, 2, 72, 35]
[:mouse_move, 759, 382, 2, 73, 35]
[:mouse_move, 759, 383, 2, 74, 36]
[:mouse_move, 759, 383, 2, 75, 36]
[:mouse_move, 759, 384, 2, 76, 36]
[:mouse_move, 759, 384, 2, 77, 36]
[:mouse_move, 758, 385, 2, 78, 37]
[:mouse_move, 758, 386, 2, 79, 37]
[:mouse_move, 757, 387, 2, 80, 37]
[:mouse_move, 757, 388, 2, 81, 37]
[:mouse_move, 756, 388, 2, 82, 38]
[:mouse_move, 755, 389, 2, 83, 38]
[:mouse_move, 755, 390, 2, 84, 38]
[:mouse_move, 754, 391, 2, 85, 38]
[:mouse_move, 752, 392, 2, 86, 39]
[:mouse_move, 750, 394, 2, 87, 39]
[:mouse_move, 748, 395, 2, 88, 39]
[:mouse_move, 746, 396, 2, 89, 39]
[:mouse_move, 744, 397, 2, 90, 40]
[:mouse_move, 742, 398, 2, 91, 40]
[:mouse_move, 740, 399, 2, 92, 40]
[:mouse_move, 738, 400, 2, 93, 40]
[:mouse_move, 736, 401, 2, 94, 41]
[:mouse_move, 733, 401, 2, 95, 41]
[:mouse_move, 731, 402, 2, 96, 41]
[:mouse_move, 728, 403, 2, 97, 41]
[:mouse_move, 725, 403, 2, 98, 42]
[:mouse_move, 722, 404, 2, 99, 42]
[:mouse_move, 718, 405, 2, 100, 42]
[:mouse_move, 713, 405, 2, 101, 42]
[:mouse_move, 709, 405, 2, 102, 43]
[:mouse_move, 704, 405, 2, 103, 43]
[:mouse_move, 698, 406, 2, 104, 43]
[:mouse_move, 693, 406, 2, 105, 43]
[:mouse_move, 687, 406, 2, 106, 44]
[:mouse_move, 678, 406, 2, 107, 44]
[:mouse_move, 667, 406, 2, 108, 44]
[:mouse_move, 655, 406, 2, 109, 44]
[:mouse_move, 643, 406, 2, 110, 45]
[:mouse_move, 633, 405, 2, 111, 45]
[:mouse_move, 623, 404, 2, 112, 45]
[:mouse_move, 613, 402, 2, 113, 45]
[:mouse_move, 604, 401, 2, 114, 46]
[:mouse_move, 599, 400, 2, 115, 46]
[:mouse_move, 594, 399, 2, 116, 46]
[:mouse_move, 588, 398, 2, 117, 46]
[:mouse_move, 581, 396, 2, 118, 47]
[:mouse_move, 573, 394, 2, 119, 47]
[:mouse_move, 564, 392, 2, 120, 47]
[:mouse_move, 556, 390, 2, 121, 47]
[:mouse_move, 552, 389, 2, 122, 48]
[:mouse_move, 546, 387, 2, 123, 48]
[:mouse_move, 541, 386, 2, 124, 48]
[:mouse_move, 536, 384, 2, 125, 48]
[:mouse_move, 532, 383, 2, 126, 49]
[:mouse_move, 528, 382, 2, 127, 49]
[:mouse_move, 523, 381, 2, 128, 49]
[:mouse_move, 519, 380, 2, 129, 49]
[:mouse_move, 515, 380, 2, 130, 50]
[:mouse_move, 511, 379, 2, 131, 50]
[:mouse_move, 507, 378, 2, 132, 50]
[:mouse_move, 503, 378, 2, 133, 50]
[:mouse_move, 498, 377, 2, 134, 51]
[:mouse_move, 494, 376, 2, 135, 51]
[:mouse_move, 490, 376, 2, 136, 51]
[:mouse_move, 485, 375, 2, 137, 51]
[:mouse_move, 481, 375, 2, 138, 52]
[:mouse_move, 477, 375, 2, 139, 52]
[:mouse_move, 473, 374, 2, 140, 52]
[:mouse_move, 469, 374, 2, 141, 52]
[:mouse_move, 465, 373, 2, 142, 53]
[:mouse_move, 462, 372, 2, 143, 53]
[:mouse_move, 461, 372, 2, 144, 53]
[:mouse_move, 459, 372, 2, 145, 53]
[:mouse_move, 458, 371, 2, 146, 54]
[:mouse_move, 456, 371, 2, 147, 54]
[:mouse_move, 453, 370, 2, 148, 54]
[:mouse_move, 451, 370, 2, 149, 54]
[:mouse_move, 448, 369, 2, 150, 55]
[:mouse_move, 446, 369, 2, 151, 55]
[:mouse_move, 445, 368, 2, 152, 55]
[:mouse_move, 443, 368, 2, 153, 55]
[:mouse_move, 442, 368, 2, 154, 56]
[:mouse_move, 440, 368, 2, 155, 56]
[:mouse_move, 439, 367, 2, 156, 56]
[:mouse_move, 437, 367, 2, 157, 56]
[:mouse_move, 436, 367, 2, 158, 57]
[:mouse_move, 435, 367, 2, 159, 57]
[:mouse_move, 433, 367, 2, 160, 57]
[:mouse_move, 431, 367, 2, 161, 57]
[:mouse_move, 431, 367, 2, 162, 58]
[:mouse_move, 430, 367, 2, 163, 58]
[:mouse_move, 429, 367, 2, 164, 58]
[:mouse_move, 428, 367, 2, 165, 58]
[:mouse_move, 427, 367, 2, 166, 59]
[:mouse_move, 426, 367, 2, 167, 59]
[:mouse_move, 424, 367, 2, 168, 59]
[:mouse_move, 424, 367, 2, 169, 59]
[:mouse_move, 423, 367, 2, 170, 60]
[:mouse_move, 422, 367, 2, 171, 60]
[:mouse_move, 421, 367, 2, 172, 60]
[:mouse_move, 419, 367, 2, 173, 60]
[:mouse_move, 416, 367, 2, 174, 61]
[:mouse_move, 414, 367, 2, 175, 61]
[:mouse_move, 412, 367, 2, 176, 61]
[:mouse_move, 409, 367, 2, 177, 61]
[:mouse_move, 407, 367, 2, 178, 62]
[:mouse_move, 405, 367, 2, 179, 62]
[:mouse_move, 402, 367, 2, 180, 62]
[:mouse_move, 398, 367, 2, 181, 62]
[:mouse_move, 395, 367, 2, 182, 63]
[:mouse_move, 392, 368, 2, 183, 63]
[:mouse_move, 386, 369, 2, 184, 63]
[:mouse_move, 381, 370, 2, 185, 63]
[:mouse_move, 376, 371, 2, 186, 64]
[:mouse_move, 370, 373, 2, 187, 64]
[:mouse_move, 365, 374, 2, 188, 64]
[:mouse_move, 359, 375, 2, 189, 64]
[:mouse_move, 353, 376, 2, 190, 65]
[:mouse_move, 347, 378, 2, 191, 65]
[:mouse_move, 340, 380, 2, 192, 65]
[:mouse_move, 333, 382, 2, 193, 65]
[:mouse_move, 328, 383, 2, 194, 66]
[:mouse_move, 326, 383, 2, 195, 66]
[:mouse_move, 323, 384, 2, 196, 66]
[:mouse_move, 320, 384, 2, 197, 66]
[:mouse_move, 318, 385, 2, 198, 67]
[:mouse_move, 315, 385, 2, 199, 67]
[:mouse_move, 312, 386, 2, 200, 67]
[:mouse_move, 310, 386, 2, 201, 67]
[:mouse_move, 309, 386, 2, 202, 68]
[:mouse_move, 307, 386, 2, 203, 68]
[:mouse_move, 306, 387, 2, 204, 68]
[:mouse_move, 306, 387, 2, 205, 68]
[:mouse_move, 306, 387, 2, 206, 70]
[:mouse_move, 306, 387, 2, 207, 70]
[:mouse_move, 306, 387, 2, 208, 71]
[:mouse_move, 306, 387, 2, 209, 71]
[:mouse_move, 306, 386, 2, 210, 71]
[:mouse_move, 306, 386, 2, 211, 71]
[:mouse_move, 306, 385, 2, 212, 72]
[:mouse_move, 306, 384, 2, 213, 72]
[:mouse_move, 306, 384, 2, 214, 72]
[:mouse_move, 306, 383, 2, 215, 72]
[:mouse_move, 306, 383, 2, 216, 73]
[:mouse_move, 306, 382, 2, 217, 73]
[:mouse_move, 307, 381, 2, 218, 73]
[:mouse_move, 308, 381, 2, 219, 73]
[:mouse_move, 308, 380, 2, 220, 74]
[:mouse_move, 309, 380, 2, 221, 74]
[:mouse_move, 310, 379, 2, 222, 74]
[:mouse_move, 310, 379, 2, 223, 74]
[:mouse_move, 311, 378, 2, 224, 75]
[:mouse_move, 311, 378, 2, 225, 75]
[:mouse_move, 311, 378, 2, 226, 75]
[:mouse_move, 312, 378, 2, 227, 75]
[:mouse_move, 312, 378, 2, 228, 76]
[:mouse_move, 312, 377, 2, 229, 76]
[:mouse_move, 312, 377, 2, 230, 76]
[:mouse_move, 313, 377, 2, 231, 76]
[:mouse_move, 313, 377, 2, 232, 77]
[:mouse_move, 313, 377, 2, 233, 77]
[:mouse_move, 313, 377, 2, 234, 77]
[:mouse_move, 313, 377, 2, 235, 77]
[:mouse_move, 313, 377, 2, 236, 78]
[:mouse_move, 313, 377, 2, 237, 78]
[:mouse_move, 313, 377, 2, 238, 78]
[:mouse_move, 313, 377, 2, 239, 78]
[:mouse_move, 313, 377, 2, 240, 79]
[:mouse_move, 313, 377, 2, 241, 79]
[:mouse_move, 313, 377, 2, 242, 79]
[:mouse_move, 313, 377, 2, 243, 79]
[:mouse_move, 313, 377, 2, 244, 80]
[:mouse_move, 314, 377, 2, 245, 80]
[:mouse_move, 314, 377, 2, 246, 80]
[:mouse_move, 314, 377, 2, 247, 80]
[:mouse_move, 314, 377, 2, 248, 81]
[:mouse_move, 314, 377, 2, 249, 81]
[:mouse_move, 314, 376, 2, 250, 81]
[:mouse_move, 314, 376, 2, 251, 81]
[:mouse_move, 314, 376, 2, 252, 82]
[:mouse_move, 314, 376, 2, 253, 82]
[:mouse_move, 314, 376, 2, 254, 89]
[:mouse_move, 314, 376, 2, 255, 89]
[:mouse_move, 314, 376, 2, 256, 89]
[:mouse_move, 314, 376, 2, 257, 89]
[:mouse_move, 314, 376, 2, 258, 89]
[:mouse_move, 314, 376, 2, 259, 90]
[:mouse_move, 314, 376, 2, 260, 90]
[:mouse_move, 314, 375, 2, 261, 90]
[:mouse_move, 314, 375, 2, 262, 90]
[:mouse_move, 314, 375, 2, 263, 91]
[:mouse_move, 314, 375, 2, 264, 91]
[:mouse_move, 314, 375, 2, 265, 91]
[:mouse_move, 314, 375, 2, 266, 91]
[:mouse_move, 314, 374, 2, 267, 92]
[:mouse_move, 314, 374, 2, 268, 92]
[:mouse_move, 314, 374, 2, 269, 92]
[:mouse_move, 314, 374, 2, 270, 92]
[:mouse_move, 314, 373, 2, 271, 93]
[:mouse_move, 314, 373, 2, 272, 93]
[:mouse_move, 315, 372, 2, 273, 93]
[:mouse_move, 315, 372, 2, 274, 93]
[:mouse_move, 315, 371, 2, 275, 94]
[:mouse_move, 315, 371, 2, 276, 94]
[:mouse_move, 316, 371, 2, 277, 94]
[:mouse_move, 316, 370, 2, 278, 94]
[:mouse_move, 316, 370, 2, 279, 95]
[:mouse_move, 316, 370, 2, 280, 95]
[:mouse_move, 316, 370, 2, 281, 95]
[:mouse_move, 317, 370, 2, 282, 95]
[:mouse_move, 317, 369, 2, 283, 96]
[:mouse_move, 317, 369, 2, 284, 96]
[:mouse_move, 317, 369, 2, 285, 96]
[:mouse_move, 317, 369, 2, 286, 96]
[:mouse_move, 318, 368, 2, 287, 97]
[:mouse_move, 318, 368, 2, 288, 97]
[:mouse_move, 318, 368, 2, 289, 97]
[:mouse_move, 319, 367, 2, 290, 97]
[:mouse_move, 319, 367, 2, 291, 98]
[:mouse_move, 319, 367, 2, 292, 98]
[:mouse_move, 319, 367, 2, 293, 98]
[:mouse_move, 319, 366, 2, 294, 98]
[:mouse_move, 319, 366, 2, 295, 99]
[:mouse_move, 319, 366, 2, 296, 99]
[:mouse_move, 320, 366, 2, 297, 99]
[:mouse_move, 320, 366, 2, 298, 99]
[:mouse_move, 320, 366, 2, 299, 100]
[:mouse_move, 320, 366, 2, 300, 100]
[:mouse_move, 320, 365, 2, 301, 100]
[:mouse_move, 320, 365, 2, 302, 100]
[:mouse_move, 320, 365, 2, 303, 101]
[:mouse_move, 320, 365, 2, 304, 101]
[:mouse_move, 320, 365, 2, 305, 101]
[:mouse_move, 320, 365, 2, 306, 101]
[:mouse_move, 320, 365, 2, 307, 102]
[:mouse_move, 321, 365, 2, 308, 102]
[:mouse_move, 321, 365, 2, 309, 102]
[:mouse_move, 321, 364, 2, 310, 102]
[:mouse_move, 321, 364, 2, 311, 103]
[:mouse_move, 321, 364, 2, 312, 103]
[:mouse_move, 321, 364, 2, 313, 103]
[:mouse_move, 321, 364, 2, 314, 103]
[:mouse_move, 321, 364, 2, 315, 104]
[:mouse_move, 321, 364, 2, 316, 104]
[:mouse_move, 321, 364, 2, 317, 104]
[:mouse_move, 321, 364, 2, 318, 104]
[:mouse_move, 321, 364, 2, 319, 105]
[:mouse_move, 321, 364, 2, 320, 105]
[:mouse_move, 321, 364, 2, 321, 105]
[:mouse_move, 321, 364, 2, 322, 105]
[:mouse_move, 321, 364, 2, 323, 106]
[:mouse_move, 321, 364, 2, 324, 108]
[:mouse_move, 321, 364, 2, 325, 108]
[:mouse_move, 321, 365, 2, 326, 109]
[:mouse_move, 321, 366, 2, 327, 109]
[:mouse_move, 321, 366, 2, 328, 109]
[:mouse_button_pressed, 1, 0, 1, 329, 128]
[:mouse_move, 321, 366, 2, 330, 128]
[:mouse_move, 321, 366, 2, 331, 128]
[:mouse_move, 321, 366, 2, 332, 129]
[:mouse_move, 321, 366, 2, 333, 129]
[:mouse_move, 320, 366, 2, 334, 129]
[:mouse_move, 318, 366, 2, 335, 129]
[:mouse_move, 317, 366, 2, 336, 130]
[:mouse_move, 316, 366, 2, 337, 130]
[:mouse_move, 314, 366, 2, 338, 130]
[:mouse_move, 312, 366, 2, 339, 130]
[:mouse_move, 310, 366, 2, 340, 131]
[:mouse_move, 308, 366, 2, 341, 131]
[:mouse_move, 305, 366, 2, 342, 131]
[:mouse_move, 302, 366, 2, 343, 131]
[:mouse_move, 299, 366, 2, 344, 132]
[:mouse_move, 297, 366, 2, 345, 132]
[:mouse_move, 295, 366, 2, 346, 132]
[:mouse_move, 293, 365, 2, 347, 132]
[:mouse_move, 291, 365, 2, 348, 133]
[:mouse_move, 288, 365, 2, 349, 133]
[:mouse_move, 285, 365, 2, 350, 133]
[:mouse_move, 283, 365, 2, 351, 133]
[:mouse_move, 278, 364, 2, 352, 134]
[:mouse_move, 272, 364, 2, 353, 134]
[:mouse_move, 266, 363, 2, 354, 134]
[:mouse_move, 260, 362, 2, 355, 134]
[:mouse_move, 259, 362, 2, 356, 135]
[:mouse_move, 258, 362, 2, 357, 135]
[:mouse_move, 256, 362, 2, 358, 135]
[:mouse_move, 255, 362, 2, 359, 135]
[:mouse_move, 255, 362, 2, 360, 136]
[:mouse_move, 254, 361, 2, 361, 136]
[:mouse_move, 253, 361, 2, 362, 136]
[:mouse_move, 252, 361, 2, 363, 136]
[:mouse_move, 250, 361, 2, 364, 137]
[:mouse_move, 248, 361, 2, 365, 137]
[:mouse_move, 246, 361, 2, 366, 137]
[:mouse_move, 246, 361, 2, 367, 137]
[:mouse_move, 246, 361, 2, 368, 138]
[:mouse_move, 246, 361, 2, 369, 138]
[:mouse_move, 246, 361, 2, 370, 138]
[:mouse_move, 245, 360, 2, 371, 138]
[:mouse_move, 245, 360, 2, 372, 139]
[:mouse_move, 244, 360, 2, 373, 139]
[:mouse_move, 244, 360, 2, 374, 139]
[:mouse_move, 244, 360, 2, 375, 139]
[:mouse_move, 244, 360, 2, 376, 140]
[:mouse_move, 244, 359, 2, 377, 140]
[:mouse_move, 243, 359, 2, 378, 140]
[:mouse_move, 243, 359, 2, 379, 140]
[:mouse_move, 243, 359, 2, 380, 141]
[:mouse_move, 243, 359, 2, 381, 141]
[:mouse_move, 242, 358, 2, 382, 141]
[:mouse_move, 242, 358, 2, 383, 141]
[:mouse_move, 241, 357, 2, 384, 142]
[:mouse_move, 241, 356, 2, 385, 142]
[:mouse_move, 240, 356, 2, 386, 142]
[:mouse_move, 239, 355, 2, 387, 142]
[:mouse_move, 238, 354, 2, 388, 143]
[:mouse_move, 237, 353, 2, 389, 143]
[:mouse_move, 236, 352, 2, 390, 143]
[:mouse_move, 235, 351, 2, 391, 143]
[:mouse_move, 234, 350, 2, 392, 144]
[:mouse_move, 233, 348, 2, 393, 144]
[:mouse_move, 232, 347, 2, 394, 144]
[:mouse_move, 230, 346, 2, 395, 144]
[:mouse_move, 230, 345, 2, 396, 145]
[:mouse_move, 229, 344, 2, 397, 145]
[:mouse_move, 228, 343, 2, 398, 145]
[:mouse_move, 227, 342, 2, 399, 145]
[:mouse_move, 225, 341, 2, 400, 146]
[:mouse_move, 224, 339, 2, 401, 146]
[:mouse_move, 222, 338, 2, 402, 146]
[:mouse_move, 221, 336, 2, 403, 146]
[:mouse_move, 219, 335, 2, 404, 147]
[:mouse_move, 218, 333, 2, 405, 147]
[:mouse_move, 217, 332, 2, 406, 147]
[:mouse_move, 216, 331, 2, 407, 147]
[:mouse_move, 215, 330, 2, 408, 148]
[:mouse_move, 214, 329, 2, 409, 148]
[:mouse_move, 213, 327, 2, 410, 148]
[:mouse_move, 211, 325, 2, 411, 148]
[:mouse_move, 209, 323, 2, 412, 149]
[:mouse_move, 208, 322, 2, 413, 149]
[:mouse_move, 207, 320, 2, 414, 149]
[:mouse_move, 206, 318, 2, 415, 149]
[:mouse_move, 205, 317, 2, 416, 150]
[:mouse_move, 204, 315, 2, 417, 150]
[:mouse_move, 203, 314, 2, 418, 150]
[:mouse_move, 202, 312, 2, 419, 150]
[:mouse_move, 201, 311, 2, 420, 151]
[:mouse_move, 200, 310, 2, 421, 151]
[:mouse_move, 200, 308, 2, 422, 151]
[:mouse_move, 199, 307, 2, 423, 151]
[:mouse_move, 198, 306, 2, 424, 152]
[:mouse_move, 197, 304, 2, 425, 152]
[:mouse_move, 196, 303, 2, 426, 152]
[:mouse_move, 196, 301, 2, 427, 152]
[:mouse_move, 195, 300, 2, 428, 153]
[:mouse_move, 195, 299, 2, 429, 153]
[:mouse_move, 194, 298, 2, 430, 153]
[:mouse_move, 194, 296, 2, 431, 153]
[:mouse_move, 193, 295, 2, 432, 154]
[:mouse_move, 193, 294, 2, 433, 154]
[:mouse_move, 192, 293, 2, 434, 154]
[:mouse_move, 192, 292, 2, 435, 154]
[:mouse_move, 192, 291, 2, 436, 155]
[:mouse_move, 191, 291, 2, 437, 155]
[:mouse_move, 191, 290, 2, 438, 155]
[:mouse_move, 191, 289, 2, 439, 155]
[:mouse_move, 191, 288, 2, 440, 156]
[:mouse_move, 191, 287, 2, 441, 156]
[:mouse_move, 191, 286, 2, 442, 156]
[:mouse_move, 191, 285, 2, 443, 156]
[:mouse_move, 190, 284, 2, 444, 157]
[:mouse_move, 190, 283, 2, 445, 157]
[:mouse_move, 190, 282, 2, 446, 157]
[:mouse_move, 190, 281, 2, 447, 157]
[:mouse_move, 190, 280, 2, 448, 158]
[:mouse_move, 190, 279, 2, 449, 158]
[:mouse_move, 190, 278, 2, 450, 158]
[:mouse_move, 190, 277, 2, 451, 158]
[:mouse_move, 190, 276, 2, 452, 159]
[:mouse_move, 190, 274, 2, 453, 159]
[:mouse_move, 190, 274, 2, 454, 159]
[:mouse_move, 190, 273, 2, 455, 159]
[:mouse_move, 190, 272, 2, 456, 160]
[:mouse_move, 190, 271, 2, 457, 160]
[:mouse_move, 190, 270, 2, 458, 160]
[:mouse_move, 190, 269, 2, 459, 160]
[:mouse_move, 190, 267, 2, 460, 161]
[:mouse_move, 190, 266, 2, 461, 161]
[:mouse_move, 190, 266, 2, 462, 161]
[:mouse_move, 189, 265, 2, 463, 161]
[:mouse_move, 189, 264, 2, 464, 162]
[:mouse_move, 189, 263, 2, 465, 162]
[:mouse_move, 189, 261, 2, 466, 162]
[:mouse_move, 189, 260, 2, 467, 162]
[:mouse_move, 189, 259, 2, 468, 163]
[:mouse_move, 189, 259, 2, 469, 163]
[:mouse_move, 190, 258, 2, 470, 163]
[:mouse_move, 190, 258, 2, 471, 163]
[:mouse_move, 190, 257, 2, 472, 164]
[:mouse_move, 190, 257, 2, 473, 164]
[:mouse_move, 190, 256, 2, 474, 164]
[:mouse_move, 190, 255, 2, 475, 164]
[:mouse_move, 190, 255, 2, 476, 165]
[:mouse_move, 191, 254, 2, 477, 165]
[:mouse_move, 191, 254, 2, 478, 165]
[:mouse_move, 191, 253, 2, 479, 165]
[:mouse_move, 191, 252, 2, 480, 166]
[:mouse_move, 191, 251, 2, 481, 166]
[:mouse_move, 191, 251, 2, 482, 166]
[:mouse_move, 192, 250, 2, 483, 166]
[:mouse_move, 192, 249, 2, 484, 167]
[:mouse_move, 192, 248, 2, 485, 167]
[:mouse_move, 192, 248, 2, 486, 167]
[:mouse_move, 193, 247, 2, 487, 167]
[:mouse_move, 193, 246, 2, 488, 168]
[:mouse_move, 193, 245, 2, 489, 168]
[:mouse_move, 194, 245, 2, 490, 168]
[:mouse_move, 194, 244, 2, 491, 168]
[:mouse_move, 195, 243, 2, 492, 169]
[:mouse_move, 195, 242, 2, 493, 169]
[:mouse_move, 196, 240, 2, 494, 169]
[:mouse_move, 196, 239, 2, 495, 169]
[:mouse_move, 197, 238, 2, 496, 170]
[:mouse_move, 198, 236, 2, 497, 170]
[:mouse_move, 199, 234, 2, 498, 170]
[:mouse_move, 200, 232, 2, 499, 171]
[:mouse_move, 202, 230, 2, 500, 171]
[:mouse_move, 203, 228, 2, 501, 171]
[:mouse_move, 204, 226, 2, 502, 171]
[:mouse_move, 205, 225, 2, 503, 171]
[:mouse_move, 206, 224, 2, 504, 172]
[:mouse_move, 207, 222, 2, 505, 172]
[:mouse_move, 208, 221, 2, 506, 172]
[:mouse_move, 209, 219, 2, 507, 172]
[:mouse_move, 210, 217, 2, 508, 173]
[:mouse_move, 212, 215, 2, 509, 173]
[:mouse_move, 213, 213, 2, 510, 173]
[:mouse_move, 214, 211, 2, 511, 173]
[:mouse_move, 216, 209, 2, 512, 174]
[:mouse_move, 218, 207, 2, 513, 174]
[:mouse_move, 219, 205, 2, 514, 174]
[:mouse_move, 221, 203, 2, 515, 174]
[:mouse_move, 221, 203, 2, 516, 175]
[:mouse_move, 222, 202, 2, 517, 175]
[:mouse_move, 222, 201, 2, 518, 175]
[:mouse_move, 223, 200, 2, 519, 175]
[:mouse_move, 224, 199, 2, 520, 176]
[:mouse_move, 226, 197, 2, 521, 176]
[:mouse_move, 227, 196, 2, 522, 176]
[:mouse_move, 228, 195, 2, 523, 176]
[:mouse_move, 229, 194, 2, 524, 177]
[:mouse_move, 230, 193, 2, 525, 177]
[:mouse_move, 231, 192, 2, 526, 177]
[:mouse_move, 231, 191, 2, 527, 177]
[:mouse_move, 232, 191, 2, 528, 178]
[:mouse_move, 233, 190, 2, 529, 178]
[:mouse_move, 234, 189, 2, 530, 178]
[:mouse_move, 235, 189, 2, 531, 178]
[:mouse_move, 236, 188, 2, 532, 179]
[:mouse_move, 237, 187, 2, 533, 179]
[:mouse_move, 238, 186, 2, 534, 179]
[:mouse_move, 239, 186, 2, 535, 179]
[:mouse_move, 240, 185, 2, 536, 180]
[:mouse_move, 241, 184, 2, 537, 180]
[:mouse_move, 242, 184, 2, 538, 180]
[:mouse_move, 243, 183, 2, 539, 180]
[:mouse_move, 244, 183, 2, 540, 181]
[:mouse_move, 245, 182, 2, 541, 181]
[:mouse_move, 246, 181, 2, 542, 181]
[:mouse_move, 247, 181, 2, 543, 181]
[:mouse_move, 247, 180, 2, 544, 182]
[:mouse_move, 249, 179, 2, 545, 182]
[:mouse_move, 250, 178, 2, 546, 182]
[:mouse_move, 251, 178, 2, 547, 182]
[:mouse_move, 253, 177, 2, 548, 183]
[:mouse_move, 255, 176, 2, 549, 183]
[:mouse_move, 257, 175, 2, 550, 183]
[:mouse_move, 259, 174, 2, 551, 183]
[:mouse_move, 261, 173, 2, 552, 184]
[:mouse_move, 262, 172, 2, 553, 184]
[:mouse_move, 264, 171, 2, 554, 184]
[:mouse_move, 266, 169, 2, 555, 184]
[:mouse_move, 268, 168, 2, 556, 185]
[:mouse_move, 271, 166, 2, 557, 185]
[:mouse_move, 273, 165, 2, 558, 185]
[:mouse_move, 275, 164, 2, 559, 185]
[:mouse_move, 276, 163, 2, 560, 186]
[:mouse_move, 277, 163, 2, 561, 186]
[:mouse_move, 280, 162, 2, 562, 186]
[:mouse_move, 283, 160, 2, 563, 186]
[:mouse_move, 287, 159, 2, 564, 187]
[:mouse_move, 290, 157, 2, 565, 187]
[:mouse_move, 292, 156, 2, 566, 187]
[:mouse_move, 294, 156, 2, 567, 187]
[:mouse_move, 295, 155, 2, 568, 188]
[:mouse_move, 297, 154, 2, 569, 188]
[:mouse_move, 298, 153, 2, 570, 188]
[:mouse_move, 300, 153, 2, 571, 188]
[:mouse_move, 302, 152, 2, 572, 189]
[:mouse_move, 303, 151, 2, 573, 189]
[:mouse_move, 305, 150, 2, 574, 189]
[:mouse_move, 307, 149, 2, 575, 189]
[:mouse_move, 308, 148, 2, 576, 190]
[:mouse_move, 310, 148, 2, 577, 190]
[:mouse_move, 311, 148, 2, 578, 190]
[:mouse_move, 312, 147, 2, 579, 190]
[:mouse_move, 313, 147, 2, 580, 191]
[:mouse_move, 314, 147, 2, 581, 191]
[:mouse_move, 315, 146, 2, 582, 191]
[:mouse_move, 316, 146, 2, 583, 191]
[:mouse_move, 317, 145, 2, 584, 192]
[:mouse_move, 318, 145, 2, 585, 192]
[:mouse_move, 320, 144, 2, 586, 192]
[:mouse_move, 321, 144, 2, 587, 192]
[:mouse_move, 322, 144, 2, 588, 193]
[:mouse_move, 323, 143, 2, 589, 193]
[:mouse_move, 324, 143, 2, 590, 193]
[:mouse_move, 326, 143, 2, 591, 193]
[:mouse_move, 327, 143, 2, 592, 194]
[:mouse_move, 328, 143, 2, 593, 194]
[:mouse_move, 330, 142, 2, 594, 194]
[:mouse_move, 332, 142, 2, 595, 194]
[:mouse_move, 335, 142, 2, 596, 195]
[:mouse_move, 337, 142, 2, 597, 195]
[:mouse_move, 340, 142, 2, 598, 195]
[:mouse_move, 342, 141, 2, 599, 195]
[:mouse_move, 343, 141, 2, 600, 196]
[:mouse_move, 345, 141, 2, 601, 196]
[:mouse_move, 346, 141, 2, 602, 196]
[:mouse_move, 348, 141, 2, 603, 196]
[:mouse_move, 349, 141, 2, 604, 197]
[:mouse_move, 350, 141, 2, 605, 197]
[:mouse_move, 352, 141, 2, 606, 197]
[:mouse_move, 354, 141, 2, 607, 197]
[:mouse_move, 356, 141, 2, 608, 198]
[:mouse_move, 358, 141, 2, 609, 198]
[:mouse_move, 360, 141, 2, 610, 198]
[:mouse_move, 362, 141, 2, 611, 198]
[:mouse_move, 364, 141, 2, 612, 199]
[:mouse_move, 366, 141, 2, 613, 199]
[:mouse_move, 368, 141, 2, 614, 199]
[:mouse_move, 369, 141, 2, 615, 199]
[:mouse_move, 371, 142, 2, 616, 200]
[:mouse_move, 372, 142, 2, 617, 200]
[:mouse_move, 373, 142, 2, 618, 200]
[:mouse_move, 374, 142, 2, 619, 200]
[:mouse_move, 376, 142, 2, 620, 201]
[:mouse_move, 377, 142, 2, 621, 201]
[:mouse_move, 378, 143, 2, 622, 201]
[:mouse_move, 380, 143, 2, 623, 201]
[:mouse_move, 381, 143, 2, 624, 202]
[:mouse_move, 383, 144, 2, 625, 202]
[:mouse_move, 386, 144, 2, 626, 202]
[:mouse_move, 388, 145, 2, 627, 202]
[:mouse_move, 389, 145, 2, 628, 203]
[:mouse_move, 391, 145, 2, 629, 203]
[:mouse_move, 392, 146, 2, 630, 203]
[:mouse_move, 394, 147, 2, 631, 203]
[:mouse_move, 397, 148, 2, 632, 204]
[:mouse_move, 400, 149, 2, 633, 204]
[:mouse_move, 402, 150, 2, 634, 204]
[:mouse_move, 405, 151, 2, 635, 204]
[:mouse_move, 407, 152, 2, 636, 205]
[:mouse_move, 410, 153, 2, 637, 205]
[:mouse_move, 412, 154, 2, 638, 205]
[:mouse_move, 415, 155, 2, 639, 205]
[:mouse_move, 418, 156, 2, 640, 206]
[:mouse_move, 421, 158, 2, 641, 206]
[:mouse_move, 423, 159, 2, 642, 206]
[:mouse_move, 426, 161, 2, 643, 206]
[:mouse_move, 429, 162, 2, 644, 207]
[:mouse_move, 431, 163, 2, 645, 207]
[:mouse_move, 434, 164, 2, 646, 207]
[:mouse_move, 436, 166, 2, 647, 207]
[:mouse_move, 439, 167, 2, 648, 208]
[:mouse_move, 442, 168, 2, 649, 208]
[:mouse_move, 444, 170, 2, 650, 208]
[:mouse_move, 447, 171, 2, 651, 208]
[:mouse_move, 450, 173, 2, 652, 209]
[:mouse_move, 451, 173, 2, 653, 209]
[:mouse_move, 452, 174, 2, 654, 209]
[:mouse_move, 454, 174, 2, 655, 209]
[:mouse_move, 455, 175, 2, 656, 210]
[:mouse_move, 457, 176, 2, 657, 210]
[:mouse_move, 459, 178, 2, 658, 210]
[:mouse_move, 461, 179, 2, 659, 210]
[:mouse_move, 463, 180, 2, 660, 211]
[:mouse_move, 464, 180, 2, 661, 211]
[:mouse_move, 465, 181, 2, 662, 211]
[:mouse_move, 466, 182, 2, 663, 211]
[:mouse_move, 467, 183, 2, 664, 212]
[:mouse_move, 468, 184, 2, 665, 212]
[:mouse_move, 470, 185, 2, 666, 212]
[:mouse_move, 471, 186, 2, 667, 212]
[:mouse_move, 472, 187, 2, 668, 213]
[:mouse_move, 473, 188, 2, 669, 213]
[:mouse_move, 474, 189, 2, 670, 213]
[:mouse_move, 475, 190, 2, 671, 213]
[:mouse_move, 477, 191, 2, 672, 214]
[:mouse_move, 478, 193, 2, 673, 214]
[:mouse_move, 480, 194, 2, 674, 214]
[:mouse_move, 481, 196, 2, 675, 214]
[:mouse_move, 483, 198, 2, 676, 215]
[:mouse_move, 484, 200, 2, 677, 215]
[:mouse_move, 486, 201, 2, 678, 215]
[:mouse_move, 487, 203, 2, 679, 215]
[:mouse_move, 488, 205, 2, 680, 216]
[:mouse_move, 489, 207, 2, 681, 216]
[:mouse_move, 491, 209, 2, 682, 216]
[:mouse_move, 493, 211, 2, 683, 216]
[:mouse_move, 494, 213, 2, 684, 217]
[:mouse_move, 496, 216, 2, 685, 217]
[:mouse_move, 498, 219, 2, 686, 217]
[:mouse_move, 501, 221, 2, 687, 217]
[:mouse_move, 503, 224, 2, 688, 218]
[:mouse_move, 505, 227, 2, 689, 218]
[:mouse_move, 507, 229, 2, 690, 218]
[:mouse_move, 509, 232, 2, 691, 218]
[:mouse_move, 511, 234, 2, 692, 219]
[:mouse_move, 513, 237, 2, 693, 219]
[:mouse_move, 516, 240, 2, 694, 219]
[:mouse_move, 518, 244, 2, 695, 219]
[:mouse_move, 521, 247, 2, 696, 220]
[:mouse_move, 523, 251, 2, 697, 220]
[:mouse_move, 526, 255, 2, 698, 220]
[:mouse_move, 529, 259, 2, 699, 220]
[:mouse_move, 531, 262, 2, 700, 221]
[:mouse_move, 533, 265, 2, 701, 221]
[:mouse_move, 536, 268, 2, 702, 221]
[:mouse_move, 538, 271, 2, 703, 221]
[:mouse_move, 540, 273, 2, 704, 222]
[:mouse_move, 542, 276, 2, 705, 222]
[:mouse_move, 544, 279, 2, 706, 222]
[:mouse_move, 546, 281, 2, 707, 222]
[:mouse_move, 547, 284, 2, 708, 223]
[:mouse_move, 549, 287, 2, 709, 223]
[:mouse_move, 551, 289, 2, 710, 223]
[:mouse_move, 552, 291, 2, 711, 223]
[:mouse_move, 553, 292, 2, 712, 224]
[:mouse_move, 554, 294, 2, 713, 224]
[:mouse_move, 555, 295, 2, 714, 224]
[:mouse_move, 556, 298, 2, 715, 224]
[:mouse_move, 558, 300, 2, 716, 225]
[:mouse_move, 559, 303, 2, 717, 225]
[:mouse_move, 560, 305, 2, 718, 225]
[:mouse_move, 562, 308, 2, 719, 225]
[:mouse_move, 563, 311, 2, 720, 226]
[:mouse_move, 564, 313, 2, 721, 226]
[:mouse_move, 565, 316, 2, 722, 226]
[:mouse_move, 566, 318, 2, 723, 226]
[:mouse_move, 567, 320, 2, 724, 227]
[:mouse_move, 568, 322, 2, 725, 227]
[:mouse_move, 570, 325, 2, 726, 227]
[:mouse_move, 571, 328, 2, 727, 227]
[:mouse_move, 572, 331, 2, 728, 228]
[:mouse_move, 573, 335, 2, 729, 228]
[:mouse_move, 574, 338, 2, 730, 228]
[:mouse_move, 575, 341, 2, 731, 228]
[:mouse_move, 576, 345, 2, 732, 229]
[:mouse_move, 577, 348, 2, 733, 229]
[:mouse_move, 577, 351, 2, 734, 229]
[:mouse_move, 578, 354, 2, 735, 229]
[:mouse_move, 578, 357, 2, 736, 230]
[:mouse_move, 579, 360, 2, 737, 230]
[:mouse_move, 579, 362, 2, 738, 230]
[:mouse_move, 580, 365, 2, 739, 230]
[:mouse_move, 580, 367, 2, 740, 231]
[:mouse_move, 580, 369, 2, 741, 231]
[:mouse_move, 581, 372, 2, 742, 231]
[:mouse_move, 581, 374, 2, 743, 231]
[:mouse_move, 581, 377, 2, 744, 232]
[:mouse_move, 581, 381, 2, 745, 232]
[:mouse_move, 582, 384, 2, 746, 232]
[:mouse_move, 582, 386, 2, 747, 232]
[:mouse_move, 582, 388, 2, 748, 233]
[:mouse_move, 582, 389, 2, 749, 233]
[:mouse_move, 582, 390, 2, 750, 233]
[:mouse_move, 582, 393, 2, 751, 233]
[:mouse_move, 582, 396, 2, 752, 234]
[:mouse_move, 582, 398, 2, 753, 234]
[:mouse_move, 582, 400, 2, 754, 234]
[:mouse_move, 582, 402, 2, 755, 234]
[:mouse_move, 582, 403, 2, 756, 235]
[:mouse_move, 582, 404, 2, 757, 235]
[:mouse_move, 582, 406, 2, 758, 235]
[:mouse_move, 581, 408, 2, 759, 235]
[:mouse_move, 581, 410, 2, 760, 236]
[:mouse_move, 581, 412, 2, 761, 236]
[:mouse_move, 581, 412, 2, 762, 236]
[:mouse_move, 581, 413, 2, 763, 236]
[:mouse_move, 580, 414, 2, 764, 237]
[:mouse_move, 580, 415, 2, 765, 237]
[:mouse_move, 579, 417, 2, 766, 237]
[:mouse_move, 579, 418, 2, 767, 237]
[:mouse_move, 578, 420, 2, 768, 238]
[:mouse_move, 577, 421, 2, 769, 238]
[:mouse_move, 577, 421, 2, 770, 238]
[:mouse_move, 576, 422, 2, 771, 238]
[:mouse_move, 575, 423, 2, 772, 239]
[:mouse_move, 575, 425, 2, 773, 239]
[:mouse_move, 574, 426, 2, 774, 239]
[:mouse_move, 573, 427, 2, 775, 239]
[:mouse_move, 572, 428, 2, 776, 240]
[:mouse_move, 571, 430, 2, 777, 240]
[:mouse_move, 570, 431, 2, 778, 240]
[:mouse_move, 569, 432, 2, 779, 240]
[:mouse_move, 567, 434, 2, 780, 241]
[:mouse_move, 565, 437, 2, 781, 241]
[:mouse_move, 563, 439, 2, 782, 241]
[:mouse_move, 561, 441, 2, 783, 241]
[:mouse_move, 559, 442, 2, 784, 242]
[:mouse_move, 556, 444, 2, 785, 242]
[:mouse_move, 554, 446, 2, 786, 242]
[:mouse_move, 553, 446, 2, 787, 242]
[:mouse_move, 552, 447, 2, 788, 243]
[:mouse_move, 551, 448, 2, 789, 243]
[:mouse_move, 550, 449, 2, 790, 243]
[:mouse_move, 548, 450, 2, 791, 243]
[:mouse_move, 546, 452, 2, 792, 244]
[:mouse_move, 544, 454, 2, 793, 244]
[:mouse_move, 542, 455, 2, 794, 244]
[:mouse_move, 540, 457, 2, 795, 244]
[:mouse_move, 537, 458, 2, 796, 245]
[:mouse_move, 535, 460, 2, 797, 245]
[:mouse_move, 533, 462, 2, 798, 245]
[:mouse_move, 530, 463, 2, 799, 245]
[:mouse_move, 528, 465, 2, 800, 246]
[:mouse_move, 525, 467, 2, 801, 246]
[:mouse_move, 523, 468, 2, 802, 246]
[:mouse_move, 521, 469, 2, 803, 246]
[:mouse_move, 520, 470, 2, 804, 247]
[:mouse_move, 518, 471, 2, 805, 247]
[:mouse_move, 516, 472, 2, 806, 247]
[:mouse_move, 515, 473, 2, 807, 247]
[:mouse_move, 513, 474, 2, 808, 248]
[:mouse_move, 511, 475, 2, 809, 248]
[:mouse_move, 508, 477, 2, 810, 248]
[:mouse_move, 506, 478, 2, 811, 248]
[:mouse_move, 504, 479, 2, 812, 249]
[:mouse_move, 503, 479, 2, 813, 249]
[:mouse_move, 502, 480, 2, 814, 249]
[:mouse_move, 500, 480, 2, 815, 249]
[:mouse_move, 498, 481, 2, 816, 250]
[:mouse_move, 495, 482, 2, 817, 250]
[:mouse_move, 492, 483, 2, 818, 250]
[:mouse_move, 491, 484, 2, 819, 250]
[:mouse_move, 490, 484, 2, 820, 251]
[:mouse_move, 489, 485, 2, 821, 251]
[:mouse_move, 489, 485, 2, 822, 251]
[:mouse_move, 487, 486, 2, 823, 251]
[:mouse_move, 484, 486, 2, 824, 252]
[:mouse_move, 481, 487, 2, 825, 252]
[:mouse_move, 478, 488, 2, 826, 252]
[:mouse_move, 476, 488, 2, 827, 252]
[:mouse_move, 474, 489, 2, 828, 253]
[:mouse_move, 473, 489, 2, 829, 253]
[:mouse_move, 471, 489, 2, 830, 253]
[:mouse_move, 469, 490, 2, 831, 253]
[:mouse_move, 467, 490, 2, 832, 254]
[:mouse_move, 466, 490, 2, 833, 254]
[:mouse_move, 463, 490, 2, 834, 254]
[:mouse_move, 460, 491, 2, 835, 254]
[:mouse_move, 457, 491, 2, 836, 255]
[:mouse_move, 455, 491, 2, 837, 255]
[:mouse_move, 453, 492, 2, 838, 255]
[:mouse_move, 452, 492, 2, 839, 255]
[:mouse_move, 450, 492, 2, 840, 256]
[:mouse_move, 448, 492, 2, 841, 256]
[:mouse_move, 447, 492, 2, 842, 256]
[:mouse_move, 445, 493, 2, 843, 256]
[:mouse_move, 443, 493, 2, 844, 257]
[:mouse_move, 441, 493, 2, 845, 257]
[:mouse_move, 440, 493, 2, 846, 257]
[:mouse_move, 438, 493, 2, 847, 257]
[:mouse_move, 437, 493, 2, 848, 258]
[:mouse_move, 435, 493, 2, 849, 258]
[:mouse_move, 434, 493, 2, 850, 258]
[:mouse_move, 432, 493, 2, 851, 258]
[:mouse_move, 430, 493, 2, 852, 259]
[:mouse_move, 427, 493, 2, 853, 259]
[:mouse_move, 424, 493, 2, 854, 259]
[:mouse_move, 421, 493, 2, 855, 259]
[:mouse_move, 418, 493, 2, 856, 260]
[:mouse_move, 415, 493, 2, 857, 260]
[:mouse_move, 412, 493, 2, 858, 260]
[:mouse_move, 409, 493, 2, 859, 260]
[:mouse_move, 406, 493, 2, 860, 261]
[:mouse_move, 402, 492, 2, 861, 261]
[:mouse_move, 398, 492, 2, 862, 261]
[:mouse_move, 393, 491, 2, 863, 261]
[:mouse_move, 389, 490, 2, 864, 262]
[:mouse_move, 385, 490, 2, 865, 262]
[:mouse_move, 381, 489, 2, 866, 262]
[:mouse_move, 379, 488, 2, 867, 262]
[:mouse_move, 377, 488, 2, 868, 263]
[:mouse_move, 374, 488, 2, 869, 263]
[:mouse_move, 372, 487, 2, 870, 263]
[:mouse_move, 368, 487, 2, 871, 263]
[:mouse_move, 365, 486, 2, 872, 264]
[:mouse_move, 362, 485, 2, 873, 264]
[:mouse_move, 359, 485, 2, 874, 264]
[:mouse_move, 356, 484, 2, 875, 264]
[:mouse_move, 354, 484, 2, 876, 265]
[:mouse_move, 351, 483, 2, 877, 265]
[:mouse_move, 347, 482, 2, 878, 265]
[:mouse_move, 344, 481, 2, 879, 265]
[:mouse_move, 341, 480, 2, 880, 266]
[:mouse_move, 338, 479, 2, 881, 266]
[:mouse_move, 335, 479, 2, 882, 266]
[:mouse_move, 332, 478, 2, 883, 266]
[:mouse_move, 330, 477, 2, 884, 267]
[:mouse_move, 327, 476, 2, 885, 267]
[:mouse_move, 324, 476, 2, 886, 267]
[:mouse_move, 321, 475, 2, 887, 267]
[:mouse_move, 319, 474, 2, 888, 268]
[:mouse_move, 316, 473, 2, 889, 268]
[:mouse_move, 313, 472, 2, 890, 268]
[:mouse_move, 310, 471, 2, 891, 268]
[:mouse_move, 308, 470, 2, 892, 269]
[:mouse_move, 305, 469, 2, 893, 269]
[:mouse_move, 303, 468, 2, 894, 269]
[:mouse_move, 301, 467, 2, 895, 269]
[:mouse_move, 297, 466, 2, 896, 270]
[:mouse_move, 294, 464, 2, 897, 270]
[:mouse_move, 290, 463, 2, 898, 270]
[:mouse_move, 286, 462, 2, 899, 270]
[:mouse_move, 283, 461, 2, 900, 271]
[:mouse_move, 280, 460, 2, 901, 271]
[:mouse_move, 277, 459, 2, 902, 271]
[:mouse_move, 274, 457, 2, 903, 271]
[:mouse_move, 271, 456, 2, 904, 272]
[:mouse_move, 268, 455, 2, 905, 272]
[:mouse_move, 265, 454, 2, 906, 272]
[:mouse_move, 261, 453, 2, 907, 272]
[:mouse_move, 258, 451, 2, 908, 273]
[:mouse_move, 254, 449, 2, 909, 273]
[:mouse_move, 251, 448, 2, 910, 273]
[:mouse_move, 248, 447, 2, 911, 273]
[:mouse_move, 246, 446, 2, 912, 274]
[:mouse_move, 243, 444, 2, 913, 274]
[:mouse_move, 241, 443, 2, 914, 274]
[:mouse_move, 239, 442, 2, 915, 274]
[:mouse_move, 237, 441, 2, 916, 275]
[:mouse_move, 235, 440, 2, 917, 275]
[:mouse_move, 233, 439, 2, 918, 275]
[:mouse_move, 231, 438, 2, 919, 275]
[:mouse_move, 229, 437, 2, 920, 276]
[:mouse_move, 228, 437, 2, 921, 276]
[:mouse_move, 227, 436, 2, 922, 276]
[:mouse_move, 226, 435, 2, 923, 276]
[:mouse_move, 224, 435, 2, 924, 277]
[:mouse_move, 223, 433, 2, 925, 277]
[:mouse_move, 221, 432, 2, 926, 277]
[:mouse_move, 219, 431, 2, 927, 277]
[:mouse_move, 218, 430, 2, 928, 278]
[:mouse_move, 217, 429, 2, 929, 278]
[:mouse_move, 216, 428, 2, 930, 278]
[:mouse_move, 215, 427, 2, 931, 278]
[:mouse_move, 214, 425, 2, 932, 279]
[:mouse_move, 213, 424, 2, 933, 279]
[:mouse_move, 211, 423, 2, 934, 279]
[:mouse_move, 210, 422, 2, 935, 279]
[:mouse_move, 209, 420, 2, 936, 280]
[:mouse_move, 208, 418, 2, 937, 280]
[:mouse_move, 206, 417, 2, 938, 280]
[:mouse_move, 205, 415, 2, 939, 280]
[:mouse_move, 205, 414, 2, 940, 281]
[:mouse_move, 204, 412, 2, 941, 281]
[:mouse_move, 203, 411, 2, 942, 281]
[:mouse_move, 203, 410, 2, 943, 281]
[:mouse_move, 202, 409, 2, 944, 282]
[:mouse_move, 201, 408, 2, 945, 282]
[:mouse_move, 201, 407, 2, 946, 282]
[:mouse_move, 200, 406, 2, 947, 282]
[:mouse_move, 200, 405, 2, 948, 283]
[:mouse_move, 199, 404, 2, 949, 283]
[:mouse_move, 199, 403, 2, 950, 283]
[:mouse_move, 198, 401, 2, 951, 283]
[:mouse_move, 198, 400, 2, 952, 284]
[:mouse_move, 197, 399, 2, 953, 284]
[:mouse_move, 197, 398, 2, 954, 284]
[:mouse_move, 197, 396, 2, 955, 284]
[:mouse_move, 196, 395, 2, 956, 285]
[:mouse_move, 196, 393, 2, 957, 285]
[:mouse_move, 196, 390, 2, 958, 285]
[:mouse_move, 196, 388, 2, 959, 285]
[:mouse_move, 196, 385, 2, 960, 286]
[:mouse_move, 195, 384, 2, 961, 286]
[:mouse_move, 195, 382, 2, 962, 286]
[:mouse_move, 195, 381, 2, 963, 286]
[:mouse_move, 194, 379, 2, 964, 287]
[:mouse_move, 194, 377, 2, 965, 287]
[:mouse_move, 194, 375, 2, 966, 287]
[:mouse_move, 194, 373, 2, 967, 287]
[:mouse_move, 194, 372, 2, 968, 288]
[:mouse_move, 194, 370, 2, 969, 288]
[:mouse_move, 194, 369, 2, 970, 288]
[:mouse_move, 193, 368, 2, 971, 288]
[:mouse_move, 193, 366, 2, 972, 289]
[:mouse_move, 193, 364, 2, 973, 289]
[:mouse_move, 193, 362, 2, 974, 289]
[:mouse_move, 193, 360, 2, 975, 289]
[:mouse_move, 193, 357, 2, 976, 290]
[:mouse_move, 193, 355, 2, 977, 290]
[:mouse_move, 193, 353, 2, 978, 290]
[:mouse_move, 194, 351, 2, 979, 290]
[:mouse_move, 194, 349, 2, 980, 291]
[:mouse_move, 194, 347, 2, 981, 291]
[:mouse_move, 194, 345, 2, 982, 291]
[:mouse_move, 195, 343, 2, 983, 291]
[:mouse_move, 195, 341, 2, 984, 292]
[:mouse_move, 196, 338, 2, 985, 292]
[:mouse_move, 196, 336, 2, 986, 292]
[:mouse_move, 197, 333, 2, 987, 292]
[:mouse_move, 198, 331, 2, 988, 293]
[:mouse_move, 198, 328, 2, 989, 293]
[:mouse_move, 199, 327, 2, 990, 293]
[:mouse_move, 199, 326, 2, 991, 293]
[:mouse_move, 199, 324, 2, 992, 294]
[:mouse_move, 200, 323, 2, 993, 294]
[:mouse_move, 201, 320, 2, 994, 294]
[:mouse_move, 201, 318, 2, 995, 294]
[:mouse_move, 202, 316, 2, 996, 295]
[:mouse_move, 203, 313, 2, 997, 295]
[:mouse_move, 204, 311, 2, 998, 295]
[:mouse_move, 205, 308, 2, 999, 295]
[:mouse_move, 206, 306, 2, 1000, 296]
[:mouse_move, 208, 304, 2, 1001, 296]
[:mouse_move, 209, 302, 2, 1002, 296]
[:mouse_move, 210, 300, 2, 1003, 296]
[:mouse_move, 211, 298, 2, 1004, 297]
[:mouse_move, 213, 296, 2, 1005, 297]
[:mouse_move, 214, 293, 2, 1006, 297]
[:mouse_move, 215, 291, 2, 1007, 297]
[:mouse_move, 218, 288, 2, 1008, 298]
[:mouse_move, 220, 285, 2, 1009, 298]
[:mouse_move, 222, 283, 2, 1010, 298]
[:mouse_move, 224, 280, 2, 1011, 298]
[:mouse_move, 226, 278, 2, 1012, 299]
[:mouse_move, 228, 276, 2, 1013, 299]
[:mouse_move, 229, 274, 2, 1014, 299]
[:mouse_move, 231, 272, 2, 1015, 299]
[:mouse_move, 234, 270, 2, 1016, 300]
[:mouse_move, 236, 268, 2, 1017, 300]
[:mouse_move, 238, 266, 2, 1018, 300]
[:mouse_move, 240, 264, 2, 1019, 300]
[:mouse_move, 242, 263, 2, 1020, 301]
[:mouse_move, 245, 261, 2, 1021, 301]
[:mouse_move, 247, 259, 2, 1022, 301]
[:mouse_move, 250, 257, 2, 1023, 301]
[:mouse_move, 252, 255, 2, 1024, 302]
[:mouse_move, 255, 253, 2, 1025, 302]
[:mouse_move, 257, 252, 2, 1026, 302]
[:mouse_move, 259, 250, 2, 1027, 302]
[:mouse_move, 261, 249, 2, 1028, 303]
[:mouse_move, 263, 248, 2, 1029, 303]
[:mouse_move, 266, 247, 2, 1030, 303]
[:mouse_move, 268, 246, 2, 1031, 303]
[:mouse_move, 270, 245, 2, 1032, 304]
[:mouse_move, 272, 244, 2, 1033, 304]
[:mouse_move, 275, 243, 2, 1034, 304]
[:mouse_move, 277, 242, 2, 1035, 304]
[:mouse_move, 279, 241, 2, 1036, 305]
[:mouse_move, 282, 240, 2, 1037, 305]
[:mouse_move, 285, 239, 2, 1038, 305]
[:mouse_move, 288, 238, 2, 1039, 305]
[:mouse_move, 291, 237, 2, 1040, 306]
[:mouse_move, 293, 236, 2, 1041, 306]
[:mouse_move, 296, 236, 2, 1042, 306]
[:mouse_move, 298, 235, 2, 1043, 306]
[:mouse_move, 301, 234, 2, 1044, 307]
[:mouse_move, 304, 234, 2, 1045, 307]
[:mouse_move, 307, 234, 2, 1046, 307]
[:mouse_move, 309, 233, 2, 1047, 307]
[:mouse_move, 312, 233, 2, 1048, 308]
[:mouse_move, 315, 233, 2, 1049, 308]
[:mouse_move, 317, 232, 2, 1050, 308]
[:mouse_move, 320, 232, 2, 1051, 308]
[:mouse_move, 323, 232, 2, 1052, 309]
[:mouse_move, 326, 231, 2, 1053, 309]
[:mouse_move, 329, 231, 2, 1054, 309]
[:mouse_move, 332, 231, 2, 1055, 309]
[:mouse_move, 335, 231, 2, 1056, 310]
[:mouse_move, 338, 231, 2, 1057, 310]
[:mouse_move, 342, 231, 2, 1058, 310]
[:mouse_move, 344, 231, 2, 1059, 310]
[:mouse_move, 347, 231, 2, 1060, 311]
[:mouse_move, 350, 232, 2, 1061, 311]
[:mouse_move, 352, 232, 2, 1062, 311]
[:mouse_move, 355, 232, 2, 1063, 311]
[:mouse_move, 358, 233, 2, 1064, 312]
[:mouse_move, 361, 233, 2, 1065, 312]
[:mouse_move, 363, 234, 2, 1066, 312]
[:mouse_move, 364, 234, 2, 1067, 312]
[:mouse_move, 366, 235, 2, 1068, 313]
[:mouse_move, 367, 235, 2, 1069, 313]
[:mouse_move, 369, 236, 2, 1070, 313]
[:mouse_move, 371, 236, 2, 1071, 313]
[:mouse_move, 373, 237, 2, 1072, 314]
[:mouse_move, 374, 237, 2, 1073, 314]
[:mouse_move, 374, 237, 2, 1074, 314]
[:mouse_move, 375, 238, 2, 1075, 314]
[:mouse_move, 376, 238, 2, 1076, 315]
[:mouse_move, 377, 238, 2, 1077, 315]
[:mouse_move, 377, 238, 2, 1078, 315]
[:mouse_move, 377, 239, 2, 1079, 315]
[:mouse_move, 377, 239, 2, 1080, 316]
[:mouse_move, 377, 239, 2, 1081, 316]
[:mouse_move, 378, 239, 2, 1082, 316]
[:mouse_move, 378, 239, 2, 1083, 316]
[:mouse_move, 378, 239, 2, 1084, 317]
[:mouse_move, 378, 239, 2, 1085, 317]
[:mouse_move, 378, 239, 2, 1086, 317]
[:mouse_move, 378, 239, 2, 1087, 317]
[:mouse_move, 378, 239, 2, 1088, 318]
[:mouse_move, 378, 240, 2, 1089, 318]
[:mouse_move, 378, 240, 2, 1090, 318]
[:mouse_move, 378, 240, 2, 1091, 318]
[:mouse_move, 379, 240, 2, 1092, 319]
[:mouse_move, 379, 241, 2, 1093, 319]
[:mouse_move, 379, 241, 2, 1094, 319]
[:mouse_move, 379, 242, 2, 1095, 319]
[:mouse_move, 379, 243, 2, 1096, 320]
[:mouse_move, 380, 243, 2, 1097, 320]
[:mouse_move, 380, 244, 2, 1098, 320]
[:mouse_move, 380, 245, 2, 1099, 320]
[:mouse_move, 380, 246, 2, 1100, 321]
[:mouse_move, 381, 247, 2, 1101, 321]
[:mouse_move, 381, 248, 2, 1102, 321]
[:mouse_move, 381, 249, 2, 1103, 321]
[:mouse_move, 381, 251, 2, 1104, 322]
[:mouse_move, 381, 252, 2, 1105, 322]
[:mouse_move, 382, 253, 2, 1106, 322]
[:mouse_move, 382, 255, 2, 1107, 322]
[:mouse_move, 382, 256, 2, 1108, 323]
[:mouse_move, 382, 258, 2, 1109, 323]
[:mouse_move, 382, 259, 2, 1110, 323]
[:mouse_move, 383, 261, 2, 1111, 323]
[:mouse_move, 383, 263, 2, 1112, 324]
[:mouse_move, 384, 266, 2, 1113, 324]
[:mouse_move, 384, 269, 2, 1114, 324]
[:mouse_move, 384, 272, 2, 1115, 324]
[:mouse_move, 384, 274, 2, 1116, 325]
[:mouse_move, 384, 276, 2, 1117, 325]
[:mouse_move, 384, 278, 2, 1118, 325]
[:mouse_move, 385, 280, 2, 1119, 325]
[:mouse_move, 385, 284, 2, 1120, 326]
[:mouse_move, 385, 287, 2, 1121, 326]
[:mouse_move, 385, 291, 2, 1122, 326]
[:mouse_move, 386, 295, 2, 1123, 326]
[:mouse_move, 386, 297, 2, 1124, 327]
[:mouse_move, 386, 300, 2, 1125, 327]
[:mouse_move, 386, 303, 2, 1126, 327]
[:mouse_move, 386, 306, 2, 1127, 327]
[:mouse_move, 386, 309, 2, 1128, 328]
[:mouse_move, 386, 313, 2, 1129, 328]
[:mouse_move, 386, 316, 2, 1130, 328]
[:mouse_move, 386, 319, 2, 1131, 328]
[:mouse_move, 386, 322, 2, 1132, 329]
[:mouse_move, 386, 325, 2, 1133, 329]
[:mouse_move, 386, 328, 2, 1134, 329]
[:mouse_move, 387, 330, 2, 1135, 329]
[:mouse_move, 387, 332, 2, 1136, 330]
[:mouse_move, 387, 334, 2, 1137, 330]
[:mouse_move, 387, 336, 2, 1138, 330]
[:mouse_move, 387, 338, 2, 1139, 330]
[:mouse_move, 387, 340, 2, 1140, 331]
[:mouse_move, 388, 342, 2, 1141, 331]
[:mouse_move, 388, 344, 2, 1142, 331]
[:mouse_move, 388, 345, 2, 1143, 331]
[:mouse_move, 388, 346, 2, 1144, 332]
[:mouse_move, 388, 347, 2, 1145, 332]
[:mouse_move, 388, 348, 2, 1146, 332]
[:mouse_move, 388, 349, 2, 1147, 332]
[:mouse_move, 388, 350, 2, 1148, 333]
[:mouse_move, 388, 351, 2, 1149, 333]
[:mouse_move, 388, 351, 2, 1150, 333]
[:mouse_move, 388, 351, 2, 1151, 333]
[:mouse_move, 388, 351, 2, 1152, 334]
[:mouse_move, 388, 352, 2, 1153, 334]
[:mouse_move, 388, 352, 2, 1154, 334]
[:mouse_move, 388, 352, 2, 1155, 334]
[:mouse_move, 388, 353, 2, 1156, 335]
[:mouse_move, 388, 353, 2, 1157, 335]
[:mouse_move, 388, 353, 2, 1158, 335]
[:mouse_move, 388, 354, 2, 1159, 335]
[:mouse_move, 388, 354, 2, 1160, 336]
[:mouse_move, 388, 354, 2, 1161, 336]
[:mouse_move, 388, 354, 2, 1162, 336]
[:mouse_move, 388, 354, 2, 1163, 336]
[:mouse_move, 388, 354, 2, 1164, 337]
[:mouse_move, 388, 355, 2, 1165, 337]
[:mouse_move, 388, 355, 2, 1166, 337]
[:mouse_move, 388, 355, 2, 1167, 337]
[:mouse_move, 388, 356, 2, 1168, 338]
[:mouse_move, 388, 356, 2, 1169, 338]
[:mouse_move, 388, 356, 2, 1170, 338]
[:mouse_move, 388, 356, 2, 1171, 338]
[:mouse_move, 388, 356, 2, 1172, 339]
[:mouse_move, 388, 357, 2, 1173, 339]
[:mouse_move, 388, 357, 2, 1174, 339]
[:mouse_move, 388, 357, 2, 1175, 339]
[:mouse_move, 388, 357, 2, 1176, 340]
[:mouse_move, 388, 357, 2, 1177, 340]
[:mouse_move, 388, 357, 2, 1178, 340]
[:mouse_move, 388, 357, 2, 1179, 340]
[:mouse_move, 388, 357, 2, 1180, 341]
[:mouse_move, 388, 357, 2, 1181, 341]
[:mouse_move, 388, 357, 2, 1182, 341]
[:mouse_move, 388, 357, 2, 1183, 342]
[:mouse_move, 388, 357, 2, 1184, 342]
[:mouse_move, 388, 357, 2, 1185, 342]
[:mouse_move, 388, 357, 2, 1186, 343]
[:mouse_move, 388, 357, 2, 1187, 343]
[:mouse_move, 388, 357, 2, 1188, 343]
[:mouse_move, 388, 357, 2, 1189, 343]
[:mouse_move, 388, 357, 2, 1190, 344]
[:mouse_move, 388, 357, 2, 1191, 349]
[:mouse_move, 388, 357, 2, 1192, 349]
[:mouse_move, 388, 357, 2, 1193, 349]
[:mouse_move, 388, 357, 2, 1194, 349]
[:mouse_move, 388, 357, 2, 1195, 350]
[:mouse_move, 388, 357, 2, 1196, 350]
[:mouse_move, 388, 357, 2, 1197, 351]
[:mouse_move, 388, 357, 2, 1198, 351]
[:mouse_move, 388, 357, 2, 1199, 351]
[:mouse_move, 388, 356, 2, 1200, 351]
[:mouse_move, 388, 356, 2, 1201, 352]
[:mouse_move, 388, 356, 2, 1202, 352]
[:mouse_button_up, 1, 0, 1, 1203, 364]
[:mouse_move, 388, 356, 2, 1204, 364]
[:mouse_move, 405, 359, 2, 1205, 365]
[:mouse_move, 423, 363, 2, 1206, 365]
[:mouse_move, 442, 366, 2, 1207, 365]
[:mouse_move, 461, 370, 2, 1208, 365]
[:mouse_move, 480, 374, 2, 1209, 366]
[:mouse_move, 499, 378, 2, 1210, 366]
[:mouse_move, 519, 382, 2, 1211, 366]
[:mouse_move, 541, 387, 2, 1212, 366]
[:mouse_move, 564, 393, 2, 1213, 367]
[:mouse_move, 587, 400, 2, 1214, 367]
[:mouse_move, 610, 406, 2, 1215, 367]
[:mouse_move, 634, 411, 2, 1216, 367]
[:mouse_move, 658, 416, 2, 1217, 368]
[:mouse_move, 682, 422, 2, 1218, 368]
[:mouse_move, 710, 428, 2, 1219, 368]
[:mouse_move, 742, 436, 2, 1220, 368]
[:mouse_move, 775, 444, 2, 1221, 369]
[:mouse_move, 807, 452, 2, 1222, 369]
[:mouse_move, 822, 454, 2, 1223, 369]
[:mouse_move, 834, 456, 2, 1224, 369]
[:mouse_move, 846, 458, 2, 1225, 370]
[:mouse_move, 861, 460, 2, 1226, 370]
[:mouse_move, 886, 464, 2, 1227, 370]
[:mouse_move, 911, 467, 2, 1228, 370]
[:mouse_move, 935, 470, 2, 1229, 371]
[:mouse_move, 950, 472, 2, 1230, 371]
[:mouse_move, 966, 472, 2, 1231, 371]
[:mouse_move, 981, 472, 2, 1232, 371]
[:mouse_move, 997, 473, 2, 1233, 372]
[:mouse_move, 1003, 473, 2, 1234, 372]
[:mouse_move, 1006, 473, 2, 1235, 372]
[:mouse_move, 1010, 473, 2, 1236, 372]
[:mouse_move, 1015, 473, 2, 1237, 373]
[:mouse_move, 1025, 473, 2, 1238, 373]
[:mouse_move, 1035, 473, 2, 1239, 373]
[:mouse_move, 1046, 473, 2, 1240, 373]
[:mouse_move, 1053, 473, 2, 1241, 374]
[:mouse_move, 1058, 472, 2, 1242, 374]
[:mouse_move, 1064, 472, 2, 1243, 374]
[:mouse_move, 1069, 471, 2, 1244, 374]
[:mouse_move, 1069, 471, 2, 1245, 375]
[:mouse_move, 1070, 471, 2, 1246, 375]
[:mouse_move, 1070, 471, 2, 1247, 375]
[:mouse_move, 1072, 470, 2, 1248, 375]
[:mouse_move, 1073, 470, 2, 1249, 376]
[:mouse_move, 1075, 469, 2, 1250, 376]
[:mouse_move, 1077, 469, 2, 1251, 376]
[:mouse_move, 1078, 469, 2, 1252, 376]
[:mouse_move, 1079, 468, 2, 1253, 377]
[:mouse_move, 1079, 468, 2, 1254, 377]
[:mouse_move, 1080, 468, 2, 1255, 377]
[:mouse_move, 1080, 468, 2, 1256, 377]
[:mouse_move, 1080, 467, 2, 1257, 378]
[:mouse_move, 1081, 467, 2, 1258, 378]
[:mouse_move, 1081, 467, 2, 1259, 378]
[:mouse_move, 1081, 467, 2, 1260, 378]
[:mouse_move, 1081, 467, 2, 1261, 379]
[:mouse_move, 1081, 467, 2, 1262, 379]
[:mouse_move, 1081, 466, 2, 1263, 379]
[:mouse_move, 1081, 466, 2, 1264, 379]
[:mouse_move, 1081, 466, 2, 1265, 380]
[:mouse_move, 1081, 466, 2, 1266, 380]
[:mouse_move, 1081, 466, 2, 1267, 380]
[:mouse_move, 1081, 465, 2, 1268, 380]
[:mouse_move, 1081, 464, 2, 1269, 381]
[:mouse_move, 1081, 464, 2, 1270, 381]
[:mouse_move, 1081, 463, 2, 1271, 381]
[:mouse_move, 1081, 461, 2, 1272, 381]
[:mouse_move, 1081, 460, 2, 1273, 382]
[:mouse_move, 1079, 458, 2, 1274, 382]
[:mouse_move, 1077, 457, 2, 1275, 382]
[:mouse_move, 1076, 455, 2, 1276, 382]
[:mouse_move, 1074, 453, 2, 1277, 383]
[:mouse_move, 1071, 452, 2, 1278, 383]
[:mouse_move, 1069, 450, 2, 1279, 383]
[:mouse_move, 1067, 448, 2, 1280, 383]
[:mouse_move, 1063, 446, 2, 1281, 384]
[:mouse_move, 1060, 444, 2, 1282, 384]
[:mouse_move, 1056, 441, 2, 1283, 384]
[:mouse_move, 1053, 439, 2, 1284, 384]
[:mouse_move, 1050, 438, 2, 1285, 385]
[:mouse_move, 1047, 436, 2, 1286, 385]
[:mouse_move, 1044, 435, 2, 1287, 385]
[:mouse_move, 1042, 434, 2, 1288, 385]
[:mouse_move, 1040, 433, 2, 1289, 386]
[:mouse_move, 1038, 432, 2, 1290, 386]
[:mouse_move, 1036, 432, 2, 1291, 386]
[:mouse_move, 1034, 430, 2, 1292, 386]
[:mouse_move, 1031, 429, 2, 1293, 387]
[:mouse_move, 1028, 428, 2, 1294, 387]
[:mouse_move, 1025, 426, 2, 1295, 387]
[:mouse_move, 1022, 425, 2, 1296, 387]
[:mouse_move, 1019, 423, 2, 1297, 388]
[:mouse_move, 1016, 422, 2, 1298, 388]
[:mouse_move, 1014, 421, 2, 1299, 388]
[:mouse_move, 1014, 421, 2, 1300, 388]
[:mouse_move, 1013, 420, 2, 1301, 389]
[:mouse_move, 1012, 420, 2, 1302, 389]
[:mouse_move, 1010, 418, 2, 1303, 389]
[:mouse_move, 1008, 417, 2, 1304, 389]
[:mouse_move, 1006, 415, 2, 1305, 390]
[:mouse_move, 1005, 414, 2, 1306, 390]
[:mouse_move, 1004, 414, 2, 1307, 390]
[:mouse_move, 1003, 413, 2, 1308, 390]
[:mouse_move, 1002, 412, 2, 1309, 391]
[:mouse_move, 1001, 411, 2, 1310, 391]
[:mouse_move, 1000, 411, 2, 1311, 391]
[:mouse_move, 999, 410, 2, 1312, 391]
[:mouse_move, 999, 409, 2, 1313, 392]
[:mouse_move, 998, 409, 2, 1314, 392]
[:mouse_move, 998, 408, 2, 1315, 392]
[:mouse_move, 997, 407, 2, 1316, 392]
[:mouse_move, 996, 406, 2, 1317, 393]
[:mouse_move, 996, 406, 2, 1318, 393]
[:mouse_move, 995, 405, 2, 1319, 393]
[:mouse_move, 995, 404, 2, 1320, 393]
[:mouse_move, 994, 402, 2, 1321, 394]
[:mouse_move, 993, 400, 2, 1322, 394]
[:mouse_move, 993, 398, 2, 1323, 394]
[:mouse_move, 992, 396, 2, 1324, 394]
[:mouse_move, 991, 395, 2, 1325, 395]
[:mouse_move, 991, 393, 2, 1326, 395]
[:mouse_move, 990, 392, 2, 1327, 395]
[:mouse_move, 990, 390, 2, 1328, 395]
[:mouse_move, 990, 389, 2, 1329, 396]
[:mouse_move, 989, 388, 2, 1330, 396]
[:mouse_move, 989, 387, 2, 1331, 396]
[:mouse_move, 988, 385, 2, 1332, 396]
[:mouse_move, 987, 384, 2, 1333, 397]
[:mouse_move, 986, 382, 2, 1334, 397]
[:mouse_move, 986, 381, 2, 1335, 397]
[:mouse_move, 985, 381, 2, 1336, 397]
[:mouse_move, 985, 380, 2, 1337, 398]
[:mouse_move, 985, 380, 2, 1338, 398]
[:mouse_move, 984, 379, 2, 1339, 398]
[:mouse_move, 984, 379, 2, 1340, 398]
[:mouse_move, 984, 378, 2, 1341, 399]
[:mouse_move, 984, 378, 2, 1342, 399]
[:mouse_move, 984, 378, 2, 1343, 399]
[:mouse_move, 984, 378, 2, 1344, 399]
[:mouse_move, 984, 378, 2, 1345, 400]
[:mouse_move, 984, 378, 2, 1346, 400]
[:mouse_move, 984, 378, 2, 1347, 401]
[:mouse_move, 984, 378, 2, 1348, 401]
[:mouse_move, 983, 378, 2, 1349, 401]
[:mouse_move, 983, 378, 2, 1350, 402]
[:mouse_move, 983, 378, 2, 1351, 402]
[:mouse_move, 983, 378, 2, 1352, 402]
[:mouse_move, 983, 378, 2, 1353, 402]
[:mouse_move, 983, 378, 2, 1354, 403]
[:mouse_move, 983, 377, 2, 1355, 403]
[:mouse_move, 982, 377, 2, 1356, 403]
[:mouse_move, 982, 377, 2, 1357, 403]
[:mouse_move, 982, 377, 2, 1358, 404]
[:mouse_move, 981, 377, 2, 1359, 404]
[:mouse_move, 981, 377, 2, 1360, 404]
[:mouse_move, 981, 377, 2, 1361, 404]
[:mouse_move, 981, 377, 2, 1362, 405]
[:mouse_move, 981, 377, 2, 1363, 405]
[:mouse_move, 981, 377, 2, 1364, 405]
[:mouse_move, 980, 377, 2, 1365, 405]
[:mouse_move, 980, 377, 2, 1366, 405]
[:mouse_move, 980, 376, 2, 1367, 405]
[:mouse_move, 980, 376, 2, 1368, 405]
[:mouse_move, 980, 376, 2, 1369, 405]
[:mouse_move, 980, 376, 2, 1370, 406]
[:mouse_move, 980, 376, 2, 1371, 406]
[:mouse_move, 980, 376, 2, 1372, 406]
[:mouse_move, 980, 376, 2, 1373, 406]
[:mouse_move, 980, 376, 2, 1374, 407]
[:mouse_move, 980, 376, 2, 1375, 407]
[:mouse_move, 980, 375, 2, 1376, 407]
[:mouse_move, 980, 375, 2, 1377, 407]
[:mouse_move, 980, 375, 2, 1378, 408]
[:mouse_move, 980, 375, 2, 1379, 408]
[:mouse_move, 980, 375, 2, 1380, 408]
[:mouse_move, 980, 375, 2, 1381, 408]
[:mouse_move, 980, 375, 2, 1382, 409]
[:mouse_move, 980, 375, 2, 1383, 409]
[:mouse_move, 980, 375, 2, 1384, 409]
[:mouse_move, 980, 375, 2, 1385, 409]
[:mouse_move, 980, 375, 2, 1386, 410]
[:mouse_move, 980, 375, 2, 1387, 410]
[:mouse_move, 980, 375, 2, 1388, 410]
[:mouse_move, 980, 375, 2, 1389, 410]
[:mouse_move, 979, 375, 2, 1390, 411]
[:mouse_move, 979, 375, 2, 1391, 411]
[:mouse_move, 979, 374, 2, 1392, 411]
[:mouse_move, 979, 374, 2, 1393, 411]
[:mouse_move, 979, 374, 2, 1394, 412]
[:mouse_move, 979, 374, 2, 1395, 412]
[:mouse_move, 979, 374, 2, 1396, 412]
[:mouse_move, 979, 374, 2, 1397, 412]
[:mouse_move, 979, 374, 2, 1398, 413]
[:mouse_move, 979, 374, 2, 1399, 413]
[:mouse_move, 979, 374, 2, 1400, 413]
[:mouse_move, 978, 373, 2, 1401, 413]
[:mouse_move, 977, 373, 2, 1402, 414]
[:mouse_move, 976, 372, 2, 1403, 414]
[:mouse_move, 976, 371, 2, 1404, 414]
[:mouse_move, 975, 371, 2, 1405, 414]
[:mouse_move, 974, 370, 2, 1406, 415]
[:mouse_move, 974, 369, 2, 1407, 415]
[:mouse_move, 973, 369, 2, 1408, 415]
[:mouse_move, 972, 368, 2, 1409, 415]
[:mouse_move, 971, 368, 2, 1410, 416]
[:mouse_move, 971, 367, 2, 1411, 416]
[:mouse_move, 970, 367, 2, 1412, 416]
[:mouse_move, 969, 366, 2, 1413, 416]
[:mouse_move, 969, 366, 2, 1414, 417]
[:mouse_move, 968, 365, 2, 1415, 417]
[:mouse_move, 968, 365, 2, 1416, 417]
[:mouse_move, 968, 365, 2, 1417, 417]
[:mouse_move, 967, 365, 2, 1418, 418]
[:mouse_move, 967, 364, 2, 1419, 418]
[:mouse_move, 967, 364, 2, 1420, 418]
[:mouse_move, 967, 364, 2, 1421, 418]
[:mouse_move, 967, 364, 2, 1422, 419]
[:mouse_move, 967, 364, 2, 1423, 419]
[:mouse_move, 967, 364, 2, 1424, 420]
[:mouse_move, 966, 364, 2, 1425, 420]
[:mouse_move, 966, 364, 2, 1426, 420]
[:mouse_move, 966, 364, 2, 1427, 420]
[:mouse_move, 966, 364, 2, 1428, 421]
[:mouse_move, 966, 364, 2, 1429, 421]
[:mouse_move, 966, 364, 2, 1430, 421]
[:mouse_move, 966, 363, 2, 1431, 421]
[:mouse_move, 965, 363, 2, 1432, 422]
[:mouse_move, 965, 363, 2, 1433, 422]
[:mouse_move, 965, 363, 2, 1434, 422]
[:mouse_move, 964, 363, 2, 1435, 422]
[:mouse_move, 964, 362, 2, 1436, 423]
[:mouse_move, 964, 362, 2, 1437, 423]
[:mouse_move, 964, 362, 2, 1438, 423]
[:mouse_move, 964, 362, 2, 1439, 423]
[:mouse_move, 963, 362, 2, 1440, 424]
[:mouse_move, 963, 362, 2, 1441, 424]
[:mouse_move, 963, 361, 2, 1442, 424]
[:mouse_move, 963, 361, 2, 1443, 424]
[:mouse_move, 963, 361, 2, 1444, 425]
[:mouse_move, 962, 361, 2, 1445, 425]
[:mouse_move, 962, 361, 2, 1446, 425]
[:mouse_move, 962, 361, 2, 1447, 426]
[:mouse_move, 962, 361, 2, 1448, 426]
[:mouse_move, 962, 361, 2, 1449, 427]
[:mouse_move, 962, 361, 2, 1450, 427]
[:mouse_move, 962, 361, 2, 1451, 431]
[:mouse_move, 963, 361, 2, 1452, 432]
[:mouse_move, 963, 361, 2, 1453, 432]
[:mouse_move, 963, 361, 2, 1454, 432]
[:mouse_move, 963, 361, 2, 1455, 432]
[:mouse_move, 963, 361, 2, 1456, 432]
[:mouse_move, 963, 361, 2, 1457, 433]
[:mouse_move, 963, 361, 2, 1458, 433]
[:mouse_move, 963, 361, 2, 1459, 433]
[:mouse_button_pressed, 1, 0, 1, 1460, 451]
[:mouse_move, 963, 361, 2, 1461, 451]
[:mouse_move, 963, 361, 2, 1462, 451]
[:mouse_move, 963, 361, 2, 1463, 451]
[:mouse_move, 963, 361, 2, 1464, 451]
[:mouse_move, 962, 361, 2, 1465, 451]
[:mouse_move, 961, 361, 2, 1466, 452]
[:mouse_move, 959, 361, 2, 1467, 452]
[:mouse_move, 958, 361, 2, 1468, 452]
[:mouse_move, 956, 362, 2, 1469, 452]
[:mouse_move, 955, 362, 2, 1470, 453]
[:mouse_move, 953, 363, 2, 1471, 453]
[:mouse_move, 951, 364, 2, 1472, 453]
[:mouse_move, 948, 365, 2, 1473, 453]
[:mouse_move, 945, 366, 2, 1474, 454]
[:mouse_move, 943, 367, 2, 1475, 454]
[:mouse_move, 941, 368, 2, 1476, 454]
[:mouse_move, 940, 368, 2, 1477, 454]
[:mouse_move, 939, 368, 2, 1478, 455]
[:mouse_move, 937, 369, 2, 1479, 455]
[:mouse_move, 934, 370, 2, 1480, 455]
[:mouse_move, 930, 370, 2, 1481, 455]
[:mouse_move, 927, 371, 2, 1482, 456]
[:mouse_move, 924, 372, 2, 1483, 456]
[:mouse_move, 922, 372, 2, 1484, 456]
[:mouse_move, 920, 372, 2, 1485, 456]
[:mouse_move, 917, 373, 2, 1486, 457]
[:mouse_move, 915, 373, 2, 1487, 457]
[:mouse_move, 912, 373, 2, 1488, 457]
[:mouse_move, 910, 374, 2, 1489, 457]
[:mouse_move, 908, 374, 2, 1490, 458]
[:mouse_move, 904, 374, 2, 1491, 458]
[:mouse_move, 901, 375, 2, 1492, 458]
[:mouse_move, 897, 375, 2, 1493, 458]
[:mouse_move, 894, 375, 2, 1494, 459]
[:mouse_move, 892, 375, 2, 1495, 459]
[:mouse_move, 889, 376, 2, 1496, 459]
[:mouse_move, 886, 376, 2, 1497, 459]
[:mouse_move, 884, 376, 2, 1498, 460]
[:mouse_move, 883, 376, 2, 1499, 460]
[:mouse_move, 881, 376, 2, 1500, 460]
[:mouse_move, 878, 376, 2, 1501, 460]
[:mouse_move, 875, 376, 2, 1502, 461]
[:mouse_move, 872, 376, 2, 1503, 461]
[:mouse_move, 869, 376, 2, 1504, 461]
[:mouse_move, 866, 376, 2, 1505, 461]
[:mouse_move, 864, 376, 2, 1506, 462]
[:mouse_move, 862, 376, 2, 1507, 462]
[:mouse_move, 860, 376, 2, 1508, 462]
[:mouse_move, 857, 376, 2, 1509, 462]
[:mouse_move, 855, 376, 2, 1510, 463]
[:mouse_move, 852, 376, 2, 1511, 463]
[:mouse_move, 850, 376, 2, 1512, 463]
[:mouse_move, 849, 376, 2, 1513, 463]
[:mouse_move, 847, 375, 2, 1514, 464]
[:mouse_move, 845, 375, 2, 1515, 464]
[:mouse_move, 844, 375, 2, 1516, 464]
[:mouse_move, 842, 375, 2, 1517, 464]
[:mouse_move, 840, 374, 2, 1518, 465]
[:mouse_move, 837, 374, 2, 1519, 465]
[:mouse_move, 834, 373, 2, 1520, 465]
[:mouse_move, 831, 372, 2, 1521, 465]
[:mouse_move, 827, 371, 2, 1522, 466]
[:mouse_move, 826, 370, 2, 1523, 466]
[:mouse_move, 824, 370, 2, 1524, 466]
[:mouse_move, 822, 369, 2, 1525, 466]
[:mouse_move, 820, 368, 2, 1526, 467]
[:mouse_move, 817, 367, 2, 1527, 467]
[:mouse_move, 815, 366, 2, 1528, 467]
[:mouse_move, 812, 365, 2, 1529, 467]
[:mouse_move, 809, 364, 2, 1530, 468]
[:mouse_move, 807, 363, 2, 1531, 468]
[:mouse_move, 804, 362, 2, 1532, 468]
[:mouse_move, 801, 360, 2, 1533, 468]
[:mouse_move, 799, 359, 2, 1534, 469]
[:mouse_move, 798, 358, 2, 1535, 469]
[:mouse_move, 796, 357, 2, 1536, 469]
[:mouse_move, 794, 356, 2, 1537, 469]
[:mouse_move, 791, 355, 2, 1538, 470]
[:mouse_move, 788, 353, 2, 1539, 470]
[:mouse_move, 785, 352, 2, 1540, 470]
[:mouse_move, 783, 350, 2, 1541, 470]
[:mouse_move, 781, 349, 2, 1542, 471]
[:mouse_move, 779, 347, 2, 1543, 471]
[:mouse_move, 777, 346, 2, 1544, 471]
[:mouse_move, 774, 344, 2, 1545, 471]
[:mouse_move, 771, 342, 2, 1546, 472]
[:mouse_move, 769, 340, 2, 1547, 472]
[:mouse_move, 766, 338, 2, 1548, 472]
[:mouse_move, 764, 336, 2, 1549, 472]
[:mouse_move, 762, 335, 2, 1550, 473]
[:mouse_move, 759, 333, 2, 1551, 473]
[:mouse_move, 758, 332, 2, 1552, 473]
[:mouse_move, 755, 330, 2, 1553, 474]
[:mouse_move, 753, 328, 2, 1554, 474]
[:mouse_move, 751, 326, 2, 1555, 474]
[:mouse_move, 749, 324, 2, 1556, 474]
[:mouse_move, 748, 323, 2, 1557, 474]
[:mouse_move, 746, 321, 2, 1558, 475]
[:mouse_move, 745, 320, 2, 1559, 475]
[:mouse_move, 744, 319, 2, 1560, 475]
[:mouse_move, 743, 318, 2, 1561, 475]
[:mouse_move, 742, 316, 2, 1562, 476]
[:mouse_move, 740, 315, 2, 1563, 476]
[:mouse_move, 738, 313, 2, 1564, 476]
[:mouse_move, 737, 311, 2, 1565, 476]
[:mouse_move, 735, 309, 2, 1566, 477]
[:mouse_move, 735, 308, 2, 1567, 477]
[:mouse_move, 734, 307, 2, 1568, 477]
[:mouse_move, 733, 305, 2, 1569, 477]
[:mouse_move, 732, 304, 2, 1570, 478]
[:mouse_move, 732, 303, 2, 1571, 478]
[:mouse_move, 732, 302, 2, 1572, 478]
[:mouse_move, 731, 302, 2, 1573, 478]
[:mouse_move, 730, 299, 2, 1574, 479]
[:mouse_move, 730, 297, 2, 1575, 479]
[:mouse_move, 729, 295, 2, 1576, 479]
[:mouse_move, 728, 293, 2, 1577, 479]
[:mouse_move, 728, 292, 2, 1578, 480]
[:mouse_move, 728, 291, 2, 1579, 480]
[:mouse_move, 727, 290, 2, 1580, 480]
[:mouse_move, 727, 288, 2, 1581, 480]
[:mouse_move, 726, 287, 2, 1582, 481]
[:mouse_move, 726, 285, 2, 1583, 481]
[:mouse_move, 725, 283, 2, 1584, 481]
[:mouse_move, 725, 282, 2, 1585, 481]
[:mouse_move, 725, 282, 2, 1586, 482]
[:mouse_move, 725, 281, 2, 1587, 482]
[:mouse_move, 725, 280, 2, 1588, 482]
[:mouse_move, 725, 279, 2, 1589, 482]
[:mouse_move, 725, 277, 2, 1590, 483]
[:mouse_move, 725, 276, 2, 1591, 483]
[:mouse_move, 725, 275, 2, 1592, 483]
[:mouse_move, 725, 275, 2, 1593, 483]
[:mouse_move, 725, 274, 2, 1594, 484]
[:mouse_move, 725, 273, 2, 1595, 484]
[:mouse_move, 725, 272, 2, 1596, 484]
[:mouse_move, 725, 272, 2, 1597, 484]
[:mouse_move, 725, 271, 2, 1598, 485]
[:mouse_move, 725, 271, 2, 1599, 485]
[:mouse_move, 725, 270, 2, 1600, 485]
[:mouse_move, 725, 269, 2, 1601, 485]
[:mouse_move, 725, 268, 2, 1602, 486]
[:mouse_move, 725, 266, 2, 1603, 486]
[:mouse_move, 725, 265, 2, 1604, 486]
[:mouse_move, 725, 264, 2, 1605, 486]
[:mouse_move, 725, 263, 2, 1606, 487]
[:mouse_move, 726, 262, 2, 1607, 487]
[:mouse_move, 726, 260, 2, 1608, 487]
[:mouse_move, 727, 259, 2, 1609, 487]
[:mouse_move, 727, 258, 2, 1610, 488]
[:mouse_move, 728, 256, 2, 1611, 488]
[:mouse_move, 729, 254, 2, 1612, 488]
[:mouse_move, 730, 253, 2, 1613, 488]
[:mouse_move, 731, 251, 2, 1614, 489]
[:mouse_move, 732, 250, 2, 1615, 489]
[:mouse_move, 733, 248, 2, 1616, 489]
[:mouse_move, 734, 247, 2, 1617, 489]
[:mouse_move, 735, 245, 2, 1618, 490]
[:mouse_move, 737, 244, 2, 1619, 490]
[:mouse_move, 738, 242, 2, 1620, 490]
[:mouse_move, 739, 241, 2, 1621, 490]
[:mouse_move, 740, 240, 2, 1622, 491]
[:mouse_move, 740, 238, 2, 1623, 491]
[:mouse_move, 742, 237, 2, 1624, 491]
[:mouse_move, 743, 236, 2, 1625, 491]
[:mouse_move, 744, 234, 2, 1626, 492]
[:mouse_move, 746, 233, 2, 1627, 492]
[:mouse_move, 748, 231, 2, 1628, 492]
[:mouse_move, 749, 230, 2, 1629, 492]
[:mouse_move, 751, 228, 2, 1630, 493]
[:mouse_move, 753, 227, 2, 1631, 493]
[:mouse_move, 754, 226, 2, 1632, 493]
[:mouse_move, 755, 225, 2, 1633, 493]
[:mouse_move, 756, 224, 2, 1634, 494]
[:mouse_move, 757, 223, 2, 1635, 494]
[:mouse_move, 758, 222, 2, 1636, 494]
[:mouse_move, 760, 222, 2, 1637, 494]
[:mouse_move, 761, 221, 2, 1638, 495]
[:mouse_move, 762, 220, 2, 1639, 495]
[:mouse_move, 763, 219, 2, 1640, 495]
[:mouse_move, 764, 218, 2, 1641, 495]
[:mouse_move, 766, 217, 2, 1642, 496]
[:mouse_move, 767, 216, 2, 1643, 496]
[:mouse_move, 768, 215, 2, 1644, 496]
[:mouse_move, 769, 215, 2, 1645, 496]
[:mouse_move, 770, 214, 2, 1646, 497]
[:mouse_move, 771, 213, 2, 1647, 497]
[:mouse_move, 772, 213, 2, 1648, 497]
[:mouse_move, 773, 212, 2, 1649, 497]
[:mouse_move, 774, 211, 2, 1650, 498]
[:mouse_move, 776, 210, 2, 1651, 498]
[:mouse_move, 778, 210, 2, 1652, 498]
[:mouse_move, 779, 209, 2, 1653, 498]
[:mouse_move, 780, 208, 2, 1654, 499]
[:mouse_move, 781, 207, 2, 1655, 499]
[:mouse_move, 782, 207, 2, 1656, 499]
[:mouse_move, 784, 206, 2, 1657, 499]
[:mouse_move, 787, 205, 2, 1658, 500]
[:mouse_move, 789, 204, 2, 1659, 500]
[:mouse_move, 791, 202, 2, 1660, 500]
[:mouse_move, 793, 201, 2, 1661, 500]
[:mouse_move, 795, 200, 2, 1662, 501]
[:mouse_move, 798, 199, 2, 1663, 501]
[:mouse_move, 800, 198, 2, 1664, 501]
[:mouse_move, 802, 197, 2, 1665, 501]
[:mouse_move, 804, 196, 2, 1666, 502]
[:mouse_move, 807, 195, 2, 1667, 502]
[:mouse_move, 809, 194, 2, 1668, 502]
[:mouse_move, 811, 193, 2, 1669, 502]
[:mouse_move, 814, 192, 2, 1670, 503]
[:mouse_move, 816, 191, 2, 1671, 503]
[:mouse_move, 819, 190, 2, 1672, 503]
[:mouse_move, 821, 189, 2, 1673, 503]
[:mouse_move, 824, 188, 2, 1674, 504]
[:mouse_move, 826, 188, 2, 1675, 504]
[:mouse_move, 828, 187, 2, 1676, 504]
[:mouse_move, 831, 186, 2, 1677, 504]
[:mouse_move, 833, 185, 2, 1678, 505]
[:mouse_move, 835, 184, 2, 1679, 505]
[:mouse_move, 836, 184, 2, 1680, 505]
[:mouse_move, 837, 183, 2, 1681, 505]
[:mouse_move, 838, 183, 2, 1682, 506]
[:mouse_move, 841, 182, 2, 1683, 506]
[:mouse_move, 843, 181, 2, 1684, 506]
[:mouse_move, 846, 181, 2, 1685, 506]
[:mouse_move, 848, 180, 2, 1686, 507]
[:mouse_move, 850, 179, 2, 1687, 507]
[:mouse_move, 852, 178, 2, 1688, 507]
[:mouse_move, 854, 178, 2, 1689, 507]
[:mouse_move, 856, 177, 2, 1690, 508]
[:mouse_move, 857, 177, 2, 1691, 508]
[:mouse_move, 858, 176, 2, 1692, 508]
[:mouse_move, 860, 176, 2, 1693, 508]
[:mouse_move, 861, 176, 2, 1694, 509]
[:mouse_move, 863, 175, 2, 1695, 509]
[:mouse_move, 865, 175, 2, 1696, 509]
[:mouse_move, 866, 174, 2, 1697, 509]
[:mouse_move, 867, 174, 2, 1698, 510]
[:mouse_move, 868, 174, 2, 1699, 510]
[:mouse_move, 869, 173, 2, 1700, 510]
[:mouse_move, 870, 173, 2, 1701, 510]
[:mouse_move, 871, 173, 2, 1702, 511]
[:mouse_move, 872, 173, 2, 1703, 511]
[:mouse_move, 872, 173, 2, 1704, 511]
[:mouse_move, 873, 173, 2, 1705, 511]
[:mouse_move, 874, 173, 2, 1706, 512]
[:mouse_move, 875, 173, 2, 1707, 512]
[:mouse_move, 876, 173, 2, 1708, 512]
[:mouse_move, 876, 172, 2, 1709, 512]
[:mouse_move, 877, 172, 2, 1710, 513]
[:mouse_move, 878, 172, 2, 1711, 513]
[:mouse_move, 879, 172, 2, 1712, 513]
[:mouse_move, 880, 172, 2, 1713, 513]
[:mouse_move, 881, 172, 2, 1714, 514]
[:mouse_move, 881, 172, 2, 1715, 514]
[:mouse_move, 882, 172, 2, 1716, 514]
[:mouse_move, 882, 172, 2, 1717, 514]
[:mouse_move, 882, 172, 2, 1718, 515]
[:mouse_move, 883, 172, 2, 1719, 515]
[:mouse_move, 884, 172, 2, 1720, 515]
[:mouse_move, 885, 171, 2, 1721, 515]
[:mouse_move, 886, 171, 2, 1722, 516]
[:mouse_move, 887, 171, 2, 1723, 516]
[:mouse_move, 888, 171, 2, 1724, 516]
[:mouse_move, 889, 171, 2, 1725, 516]
[:mouse_move, 889, 171, 2, 1726, 517]
[:mouse_move, 890, 171, 2, 1727, 517]
[:mouse_move, 891, 171, 2, 1728, 517]
[:mouse_move, 891, 171, 2, 1729, 517]
[:mouse_move, 892, 171, 2, 1730, 518]
[:mouse_move, 893, 171, 2, 1731, 518]
[:mouse_move, 894, 171, 2, 1732, 518]
[:mouse_move, 895, 171, 2, 1733, 518]
[:mouse_move, 897, 171, 2, 1734, 519]
[:mouse_move, 898, 171, 2, 1735, 519]
[:mouse_move, 899, 171, 2, 1736, 519]
[:mouse_move, 900, 171, 2, 1737, 519]
[:mouse_move, 901, 171, 2, 1738, 520]
[:mouse_move, 902, 171, 2, 1739, 520]
[:mouse_move, 904, 171, 2, 1740, 520]
[:mouse_move, 906, 171, 2, 1741, 520]
[:mouse_move, 907, 170, 2, 1742, 521]
[:mouse_move, 909, 170, 2, 1743, 521]
[:mouse_move, 911, 170, 2, 1744, 521]
[:mouse_move, 913, 170, 2, 1745, 521]
[:mouse_move, 915, 170, 2, 1746, 522]
[:mouse_move, 917, 170, 2, 1747, 522]
[:mouse_move, 919, 170, 2, 1748, 522]
[:mouse_move, 920, 170, 2, 1749, 522]
[:mouse_move, 922, 170, 2, 1750, 523]
[:mouse_move, 923, 170, 2, 1751, 523]
[:mouse_move, 926, 170, 2, 1752, 523]
[:mouse_move, 928, 170, 2, 1753, 523]
[:mouse_move, 930, 170, 2, 1754, 524]
[:mouse_move, 933, 170, 2, 1755, 524]
[:mouse_move, 936, 170, 2, 1756, 524]
[:mouse_move, 938, 171, 2, 1757, 524]
[:mouse_move, 941, 171, 2, 1758, 525]
[:mouse_move, 944, 171, 2, 1759, 525]
[:mouse_move, 947, 172, 2, 1760, 525]
[:mouse_move, 950, 172, 2, 1761, 525]
[:mouse_move, 953, 173, 2, 1762, 526]
[:mouse_move, 957, 173, 2, 1763, 526]
[:mouse_move, 961, 174, 2, 1764, 526]
[:mouse_move, 965, 175, 2, 1765, 526]
[:mouse_move, 970, 176, 2, 1766, 527]
[:mouse_move, 974, 176, 2, 1767, 527]
[:mouse_move, 978, 177, 2, 1768, 527]
[:mouse_move, 982, 178, 2, 1769, 527]
[:mouse_move, 986, 179, 2, 1770, 528]
[:mouse_move, 990, 180, 2, 1771, 528]
[:mouse_move, 994, 181, 2, 1772, 528]
[:mouse_move, 997, 182, 2, 1773, 528]
[:mouse_move, 1001, 183, 2, 1774, 529]
[:mouse_move, 1004, 184, 2, 1775, 529]
[:mouse_move, 1007, 185, 2, 1776, 529]
[:mouse_move, 1011, 186, 2, 1777, 529]
[:mouse_move, 1014, 187, 2, 1778, 530]
[:mouse_move, 1018, 188, 2, 1779, 530]
[:mouse_move, 1021, 189, 2, 1780, 530]
[:mouse_move, 1023, 190, 2, 1781, 530]
[:mouse_move, 1025, 191, 2, 1782, 531]
[:mouse_move, 1027, 191, 2, 1783, 531]
[:mouse_move, 1030, 193, 2, 1784, 531]
[:mouse_move, 1034, 195, 2, 1785, 531]
[:mouse_move, 1037, 197, 2, 1786, 532]
[:mouse_move, 1040, 199, 2, 1787, 532]
[:mouse_move, 1043, 201, 2, 1788, 532]
[:mouse_move, 1046, 202, 2, 1789, 532]
[:mouse_move, 1048, 204, 2, 1790, 533]
[:mouse_move, 1050, 206, 2, 1791, 533]
[:mouse_move, 1053, 208, 2, 1792, 533]
[:mouse_move, 1055, 210, 2, 1793, 533]
[:mouse_move, 1057, 211, 2, 1794, 534]
[:mouse_move, 1059, 214, 2, 1795, 534]
[:mouse_move, 1062, 216, 2, 1796, 534]
[:mouse_move, 1065, 219, 2, 1797, 535]
[:mouse_move, 1067, 221, 2, 1798, 535]
[:mouse_move, 1070, 224, 2, 1799, 535]
[:mouse_move, 1072, 226, 2, 1800, 535]
[:mouse_move, 1074, 229, 2, 1801, 535]
[:mouse_move, 1076, 232, 2, 1802, 536]
[:mouse_move, 1079, 234, 2, 1803, 536]
[:mouse_move, 1081, 237, 2, 1804, 536]
[:mouse_move, 1084, 240, 2, 1805, 536]
[:mouse_move, 1086, 243, 2, 1806, 537]
[:mouse_move, 1088, 246, 2, 1807, 537]
[:mouse_move, 1090, 248, 2, 1808, 537]
[:mouse_move, 1092, 251, 2, 1809, 537]
[:mouse_move, 1094, 253, 2, 1810, 538]
[:mouse_move, 1096, 256, 2, 1811, 538]
[:mouse_move, 1098, 258, 2, 1812, 538]
[:mouse_move, 1099, 261, 2, 1813, 538]
[:mouse_move, 1101, 263, 2, 1814, 539]
[:mouse_move, 1103, 266, 2, 1815, 539]
[:mouse_move, 1105, 268, 2, 1816, 539]
[:mouse_move, 1106, 270, 2, 1817, 539]
[:mouse_move, 1107, 272, 2, 1818, 540]
[:mouse_move, 1109, 274, 2, 1819, 540]
[:mouse_move, 1110, 276, 2, 1820, 540]
[:mouse_move, 1111, 278, 2, 1821, 540]
[:mouse_move, 1112, 279, 2, 1822, 541]
[:mouse_move, 1113, 281, 2, 1823, 541]
[:mouse_move, 1114, 283, 2, 1824, 541]
[:mouse_move, 1115, 286, 2, 1825, 541]
[:mouse_move, 1116, 288, 2, 1826, 542]
[:mouse_move, 1117, 290, 2, 1827, 542]
[:mouse_move, 1117, 291, 2, 1828, 542]
[:mouse_move, 1118, 292, 2, 1829, 542]
[:mouse_move, 1118, 294, 2, 1830, 543]
[:mouse_move, 1119, 296, 2, 1831, 543]
[:mouse_move, 1120, 298, 2, 1832, 543]
[:mouse_move, 1120, 300, 2, 1833, 543]
[:mouse_move, 1121, 301, 2, 1834, 544]
[:mouse_move, 1121, 304, 2, 1835, 544]
[:mouse_move, 1121, 306, 2, 1836, 544]
[:mouse_move, 1122, 308, 2, 1837, 544]
[:mouse_move, 1122, 310, 2, 1838, 545]
[:mouse_move, 1122, 312, 2, 1839, 545]
[:mouse_move, 1122, 315, 2, 1840, 545]
[:mouse_move, 1123, 317, 2, 1841, 545]
[:mouse_move, 1123, 320, 2, 1842, 546]
[:mouse_move, 1123, 323, 2, 1843, 546]
[:mouse_move, 1123, 326, 2, 1844, 546]
[:mouse_move, 1123, 329, 2, 1845, 546]
[:mouse_move, 1123, 333, 2, 1846, 547]
[:mouse_move, 1123, 337, 2, 1847, 547]
[:mouse_move, 1123, 341, 2, 1848, 547]
[:mouse_move, 1123, 345, 2, 1849, 547]
[:mouse_move, 1123, 349, 2, 1850, 548]
[:mouse_move, 1123, 353, 2, 1851, 548]
[:mouse_move, 1123, 358, 2, 1852, 548]
[:mouse_move, 1123, 362, 2, 1853, 548]
[:mouse_move, 1123, 365, 2, 1854, 549]
[:mouse_move, 1123, 369, 2, 1855, 549]
[:mouse_move, 1123, 372, 2, 1856, 549]
[:mouse_move, 1123, 373, 2, 1857, 549]
[:mouse_move, 1123, 375, 2, 1858, 550]
[:mouse_move, 1123, 376, 2, 1859, 550]
[:mouse_move, 1123, 379, 2, 1860, 550]
[:mouse_move, 1123, 383, 2, 1861, 550]
[:mouse_move, 1123, 387, 2, 1862, 551]
[:mouse_move, 1122, 390, 2, 1863, 551]
[:mouse_move, 1122, 391, 2, 1864, 551]
[:mouse_move, 1122, 392, 2, 1865, 551]
[:mouse_move, 1122, 393, 2, 1866, 552]
[:mouse_move, 1122, 394, 2, 1867, 552]
[:mouse_move, 1122, 395, 2, 1868, 552]
[:mouse_move, 1121, 396, 2, 1869, 552]
[:mouse_move, 1121, 397, 2, 1870, 553]
[:mouse_move, 1121, 397, 2, 1871, 553]
[:mouse_move, 1121, 398, 2, 1872, 553]
[:mouse_move, 1121, 399, 2, 1873, 553]
[:mouse_move, 1120, 400, 2, 1874, 554]
[:mouse_move, 1120, 402, 2, 1875, 554]
[:mouse_move, 1119, 404, 2, 1876, 554]
[:mouse_move, 1119, 406, 2, 1877, 554]
[:mouse_move, 1118, 407, 2, 1878, 555]
[:mouse_move, 1117, 409, 2, 1879, 555]
[:mouse_move, 1117, 410, 2, 1880, 555]
[:mouse_move, 1116, 411, 2, 1881, 555]
[:mouse_move, 1115, 414, 2, 1882, 556]
[:mouse_move, 1114, 417, 2, 1883, 556]
[:mouse_move, 1113, 419, 2, 1884, 556]
[:mouse_move, 1112, 422, 2, 1885, 556]
[:mouse_move, 1110, 426, 2, 1886, 557]
[:mouse_move, 1109, 429, 2, 1887, 557]
[:mouse_move, 1107, 432, 2, 1888, 557]
[:mouse_move, 1106, 436, 2, 1889, 557]
[:mouse_move, 1104, 439, 2, 1890, 558]
[:mouse_move, 1103, 443, 2, 1891, 558]
[:mouse_move, 1101, 446, 2, 1892, 558]
[:mouse_move, 1099, 449, 2, 1893, 558]
[:mouse_move, 1097, 452, 2, 1894, 559]
[:mouse_move, 1096, 455, 2, 1895, 559]
[:mouse_move, 1094, 458, 2, 1896, 559]
[:mouse_move, 1092, 462, 2, 1897, 559]
[:mouse_move, 1090, 465, 2, 1898, 560]
[:mouse_move, 1088, 468, 2, 1899, 560]
[:mouse_move, 1085, 470, 2, 1900, 560]
[:mouse_move, 1083, 473, 2, 1901, 560]
[:mouse_move, 1081, 476, 2, 1902, 561]
[:mouse_move, 1079, 478, 2, 1903, 561]
[:mouse_move, 1075, 480, 2, 1904, 561]
[:mouse_move, 1072, 483, 2, 1905, 561]
[:mouse_move, 1069, 486, 2, 1906, 562]
[:mouse_move, 1066, 488, 2, 1907, 562]
[:mouse_move, 1063, 491, 2, 1908, 562]
[:mouse_move, 1059, 494, 2, 1909, 562]
[:mouse_move, 1056, 496, 2, 1910, 563]
[:mouse_move, 1052, 499, 2, 1911, 563]
[:mouse_move, 1048, 501, 2, 1912, 563]
[:mouse_move, 1044, 504, 2, 1913, 563]
[:mouse_move, 1041, 506, 2, 1914, 564]
[:mouse_move, 1039, 507, 2, 1915, 564]
[:mouse_move, 1037, 507, 2, 1916, 564]
[:mouse_move, 1035, 508, 2, 1917, 564]
[:mouse_move, 1033, 510, 2, 1918, 565]
[:mouse_move, 1030, 511, 2, 1919, 565]
[:mouse_move, 1027, 512, 2, 1920, 565]
[:mouse_move, 1025, 514, 2, 1921, 565]
[:mouse_move, 1022, 515, 2, 1922, 566]
[:mouse_move, 1020, 516, 2, 1923, 566]
[:mouse_move, 1018, 517, 2, 1924, 566]
[:mouse_move, 1015, 517, 2, 1925, 566]
[:mouse_move, 1013, 518, 2, 1926, 567]
[:mouse_move, 1012, 519, 2, 1927, 567]
[:mouse_move, 1010, 519, 2, 1928, 567]
[:mouse_move, 1007, 520, 2, 1929, 567]
[:mouse_move, 1004, 521, 2, 1930, 568]
[:mouse_move, 1002, 522, 2, 1931, 568]
[:mouse_move, 999, 522, 2, 1932, 568]
[:mouse_move, 997, 523, 2, 1933, 568]
[:mouse_move, 994, 523, 2, 1934, 569]
[:mouse_move, 992, 523, 2, 1935, 569]
[:mouse_move, 990, 524, 2, 1936, 569]
[:mouse_move, 987, 524, 2, 1937, 569]
[:mouse_move, 984, 525, 2, 1938, 570]
[:mouse_move, 980, 525, 2, 1939, 570]
[:mouse_move, 975, 525, 2, 1940, 570]
[:mouse_move, 971, 526, 2, 1941, 570]
[:mouse_move, 966, 526, 2, 1942, 571]
[:mouse_move, 963, 526, 2, 1943, 571]
[:mouse_move, 959, 526, 2, 1944, 571]
[:mouse_move, 955, 526, 2, 1945, 571]
[:mouse_move, 951, 526, 2, 1946, 572]
[:mouse_move, 946, 526, 2, 1947, 572]
[:mouse_move, 941, 526, 2, 1948, 572]
[:mouse_move, 936, 525, 2, 1949, 572]
[:mouse_move, 931, 525, 2, 1950, 573]
[:mouse_move, 927, 525, 2, 1951, 573]
[:mouse_move, 924, 525, 2, 1952, 573]
[:mouse_move, 920, 524, 2, 1953, 573]
[:mouse_move, 917, 524, 2, 1954, 574]
[:mouse_move, 913, 524, 2, 1955, 574]
[:mouse_move, 909, 524, 2, 1956, 574]
[:mouse_move, 905, 523, 2, 1957, 574]
[:mouse_move, 902, 523, 2, 1958, 575]
[:mouse_move, 899, 522, 2, 1959, 575]
[:mouse_move, 896, 522, 2, 1960, 575]
[:mouse_move, 893, 521, 2, 1961, 575]
[:mouse_move, 889, 521, 2, 1962, 576]
[:mouse_move, 886, 520, 2, 1963, 576]
[:mouse_move, 882, 519, 2, 1964, 576]
[:mouse_move, 879, 518, 2, 1965, 576]
[:mouse_move, 876, 517, 2, 1966, 577]
[:mouse_move, 873, 516, 2, 1967, 577]
[:mouse_move, 870, 515, 2, 1968, 577]
[:mouse_move, 865, 513, 2, 1969, 577]
[:mouse_move, 860, 512, 2, 1970, 578]
[:mouse_move, 856, 510, 2, 1971, 578]
[:mouse_move, 851, 508, 2, 1972, 578]
[:mouse_move, 847, 506, 2, 1973, 578]
[:mouse_move, 842, 503, 2, 1974, 579]
[:mouse_move, 838, 501, 2, 1975, 579]
[:mouse_move, 833, 499, 2, 1976, 579]
[:mouse_move, 829, 496, 2, 1977, 579]
[:mouse_move, 825, 493, 2, 1978, 580]
[:mouse_move, 821, 491, 2, 1979, 580]
[:mouse_move, 818, 489, 2, 1980, 580]
[:mouse_move, 814, 487, 2, 1981, 580]
[:mouse_move, 810, 485, 2, 1982, 581]
[:mouse_move, 806, 482, 2, 1983, 581]
[:mouse_move, 802, 478, 2, 1984, 581]
[:mouse_move, 797, 475, 2, 1985, 581]
[:mouse_move, 793, 472, 2, 1986, 582]
[:mouse_move, 789, 469, 2, 1987, 582]
[:mouse_move, 785, 466, 2, 1988, 582]
[:mouse_move, 781, 463, 2, 1989, 582]
[:mouse_move, 777, 461, 2, 1990, 583]
[:mouse_move, 773, 457, 2, 1991, 583]
[:mouse_move, 768, 454, 2, 1992, 583]
[:mouse_move, 764, 451, 2, 1993, 583]
[:mouse_move, 760, 448, 2, 1994, 584]
[:mouse_move, 756, 445, 2, 1995, 584]
[:mouse_move, 753, 442, 2, 1996, 584]
[:mouse_move, 749, 439, 2, 1997, 584]
[:mouse_move, 745, 435, 2, 1998, 585]
[:mouse_move, 741, 431, 2, 1999, 585]
[:mouse_move, 737, 428, 2, 2000, 585]
[:mouse_move, 734, 425, 2, 2001, 585]
[:mouse_move, 730, 422, 2, 2002, 586]
[:mouse_move, 727, 418, 2, 2003, 586]
[:mouse_move, 723, 415, 2, 2004, 586]
[:mouse_move, 719, 411, 2, 2005, 586]
[:mouse_move, 716, 407, 2, 2006, 587]
[:mouse_move, 713, 403, 2, 2007, 587]
[:mouse_move, 710, 400, 2, 2008, 587]
[:mouse_move, 708, 397, 2, 2009, 587]
[:mouse_move, 706, 394, 2, 2010, 588]
[:mouse_move, 704, 391, 2, 2011, 588]
[:mouse_move, 702, 389, 2, 2012, 588]
[:mouse_move, 700, 385, 2, 2013, 588]
[:mouse_move, 698, 382, 2, 2014, 589]
[:mouse_move, 696, 378, 2, 2015, 589]
[:mouse_move, 695, 375, 2, 2016, 589]
[:mouse_move, 693, 372, 2, 2017, 589]
[:mouse_move, 692, 370, 2, 2018, 590]
[:mouse_move, 692, 368, 2, 2019, 590]
[:mouse_move, 691, 365, 2, 2020, 590]
[:mouse_move, 690, 362, 2, 2021, 590]
[:mouse_move, 689, 360, 2, 2022, 591]
[:mouse_move, 688, 357, 2, 2023, 591]
[:mouse_move, 687, 355, 2, 2024, 591]
[:mouse_move, 686, 353, 2, 2025, 591]
[:mouse_move, 686, 350, 2, 2026, 592]
[:mouse_move, 685, 347, 2, 2027, 592]
[:mouse_move, 685, 344, 2, 2028, 592]
[:mouse_move, 684, 341, 2, 2029, 592]
[:mouse_move, 684, 339, 2, 2030, 593]
[:mouse_move, 684, 336, 2, 2031, 593]
[:mouse_move, 683, 334, 2, 2032, 593]
[:mouse_move, 683, 332, 2, 2033, 593]
[:mouse_move, 683, 330, 2, 2034, 594]
[:mouse_move, 683, 328, 2, 2035, 594]
[:mouse_move, 682, 326, 2, 2036, 594]
[:mouse_move, 682, 323, 2, 2037, 594]
[:mouse_move, 682, 320, 2, 2038, 595]
[:mouse_move, 682, 317, 2, 2039, 595]
[:mouse_move, 682, 314, 2, 2040, 595]
[:mouse_move, 682, 312, 2, 2041, 595]
[:mouse_move, 682, 310, 2, 2042, 596]
[:mouse_move, 682, 308, 2, 2043, 596]
[:mouse_move, 682, 306, 2, 2044, 596]
[:mouse_move, 683, 305, 2, 2045, 596]
[:mouse_move, 683, 303, 2, 2046, 597]
[:mouse_move, 684, 302, 2, 2047, 597]
[:mouse_move, 684, 300, 2, 2048, 597]
[:mouse_move, 685, 298, 2, 2049, 597]
[:mouse_move, 686, 296, 2, 2050, 598]
[:mouse_move, 686, 294, 2, 2051, 598]
[:mouse_move, 688, 292, 2, 2052, 598]
[:mouse_move, 689, 289, 2, 2053, 598]
[:mouse_move, 690, 287, 2, 2054, 599]
[:mouse_move, 691, 285, 2, 2055, 599]
[:mouse_move, 692, 283, 2, 2056, 599]
[:mouse_move, 693, 282, 2, 2057, 599]
[:mouse_move, 694, 280, 2, 2058, 600]
[:mouse_move, 695, 279, 2, 2059, 600]
[:mouse_move, 697, 276, 2, 2060, 600]
[:mouse_move, 698, 274, 2, 2061, 600]
[:mouse_move, 700, 272, 2, 2062, 601]
[:mouse_move, 701, 270, 2, 2063, 601]
[:mouse_move, 702, 269, 2, 2064, 601]
[:mouse_move, 702, 268, 2, 2065, 601]
[:mouse_move, 703, 267, 2, 2066, 602]
[:mouse_move, 704, 266, 2, 2067, 602]
[:mouse_move, 705, 265, 2, 2068, 602]
[:mouse_move, 706, 264, 2, 2069, 602]
[:mouse_move, 708, 262, 2, 2070, 603]
[:mouse_move, 711, 260, 2, 2071, 603]
[:mouse_move, 713, 257, 2, 2072, 603]
[:mouse_move, 715, 255, 2, 2073, 603]
[:mouse_move, 717, 253, 2, 2074, 604]
[:mouse_move, 718, 252, 2, 2075, 604]
[:mouse_move, 720, 250, 2, 2076, 604]
[:mouse_move, 721, 249, 2, 2077, 604]
[:mouse_move, 724, 247, 2, 2078, 605]
[:mouse_move, 726, 246, 2, 2079, 605]
[:mouse_move, 728, 244, 2, 2080, 605]
[:mouse_move, 732, 242, 2, 2081, 605]
[:mouse_move, 735, 239, 2, 2082, 606]
[:mouse_move, 739, 237, 2, 2083, 606]
[:mouse_move, 742, 235, 2, 2084, 606]
[:mouse_move, 744, 234, 2, 2085, 606]
[:mouse_move, 747, 232, 2, 2086, 607]
[:mouse_move, 750, 230, 2, 2087, 607]
[:mouse_move, 752, 229, 2, 2088, 607]
[:mouse_move, 755, 227, 2, 2089, 607]
[:mouse_move, 758, 225, 2, 2090, 608]
[:mouse_move, 762, 223, 2, 2091, 608]
[:mouse_move, 766, 220, 2, 2092, 608]
[:mouse_move, 770, 218, 2, 2093, 608]
[:mouse_move, 773, 216, 2, 2094, 609]
[:mouse_move, 776, 215, 2, 2095, 609]
[:mouse_move, 780, 213, 2, 2096, 609]
[:mouse_move, 785, 211, 2, 2097, 609]
[:mouse_move, 789, 209, 2, 2098, 610]
[:mouse_move, 793, 207, 2, 2099, 610]
[:mouse_move, 797, 206, 2, 2100, 610]
[:mouse_move, 800, 205, 2, 2101, 610]
[:mouse_move, 803, 203, 2, 2102, 611]
[:mouse_move, 805, 203, 2, 2103, 611]
[:mouse_move, 806, 202, 2, 2104, 611]
[:mouse_move, 808, 202, 2, 2105, 611]
[:mouse_move, 809, 201, 2, 2106, 612]
[:mouse_move, 812, 201, 2, 2107, 612]
[:mouse_move, 815, 200, 2, 2108, 612]
[:mouse_move, 817, 199, 2, 2109, 612]
[:mouse_move, 820, 199, 2, 2110, 613]
[:mouse_move, 823, 199, 2, 2111, 613]
[:mouse_move, 826, 198, 2, 2112, 613]
[:mouse_move, 829, 198, 2, 2113, 613]
[:mouse_move, 831, 198, 2, 2114, 614]
[:mouse_move, 834, 198, 2, 2115, 614]
[:mouse_move, 836, 198, 2, 2116, 614]
[:mouse_move, 838, 198, 2, 2117, 614]
[:mouse_move, 840, 198, 2, 2118, 615]
[:mouse_move, 842, 198, 2, 2119, 615]
[:mouse_move, 844, 198, 2, 2120, 615]
[:mouse_move, 846, 198, 2, 2121, 615]
[:mouse_move, 849, 199, 2, 2122, 616]
[:mouse_move, 851, 199, 2, 2123, 616]
[:mouse_move, 852, 200, 2, 2124, 616]
[:mouse_move, 855, 200, 2, 2125, 616]
[:mouse_move, 857, 201, 2, 2126, 617]
[:mouse_move, 859, 202, 2, 2127, 617]
[:mouse_move, 862, 203, 2, 2128, 617]
[:mouse_move, 864, 204, 2, 2129, 617]
[:mouse_move, 867, 206, 2, 2130, 618]
[:mouse_move, 869, 207, 2, 2131, 618]
[:mouse_move, 871, 208, 2, 2132, 618]
[:mouse_move, 873, 209, 2, 2133, 618]
[:mouse_move, 876, 211, 2, 2134, 619]
[:mouse_move, 878, 212, 2, 2135, 619]
[:mouse_move, 880, 213, 2, 2136, 619]
[:mouse_move, 882, 215, 2, 2137, 619]
[:mouse_move, 884, 216, 2, 2138, 620]
[:mouse_move, 887, 218, 2, 2139, 620]
[:mouse_move, 890, 220, 2, 2140, 620]
[:mouse_move, 893, 222, 2, 2141, 620]
[:mouse_move, 896, 224, 2, 2142, 621]
[:mouse_move, 899, 226, 2, 2143, 621]
[:mouse_move, 901, 227, 2, 2144, 621]
[:mouse_move, 904, 229, 2, 2145, 621]
[:mouse_move, 907, 231, 2, 2146, 622]
[:mouse_move, 910, 233, 2, 2147, 622]
[:mouse_move, 913, 236, 2, 2148, 622]
[:mouse_move, 916, 238, 2, 2149, 622]
[:mouse_move, 919, 241, 2, 2150, 623]
[:mouse_move, 921, 243, 2, 2151, 623]
[:mouse_move, 924, 245, 2, 2152, 623]
[:mouse_move, 926, 247, 2, 2153, 623]
[:mouse_move, 928, 249, 2, 2154, 624]
[:mouse_move, 930, 252, 2, 2155, 624]
[:mouse_move, 933, 254, 2, 2156, 624]
[:mouse_move, 936, 257, 2, 2157, 624]
[:mouse_move, 939, 260, 2, 2158, 625]
[:mouse_move, 942, 263, 2, 2159, 625]
[:mouse_move, 944, 265, 2, 2160, 625]
[:mouse_move, 946, 267, 2, 2161, 625]
[:mouse_move, 947, 270, 2, 2162, 626]
[:mouse_move, 949, 272, 2, 2163, 626]
[:mouse_move, 951, 274, 2, 2164, 626]
[:mouse_move, 952, 276, 2, 2165, 626]
[:mouse_move, 953, 277, 2, 2166, 627]
[:mouse_move, 954, 279, 2, 2167, 627]
[:mouse_move, 956, 281, 2, 2168, 627]
[:mouse_move, 958, 283, 2, 2169, 627]
[:mouse_move, 960, 286, 2, 2170, 628]
[:mouse_move, 962, 289, 2, 2171, 628]
[:mouse_move, 964, 291, 2, 2172, 628]
[:mouse_move, 965, 293, 2, 2173, 628]
[:mouse_move, 966, 295, 2, 2174, 629]
[:mouse_move, 967, 297, 2, 2175, 629]
[:mouse_move, 968, 299, 2, 2176, 629]
[:mouse_move, 969, 300, 2, 2177, 629]
[:mouse_move, 970, 301, 2, 2178, 630]
[:mouse_move, 971, 304, 2, 2179, 630]
[:mouse_move, 973, 307, 2, 2180, 630]
[:mouse_move, 975, 310, 2, 2181, 630]
[:mouse_move, 977, 312, 2, 2182, 631]
[:mouse_move, 978, 315, 2, 2183, 631]
[:mouse_move, 979, 318, 2, 2184, 631]
[:mouse_move, 980, 320, 2, 2185, 631]
[:mouse_move, 982, 323, 2, 2186, 632]
[:mouse_move, 984, 326, 2, 2187, 632]
[:mouse_move, 986, 329, 2, 2188, 632]
[:mouse_move, 987, 332, 2, 2189, 632]
[:mouse_move, 989, 334, 2, 2190, 633]
[:mouse_move, 990, 337, 2, 2191, 633]
[:mouse_move, 991, 339, 2, 2192, 633]
[:mouse_move, 992, 341, 2, 2193, 633]
[:mouse_move, 993, 342, 2, 2194, 634]
[:mouse_move, 994, 344, 2, 2195, 634]
[:mouse_move, 995, 345, 2, 2196, 634]
[:mouse_move, 996, 347, 2, 2197, 634]
[:mouse_move, 997, 349, 2, 2198, 635]
[:mouse_move, 998, 351, 2, 2199, 635]
[:mouse_move, 999, 353, 2, 2200, 635]
[:mouse_move, 1000, 354, 2, 2201, 635]
[:mouse_move, 1001, 355, 2, 2202, 636]
[:mouse_move, 1002, 356, 2, 2203, 636]
[:mouse_move, 1002, 357, 2, 2204, 636]
[:mouse_move, 1003, 358, 2, 2205, 636]
[:mouse_move, 1004, 359, 2, 2206, 637]
[:mouse_move, 1005, 360, 2, 2207, 637]
[:mouse_move, 1006, 361, 2, 2208, 637]
[:mouse_move, 1006, 361, 2, 2209, 637]
[:mouse_move, 1007, 362, 2, 2210, 638]
[:mouse_move, 1007, 362, 2, 2211, 638]
[:mouse_move, 1008, 363, 2, 2212, 638]
[:mouse_move, 1008, 363, 2, 2213, 638]
[:mouse_move, 1009, 364, 2, 2214, 639]
[:mouse_move, 1009, 364, 2, 2215, 639]
[:mouse_move, 1009, 364, 2, 2216, 639]
[:mouse_move, 1009, 364, 2, 2217, 639]
[:mouse_move, 1009, 364, 2, 2218, 640]
[:mouse_move, 1009, 364, 2, 2219, 640]
[:mouse_move, 1010, 364, 2, 2220, 640]
[:mouse_move, 1010, 364, 2, 2221, 640]
[:mouse_move, 1010, 364, 2, 2222, 641]
[:mouse_move, 1010, 364, 2, 2223, 641]
[:mouse_move, 1010, 364, 2, 2224, 641]
[:mouse_move, 1010, 364, 2, 2225, 641]
[:mouse_move, 1010, 364, 2, 2226, 642]
[:mouse_move, 1010, 364, 2, 2227, 642]
[:mouse_move, 1010, 364, 2, 2228, 642]
[:mouse_move, 1010, 364, 2, 2229, 642]
[:mouse_move, 1010, 364, 2, 2230, 643]
[:mouse_move, 1010, 364, 2, 2231, 643]
[:mouse_move, 1010, 364, 2, 2232, 643]
[:mouse_move, 1010, 364, 2, 2233, 643]
[:mouse_move, 1010, 364, 2, 2234, 646]
[:mouse_move, 1010, 364, 2, 2235, 646]
[:mouse_move, 1010, 364, 2, 2236, 647]
[:mouse_move, 1010, 364, 2, 2237, 647]
[:mouse_move, 1010, 363, 2, 2238, 647]
[:mouse_move, 1010, 363, 2, 2239, 647]
[:mouse_move, 1010, 363, 2, 2240, 648]
[:mouse_move, 1011, 363, 2, 2241, 648]
[:mouse_move, 1011, 363, 2, 2242, 648]
[:mouse_move, 1011, 363, 2, 2243, 648]
[:mouse_move, 1011, 363, 2, 2244, 649]
[:mouse_move, 1011, 363, 2, 2245, 649]
[:mouse_move, 1011, 363, 2, 2246, 649]
[:mouse_move, 1011, 363, 2, 2247, 649]
[:mouse_move, 1011, 363, 2, 2248, 650]
[:mouse_move, 1011, 363, 2, 2249, 652]
[:mouse_move, 1011, 363, 2, 2250, 652]
[:mouse_move, 1011, 363, 2, 2251, 652]
[:mouse_move, 1011, 363, 2, 2252, 652]
[:mouse_button_up, 1, 0, 1, 2253, 705]
[:scancode_down_raw, 53, 0, 2, 2254, 706]
