replay_version 2.0
stopped_at 880
seed 100
recorded_at Sun Sep 29 22:31:22 2019
[:key_down_raw, 1073741904, 0, 2, 1, 92]
[:key_down_raw, 1073741904, 0, 2, 2, 117]
[:key_down_raw, 1073741903, 0, 2, 3, 119]
[:key_up_raw, 1073741904, 0, 2, 4, 119]
[:key_down_raw, 1073741903, 0, 2, 5, 144]
[:key_down_raw, 1073741903, 0, 2, 6, 146]
[:key_down_raw, 1073741903, 0, 2, 7, 148]
[:key_down_raw, 1073741903, 0, 2, 8, 150]
[:key_down_raw, 1073741903, 0, 2, 9, 152]
[:key_down_raw, 1073741906, 0, 2, 10, 152]
[:key_down_raw, 1073741906, 0, 2, 11, 177]
[:key_down_raw, 1073741906, 0, 2, 12, 179]
[:key_down_raw, 1073741906, 0, 2, 13, 181]
[:key_down_raw, 1073741906, 0, 2, 14, 183]
[:key_down_raw, 1073741906, 0, 2, 15, 185]
[:key_down_raw, 1073741906, 0, 2, 16, 187]
[:key_down_raw, 1073741906, 0, 2, 17, 189]
[:key_down_raw, 1073741906, 0, 2, 18, 191]
[:key_down_raw, 1073741906, 0, 2, 19, 193]
[:key_down_raw, 1073741906, 0, 2, 20, 195]
[:key_down_raw, 1073741906, 0, 2, 21, 197]
[:key_down_raw, 1073741906, 0, 2, 22, 199]
[:key_down_raw, 1073741906, 0, 2, 23, 201]
[:key_down_raw, 1073741906, 0, 2, 24, 203]
[:key_down_raw, 1073741906, 0, 2, 25, 205]
[:key_down_raw, 1073741906, 0, 2, 26, 207]
[:key_down_raw, 1073741906, 0, 2, 27, 209]
[:key_down_raw, 1073741906, 0, 2, 28, 211]
[:key_down_raw, 1073741906, 0, 2, 29, 213]
[:key_down_raw, 1073741906, 0, 2, 30, 215]
[:key_down_raw, 1073741906, 0, 2, 31, 217]
[:key_down_raw, 1073741906, 0, 2, 32, 219]
[:key_down_raw, 1073741906, 0, 2, 33, 221]
[:key_down_raw, 1073741906, 0, 2, 34, 223]
[:key_down_raw, 1073741906, 0, 2, 35, 225]
[:key_down_raw, 1073741906, 0, 2, 36, 227]
[:key_down_raw, 1073741906, 0, 2, 37, 229]
[:key_down_raw, 1073741906, 0, 2, 38, 231]
[:key_down_raw, 1073741906, 0, 2, 39, 233]
[:key_down_raw, 1073741906, 0, 2, 40, 235]
[:key_down_raw, 1073741906, 0, 2, 41, 237]
[:key_down_raw, 1073741906, 0, 2, 42, 239]
[:key_down_raw, 1073741906, 0, 2, 43, 241]
[:key_down_raw, 1073741906, 0, 2, 44, 243]
[:key_down_raw, 1073741906, 0, 2, 45, 245]
[:key_down_raw, 1073741906, 0, 2, 46, 248]
[:key_down_raw, 1073741906, 0, 2, 47, 250]
[:key_down_raw, 1073741906, 0, 2, 48, 252]
[:key_down_raw, 1073741906, 0, 2, 49, 254]
[:key_down_raw, 1073741906, 0, 2, 50, 256]
[:key_down_raw, 1073741906, 0, 2, 51, 258]
[:key_down_raw, 1073741906, 0, 2, 52, 260]
[:key_down_raw, 1073741906, 0, 2, 53, 262]
[:key_down_raw, 1073741906, 0, 2, 54, 264]
[:key_down_raw, 1073741905, 0, 2, 55, 265]
[:key_up_raw, 1073741906, 0, 2, 56, 266]
[:key_up_raw, 1073741903, 0, 2, 57, 267]
[:key_down_raw, 1073741904, 0, 2, 58, 287]
[:key_up_raw, 1073741905, 0, 2, 59, 289]
[:key_down_raw, 1073741904, 0, 2, 60, 312]
[:key_down_raw, 1073741904, 0, 2, 61, 314]
[:key_down_raw, 1073741904, 0, 2, 62, 316]
[:key_down_raw, 1073741904, 0, 2, 63, 318]
[:key_down_raw, 1073741904, 0, 2, 64, 320]
[:key_down_raw, 1073741904, 0, 2, 65, 322]
[:key_down_raw, 1073741904, 0, 2, 66, 324]
[:key_down_raw, 1073741904, 0, 2, 67, 326]
[:key_down_raw, 1073741905, 0, 2, 68, 328]
[:key_up_raw, 1073741905, 0, 2, 69, 348]
[:key_down_raw, 1073741905, 0, 2, 70, 385]
[:key_down_raw, 1073741906, 0, 2, 71, 395]
[:key_up_raw, 1073741904, 0, 2, 72, 408]
[:key_up_raw, 1073741905, 0, 2, 73, 409]
[:key_down_raw, 1073741906, 0, 2, 74, 420]
[:key_down_raw, 1073741906, 0, 2, 75, 422]
[:key_down_raw, 1073741906, 0, 2, 76, 424]
[:key_down_raw, 1073741906, 0, 2, 77, 426]
[:key_down_raw, 1073741906, 0, 2, 78, 428]
[:key_down_raw, 1073741906, 0, 2, 79, 430]
[:key_down_raw, 1073741906, 0, 2, 80, 432]
[:key_down_raw, 1073741906, 0, 2, 81, 434]
[:key_down_raw, 1073741906, 0, 2, 82, 436]
[:key_down_raw, 1073741906, 0, 2, 83, 438]
[:key_down_raw, 1073741904, 0, 2, 84, 440]
[:key_down_raw, 1073741904, 0, 2, 85, 465]
[:key_down_raw, 1073741904, 0, 2, 86, 467]
[:key_down_raw, 1073741904, 0, 2, 87, 469]
[:key_down_raw, 1073741904, 0, 2, 88, 471]
[:key_down_raw, 1073741904, 0, 2, 89, 473]
[:key_down_raw, 1073741904, 0, 2, 90, 475]
[:key_down_raw, 1073741904, 0, 2, 91, 477]
[:key_down_raw, 1073741904, 0, 2, 92, 479]
[:key_down_raw, 1073741904, 0, 2, 93, 481]
[:key_down_raw, 1073741904, 0, 2, 94, 483]
[:key_down_raw, 1073741904, 0, 2, 95, 485]
[:key_down_raw, 1073741904, 0, 2, 96, 487]
[:key_down_raw, 1073741904, 0, 2, 97, 489]
[:key_down_raw, 1073741904, 0, 2, 98, 491]
[:key_up_raw, 1073741906, 0, 2, 99, 493]
[:key_down_raw, 1073741904, 0, 2, 100, 493]
[:key_down_raw, 1073741904, 0, 2, 101, 495]
[:key_down_raw, 1073741904, 0, 2, 102, 497]
[:key_down_raw, 1073741904, 0, 2, 103, 499]
[:key_down_raw, 1073741904, 0, 2, 104, 501]
[:key_down_raw, 1073741904, 0, 2, 105, 503]
[:key_down_raw, 1073741904, 0, 2, 106, 505]
[:key_down_raw, 1073741904, 0, 2, 107, 507]
[:key_down_raw, 1073741904, 0, 2, 108, 509]
[:key_down_raw, 1073741904, 0, 2, 109, 511]
[:key_down_raw, 1073741904, 0, 2, 110, 513]
[:key_down_raw, 1073741904, 0, 2, 111, 515]
[:key_down_raw, 1073741904, 0, 2, 112, 517]
[:key_down_raw, 1073741904, 0, 2, 113, 519]
[:key_down_raw, 1073741904, 0, 2, 114, 521]
[:key_down_raw, 1073741904, 0, 2, 115, 523]
[:key_down_raw, 1073741904, 0, 2, 116, 526]
[:key_down_raw, 1073741904, 0, 2, 117, 527]
[:key_down_raw, 1073741904, 0, 2, 118, 530]
[:key_down_raw, 1073741904, 0, 2, 119, 532]
[:key_down_raw, 1073741904, 0, 2, 120, 533]
[:key_down_raw, 1073741904, 0, 2, 121, 536]
[:key_up_raw, 1073741904, 0, 2, 122, 537]
[:key_down_raw, 1073741906, 0, 2, 123, 556]
[:key_down_raw, 1073741906, 0, 2, 124, 580]
[:key_down_raw, 1073741906, 0, 2, 125, 583]
[:key_down_raw, 1073741906, 0, 2, 126, 585]
[:key_down_raw, 1073741906, 0, 2, 127, 587]
[:key_down_raw, 1073741906, 0, 2, 128, 589]
[:key_up_raw, 1073741906, 0, 2, 129, 589]
[:key_down_raw, 1073741905, 0, 2, 130, 617]
[:key_down_raw, 1073741905, 0, 2, 131, 642]
[:key_down_raw, 1073741905, 0, 2, 132, 644]
[:key_down_raw, 1073741905, 0, 2, 133, 646]
[:key_down_raw, 1073741905, 0, 2, 134, 648]
[:key_down_raw, 1073741905, 0, 2, 135, 650]
[:key_down_raw, 1073741905, 0, 2, 136, 652]
[:key_down_raw, 1073741905, 0, 2, 137, 654]
[:key_up_raw, 1073741905, 0, 2, 138, 654]
[:key_down_raw, 1073741906, 0, 2, 139, 663]
[:key_down_raw, 1073741906, 0, 2, 140, 688]
[:key_down_raw, 1073741906, 0, 2, 141, 690]
[:key_down_raw, 1073741906, 0, 2, 142, 692]
[:key_down_raw, 1073741906, 0, 2, 143, 695]
[:key_down_raw, 1073741906, 0, 2, 144, 697]
[:key_down_raw, 1073741906, 0, 2, 145, 699]
[:key_down_raw, 1073741906, 0, 2, 146, 701]
[:key_down_raw, 1073741906, 0, 2, 147, 703]
[:key_down_raw, 1073741906, 0, 2, 148, 705]
[:key_down_raw, 1073741906, 0, 2, 149, 707]
[:key_up_raw, 1073741906, 0, 2, 150, 707]
[:key_down_raw, 1073741905, 0, 2, 151, 713]
[:key_down_raw, 1073741905, 0, 2, 152, 738]
[:key_down_raw, 1073741905, 0, 2, 153, 740]
[:key_down_raw, 1073741903, 0, 2, 154, 741]
[:key_down_raw, 1073741903, 0, 2, 155, 766]
[:key_down_raw, 1073741903, 0, 2, 156, 768]
[:key_down_raw, 1073741903, 0, 2, 157, 770]
[:key_down_raw, 1073741903, 0, 2, 158, 772]
[:key_up_raw, 1073741905, 0, 2, 159, 772]
[:key_down_raw, 1073741903, 0, 2, 160, 774]
[:key_down_raw, 1073741903, 0, 2, 161, 776]
[:key_down_raw, 1073741903, 0, 2, 162, 778]
[:key_down_raw, 1073741903, 0, 2, 163, 780]
[:key_down_raw, 1073741903, 0, 2, 164, 782]
[:key_down_raw, 1073741903, 0, 2, 165, 784]
[:key_down_raw, 1073741903, 0, 2, 166, 786]
[:key_down_raw, 1073741903, 0, 2, 167, 788]
[:key_down_raw, 1073741903, 0, 2, 168, 790]
[:key_down_raw, 1073741903, 0, 2, 169, 792]
[:key_down_raw, 1073741903, 0, 2, 170, 794]
[:key_down_raw, 1073741903, 0, 2, 171, 796]
[:key_down_raw, 1073741903, 0, 2, 172, 798]
[:key_down_raw, 1073741903, 0, 2, 173, 800]
[:key_down_raw, 1073741903, 0, 2, 174, 802]
[:key_down_raw, 1073741903, 0, 2, 175, 804]
[:key_down_raw, 1073741903, 0, 2, 176, 806]
[:key_down_raw, 1073741903, 0, 2, 177, 808]
[:key_down_raw, 1073741903, 0, 2, 178, 810]
[:key_down_raw, 1073741903, 0, 2, 179, 812]
[:key_down_raw, 1073741903, 0, 2, 180, 814]
[:key_up_raw, 1073741903, 0, 2, 181, 814]
[:key_down_raw, 1073742051, 1024, 2, 182, 879]
[:key_down_raw, 113, 1024, 2, 183, 879]
