replay_version 2.1
stopped_at 690
seed 100
recorded_at 2026-03-29 00:35:02 -0500
[:mouse_button_up, 1, 0, 1, 1, 3]
[:mouse_move, 882, 136, 2, 2, 36]
[:mouse_move, 848, 154, 2, 3, 38]
[:mouse_move, 817, 166, 2, 4, 39]
[:mouse_move, 767, 184, 2, 5, 40]
[:mouse_move, 603, 224, 2, 6, 42]
[:mouse_move, 455, 253, 2, 7, 43]
[:mouse_move, 374, 266, 2, 8, 44]
[:mouse_move, 262, 280, 2, 9, 45]
[:mouse_move, 221, 284, 2, 10, 47]
[:mouse_move, 203, 285, 2, 11, 48]
[:mouse_move, 188, 285, 2, 12, 49]
[:mouse_move, 177, 285, 2, 13, 50]
[:mouse_move, 164, 285, 2, 14, 52]
[:mouse_move, 159, 285, 2, 15, 53]
[:mouse_move, 145, 285, 2, 16, 55]
[:mouse_move, 120, 291, 2, 17, 57]
[:mouse_move, 108, 296, 2, 18, 58]
[:mouse_move, 103, 298, 2, 19, 59]
[:mouse_move, 97, 302, 2, 20, 60]
[:mouse_move, 94, 303, 2, 21, 61]
[:mouse_move, 88, 307, 2, 22, 62]
[:mouse_move, 79, 314, 2, 23, 63]
[:mouse_move, 50, 349, 2, 24, 65]
[:mouse_move, 24, 389, 2, 25, 67]
[:mouse_move, 20, 396, 2, 26, 68]
[:mouse_move, 18, 401, 2, 27, 69]
[:mouse_move, 17, 403, 2, 28, 71]
[:mouse_move, 18, 403, 2, 29, 72]
[:mouse_move, 24, 403, 2, 30, 74]
[:mouse_move, 26, 402, 2, 31, 75]
[:mouse_move, 27, 402, 2, 32, 76]
[:mouse_move, 30, 401, 2, 33, 78]
[:mouse_move, 32, 401, 2, 34, 80]
[:mouse_move, 37, 401, 2, 35, 82]
[:mouse_move, 41, 400, 2, 36, 83]
[:mouse_move, 46, 400, 2, 37, 84]
[:mouse_move, 54, 398, 2, 38, 86]
[:mouse_move, 55, 398, 2, 39, 87]
[:mouse_button_pressed, 1, 0, 1, 40, 124]
[:mouse_move, 56, 396, 2, 41, 124]
[:mouse_move, 59, 393, 2, 42, 125]
[:mouse_move, 66, 386, 2, 43, 127]
[:mouse_move, 73, 379, 2, 44, 128]
[:mouse_move, 74, 378, 2, 45, 129]
[:mouse_move, 75, 376, 2, 46, 130]
[:mouse_move, 76, 376, 2, 47, 131]
[:mouse_move, 77, 375, 2, 48, 134]
[:mouse_move, 78, 375, 2, 49, 139]
[:mouse_move, 79, 374, 2, 50, 145]
[:mouse_move, 79, 373, 2, 51, 148]
[:mouse_move, 80, 373, 2, 52, 149]
[:mouse_move, 80, 372, 2, 53, 150]
[:mouse_move, 81, 372, 2, 54, 152]
[:mouse_move, 81, 371, 2, 55, 153]
[:mouse_move, 82, 371, 2, 56, 155]
[:mouse_move, 83, 370, 2, 57, 158]
[:mouse_move, 84, 370, 2, 58, 161]
[:mouse_move, 84, 369, 2, 59, 164]
[:mouse_move, 85, 369, 2, 60, 165]
[:mouse_move, 86, 369, 2, 61, 166]
[:mouse_move, 87, 368, 2, 62, 167]
[:mouse_move, 88, 368, 2, 63, 168]
[:mouse_move, 89, 367, 2, 64, 170]
[:mouse_move, 92, 365, 2, 65, 172]
[:mouse_move, 93, 365, 2, 66, 173]
[:mouse_move, 94, 364, 2, 67, 174]
[:mouse_move, 96, 364, 2, 68, 175]
[:mouse_move, 98, 363, 2, 69, 176]
[:mouse_move, 101, 362, 2, 70, 177]
[:mouse_move, 105, 361, 2, 71, 178]
[:mouse_move, 112, 361, 2, 72, 179]
[:mouse_move, 116, 360, 2, 73, 180]
[:mouse_move, 122, 359, 2, 74, 181]
[:mouse_move, 129, 357, 2, 75, 182]
[:mouse_move, 134, 355, 2, 76, 183]
[:mouse_move, 139, 353, 2, 77, 184]
[:mouse_move, 142, 352, 2, 78, 185]
[:mouse_move, 146, 351, 2, 79, 186]
[:mouse_move, 155, 348, 2, 80, 188]
[:mouse_move, 157, 346, 2, 81, 189]
[:mouse_move, 161, 345, 2, 82, 190]
[:mouse_move, 163, 344, 2, 83, 191]
[:mouse_move, 165, 343, 2, 84, 192]
[:mouse_move, 167, 342, 2, 85, 193]
[:mouse_move, 169, 342, 2, 86, 194]
[:mouse_move, 170, 341, 2, 87, 195]
[:mouse_move, 172, 340, 2, 88, 197]
[:mouse_move, 172, 339, 2, 89, 198]
[:mouse_move, 173, 339, 2, 90, 199]
[:mouse_move, 173, 338, 2, 91, 201]
[:mouse_move, 173, 337, 2, 92, 205]
[:mouse_move, 173, 336, 2, 93, 208]
[:mouse_move, 172, 336, 2, 94, 209]
[:mouse_move, 172, 335, 2, 95, 210]
[:mouse_move, 171, 335, 2, 96, 211]
[:mouse_move, 170, 334, 2, 97, 212]
[:mouse_move, 169, 333, 2, 98, 213]
[:mouse_move, 165, 331, 2, 99, 215]
[:mouse_move, 161, 329, 2, 100, 217]
[:mouse_move, 158, 329, 2, 101, 218]
[:mouse_move, 154, 329, 2, 102, 219]
[:mouse_move, 149, 328, 2, 103, 220]
[:mouse_move, 141, 328, 2, 104, 221]
[:mouse_move, 131, 327, 2, 105, 222]
[:mouse_move, 111, 328, 2, 106, 224]
[:mouse_move, 98, 329, 2, 107, 226]
[:mouse_move, 92, 331, 2, 108, 227]
[:mouse_move, 90, 331, 2, 109, 228]
[:mouse_move, 88, 332, 2, 110, 229]
[:mouse_move, 86, 333, 2, 111, 229]
[:mouse_move, 85, 335, 2, 112, 230]
[:mouse_move, 83, 337, 2, 113, 231]
[:mouse_move, 80, 340, 2, 114, 232]
[:mouse_move, 78, 343, 2, 115, 233]
[:mouse_move, 75, 345, 2, 116, 234]
[:mouse_move, 73, 348, 2, 117, 235]
[:mouse_move, 71, 350, 2, 118, 236]
[:mouse_move, 69, 351, 2, 119, 237]
[:mouse_move, 69, 353, 2, 120, 238]
[:mouse_move, 67, 355, 2, 121, 239]
[:mouse_move, 67, 356, 2, 122, 240]
[:mouse_move, 64, 364, 2, 123, 242]
[:mouse_move, 63, 368, 2, 124, 243]
[:mouse_move, 62, 371, 2, 125, 245]
[:mouse_move, 61, 374, 2, 126, 245]
[:mouse_move, 61, 375, 2, 127, 246]
[:mouse_move, 60, 379, 2, 128, 247]
[:mouse_move, 60, 381, 2, 129, 248]
[:mouse_move, 60, 384, 2, 130, 249]
[:mouse_move, 60, 386, 2, 131, 250]
[:mouse_move, 60, 394, 2, 132, 252]
[:mouse_move, 60, 397, 2, 133, 253]
[:mouse_move, 61, 398, 2, 134, 254]
[:mouse_move, 63, 402, 2, 135, 256]
[:mouse_move, 64, 403, 2, 136, 257]
[:mouse_move, 64, 404, 2, 137, 258]
[:mouse_move, 68, 409, 2, 138, 260]
[:mouse_move, 70, 411, 2, 139, 261]
[:mouse_move, 74, 415, 2, 140, 262]
[:mouse_move, 78, 419, 2, 141, 263]
[:mouse_move, 83, 423, 2, 142, 264]
[:mouse_move, 87, 426, 2, 143, 265]
[:mouse_move, 93, 430, 2, 144, 266]
[:mouse_move, 97, 432, 2, 145, 267]
[:mouse_move, 102, 435, 2, 146, 269]
[:mouse_move, 110, 438, 2, 147, 270]
[:mouse_move, 113, 439, 2, 148, 271]
[:mouse_move, 116, 440, 2, 149, 272]
[:mouse_move, 121, 442, 2, 150, 274]
[:mouse_move, 123, 443, 2, 151, 275]
[:mouse_move, 125, 443, 2, 152, 276]
[:mouse_move, 127, 444, 2, 153, 277]
[:mouse_move, 130, 444, 2, 154, 279]
[:mouse_move, 131, 444, 2, 155, 280]
[:mouse_move, 132, 444, 2, 156, 281]
[:mouse_move, 133, 445, 2, 157, 283]
[:mouse_move, 134, 445, 2, 158, 284]
[:mouse_move, 135, 445, 2, 159, 286]
[:mouse_move, 137, 446, 2, 160, 288]
[:mouse_move, 139, 447, 2, 161, 289]
[:mouse_move, 141, 448, 2, 162, 290]
[:mouse_move, 144, 449, 2, 163, 291]
[:mouse_move, 148, 450, 2, 164, 292]
[:mouse_move, 153, 453, 2, 165, 293]
[:mouse_move, 162, 456, 2, 166, 294]
[:mouse_move, 171, 459, 2, 167, 295]
[:mouse_move, 183, 463, 2, 168, 296]
[:mouse_move, 200, 468, 2, 169, 297]
[:mouse_move, 215, 472, 2, 170, 298]
[:mouse_move, 232, 476, 2, 171, 299]
[:mouse_move, 244, 479, 2, 172, 300]
[:mouse_move, 253, 480, 2, 173, 301]
[:mouse_move, 267, 482, 2, 174, 303]
[:mouse_move, 270, 483, 2, 175, 304]
[:mouse_move, 272, 483, 2, 176, 305]
[:mouse_move, 275, 483, 2, 177, 306]
[:mouse_move, 277, 483, 2, 178, 307]
[:mouse_move, 281, 483, 2, 179, 308]
[:mouse_move, 283, 483, 2, 180, 309]
[:mouse_move, 286, 483, 2, 181, 310]
[:mouse_move, 288, 483, 2, 182, 311]
[:mouse_move, 290, 483, 2, 183, 312]
[:mouse_move, 294, 482, 2, 184, 314]
[:mouse_move, 296, 482, 2, 185, 315]
[:mouse_move, 298, 481, 2, 186, 316]
[:mouse_move, 301, 481, 2, 187, 317]
[:mouse_move, 303, 481, 2, 188, 318]
[:mouse_move, 307, 479, 2, 189, 319]
[:mouse_move, 310, 479, 2, 190, 320]
[:mouse_move, 313, 478, 2, 191, 321]
[:mouse_move, 315, 478, 2, 192, 322]
[:mouse_move, 317, 477, 2, 193, 323]
[:mouse_move, 320, 477, 2, 194, 324]
[:mouse_move, 322, 476, 2, 195, 325]
[:mouse_move, 323, 476, 2, 196, 326]
[:mouse_move, 324, 476, 2, 197, 327]
[:mouse_move, 325, 475, 2, 198, 328]
[:mouse_move, 326, 475, 2, 199, 329]
[:mouse_move, 327, 475, 2, 200, 330]
[:mouse_move, 328, 474, 2, 201, 332]
[:mouse_move, 329, 474, 2, 202, 334]
[:mouse_move, 330, 474, 2, 203, 337]
[:mouse_move, 331, 473, 2, 204, 340]
[:mouse_move, 332, 473, 2, 205, 343]
[:mouse_move, 332, 472, 2, 206, 348]
[:mouse_move, 331, 471, 2, 207, 349]
[:mouse_move, 319, 465, 2, 208, 351]
[:mouse_move, 310, 462, 2, 209, 352]
[:mouse_move, 298, 459, 2, 210, 353]
[:mouse_move, 289, 457, 2, 211, 354]
[:mouse_move, 275, 453, 2, 212, 355]
[:mouse_move, 263, 449, 2, 213, 356]
[:mouse_move, 252, 445, 2, 214, 357]
[:mouse_move, 238, 440, 2, 215, 359]
[:mouse_move, 219, 435, 2, 216, 360]
[:mouse_move, 208, 434, 2, 217, 361]
[:mouse_move, 200, 433, 2, 218, 362]
[:mouse_move, 190, 432, 2, 219, 363]
[:mouse_move, 182, 432, 2, 220, 364]
[:mouse_move, 175, 433, 2, 221, 365]
[:mouse_move, 170, 434, 2, 222, 366]
[:mouse_move, 164, 436, 2, 223, 368]
[:mouse_move, 157, 438, 2, 224, 369]
[:mouse_move, 153, 440, 2, 225, 370]
[:mouse_move, 151, 440, 2, 226, 371]
[:mouse_move, 148, 441, 2, 227, 372]
[:mouse_move, 144, 442, 2, 228, 373]
[:mouse_move, 142, 442, 2, 229, 374]
[:mouse_move, 139, 443, 2, 230, 375]
[:mouse_move, 136, 443, 2, 231, 377]
[:mouse_move, 135, 443, 2, 232, 378]
[:mouse_move, 133, 443, 2, 233, 379]
[:mouse_move, 131, 443, 2, 234, 380]
[:mouse_move, 128, 443, 2, 235, 381]
[:mouse_move, 126, 443, 2, 236, 382]
[:mouse_move, 123, 443, 2, 237, 383]
[:mouse_move, 117, 442, 2, 238, 385]
[:mouse_move, 115, 441, 2, 239, 386]
[:mouse_move, 112, 440, 2, 240, 387]
[:mouse_move, 110, 440, 2, 241, 388]
[:mouse_move, 107, 439, 2, 242, 389]
[:mouse_move, 106, 439, 2, 243, 390]
[:mouse_move, 105, 439, 2, 244, 391]
[:mouse_move, 104, 439, 2, 245, 393]
[:mouse_move, 104, 438, 2, 246, 394]
[:mouse_move, 103, 438, 2, 247, 396]
[:mouse_move, 103, 437, 2, 248, 406]
[:mouse_move, 103, 436, 2, 249, 408]
[:mouse_move, 104, 435, 2, 250, 409]
[:mouse_move, 104, 434, 2, 251, 410]
[:mouse_move, 104, 431, 2, 252, 411]
[:mouse_move, 105, 427, 2, 253, 412]
[:mouse_move, 105, 420, 2, 254, 413]
[:mouse_move, 106, 409, 2, 255, 414]
[:mouse_move, 107, 398, 2, 256, 415]
[:mouse_move, 107, 384, 2, 257, 416]
[:mouse_move, 107, 374, 2, 258, 417]
[:mouse_move, 108, 365, 2, 259, 418]
[:mouse_move, 108, 358, 2, 260, 419]
[:mouse_move, 108, 354, 2, 261, 420]
[:mouse_move, 108, 351, 2, 262, 421]
[:mouse_move, 108, 347, 2, 263, 422]
[:mouse_move, 109, 344, 2, 264, 423]
[:mouse_move, 109, 341, 2, 265, 424]
[:mouse_move, 109, 339, 2, 266, 425]
[:mouse_move, 111, 332, 2, 267, 427]
[:mouse_move, 111, 329, 2, 268, 428]
[:mouse_move, 112, 324, 2, 269, 429]
[:mouse_move, 113, 320, 2, 270, 430]
[:mouse_move, 114, 316, 2, 271, 431]
[:mouse_move, 115, 311, 2, 272, 432]
[:mouse_move, 116, 307, 2, 273, 433]
[:mouse_move, 118, 301, 2, 274, 434]
[:mouse_move, 120, 296, 2, 275, 435]
[:mouse_move, 122, 291, 2, 276, 436]
[:mouse_move, 124, 286, 2, 277, 437]
[:mouse_move, 127, 281, 2, 278, 438]
[:mouse_move, 129, 278, 2, 279, 439]
[:mouse_move, 131, 273, 2, 280, 440]
[:mouse_move, 133, 270, 2, 281, 441]
[:mouse_move, 134, 267, 2, 282, 442]
[:mouse_move, 137, 263, 2, 283, 443]
[:mouse_move, 139, 259, 2, 284, 444]
[:mouse_move, 143, 254, 2, 285, 445]
[:mouse_move, 145, 249, 2, 286, 446]
[:mouse_move, 148, 245, 2, 287, 447]
[:mouse_move, 151, 241, 2, 288, 448]
[:mouse_move, 153, 237, 2, 289, 449]
[:mouse_move, 157, 232, 2, 290, 450]
[:mouse_move, 160, 227, 2, 291, 451]
[:mouse_move, 166, 217, 2, 292, 453]
[:mouse_move, 169, 213, 2, 293, 454]
[:mouse_move, 171, 211, 2, 294, 455]
[:mouse_move, 173, 207, 2, 295, 456]
[:mouse_move, 176, 200, 2, 296, 458]
[:mouse_move, 177, 198, 2, 297, 459]
[:mouse_move, 178, 194, 2, 298, 460]
[:mouse_move, 179, 191, 2, 299, 461]
[:mouse_move, 180, 188, 2, 300, 462]
[:mouse_move, 181, 186, 2, 301, 463]
[:mouse_move, 181, 184, 2, 302, 464]
[:mouse_move, 181, 182, 2, 303, 465]
[:mouse_move, 182, 181, 2, 304, 466]
[:mouse_move, 182, 179, 2, 305, 468]
[:mouse_move, 182, 177, 2, 306, 469]
[:mouse_move, 183, 175, 2, 307, 470]
[:mouse_move, 183, 172, 2, 308, 471]
[:mouse_move, 183, 171, 2, 309, 472]
[:mouse_move, 183, 170, 2, 310, 474]
[:mouse_move, 183, 171, 2, 311, 484]
[:mouse_move, 183, 172, 2, 312, 485]
[:mouse_move, 183, 173, 2, 313, 487]
[:mouse_move, 183, 177, 2, 314, 489]
[:mouse_move, 182, 182, 2, 315, 490]
[:mouse_move, 182, 190, 2, 316, 491]
[:mouse_move, 182, 201, 2, 317, 492]
[:mouse_move, 183, 207, 2, 318, 493]
[:mouse_move, 183, 219, 2, 319, 494]
[:mouse_move, 183, 227, 2, 320, 495]
[:mouse_move, 183, 243, 2, 321, 496]
[:mouse_move, 182, 263, 2, 322, 497]
[:mouse_move, 180, 283, 2, 323, 498]
[:mouse_move, 177, 305, 2, 324, 499]
[:mouse_move, 175, 324, 2, 325, 500]
[:mouse_move, 173, 341, 2, 326, 501]
[:mouse_move, 172, 344, 2, 327, 502]
[:mouse_move, 171, 360, 2, 328, 503]
[:mouse_move, 170, 370, 2, 329, 504]
[:mouse_move, 169, 376, 2, 330, 505]
[:mouse_move, 169, 381, 2, 331, 506]
[:mouse_move, 168, 393, 2, 332, 507]
[:mouse_move, 167, 402, 2, 333, 508]
[:mouse_move, 164, 419, 2, 334, 509]
[:mouse_move, 163, 430, 2, 335, 510]
[:mouse_move, 161, 440, 2, 336, 511]
[:mouse_move, 160, 448, 2, 337, 512]
[:mouse_move, 159, 454, 2, 338, 513]
[:mouse_move, 158, 459, 2, 339, 514]
[:mouse_move, 157, 466, 2, 340, 515]
[:mouse_move, 157, 470, 2, 341, 516]
[:mouse_move, 156, 475, 2, 342, 517]
[:mouse_move, 156, 478, 2, 343, 518]
[:mouse_move, 156, 481, 2, 344, 519]
[:mouse_move, 156, 485, 2, 345, 520]
[:mouse_move, 156, 488, 2, 346, 521]
[:mouse_move, 155, 493, 2, 347, 522]
[:mouse_move, 155, 495, 2, 348, 523]
[:mouse_move, 155, 497, 2, 349, 524]
[:mouse_move, 155, 498, 2, 350, 525]
[:mouse_move, 155, 499, 2, 351, 526]
[:mouse_move, 155, 501, 2, 352, 527]
[:mouse_move, 154, 502, 2, 353, 528]
[:mouse_move, 154, 503, 2, 354, 529]
[:mouse_move, 154, 506, 2, 355, 531]
[:mouse_move, 154, 507, 2, 356, 532]
[:mouse_move, 154, 508, 2, 357, 533]
[:mouse_move, 154, 510, 2, 358, 536]
[:mouse_move, 155, 511, 2, 359, 537]
[:mouse_move, 155, 512, 2, 360, 544]
[:mouse_move, 156, 512, 2, 361, 547]
[:mouse_move, 159, 509, 2, 362, 549]
[:mouse_move, 165, 505, 2, 363, 550]
[:mouse_move, 171, 499, 2, 364, 551]
[:mouse_move, 181, 493, 2, 365, 552]
[:mouse_move, 201, 475, 2, 366, 553]
[:mouse_move, 224, 454, 2, 367, 554]
[:mouse_move, 246, 432, 2, 368, 555]
[:mouse_move, 267, 410, 2, 369, 556]
[:mouse_move, 283, 392, 2, 370, 557]
[:mouse_move, 293, 379, 2, 371, 558]
[:mouse_move, 299, 370, 2, 372, 559]
[:mouse_move, 301, 364, 2, 373, 560]
[:mouse_move, 302, 360, 2, 374, 561]
[:mouse_move, 302, 356, 2, 375, 562]
[:mouse_move, 300, 350, 2, 376, 563]
[:mouse_move, 297, 342, 2, 377, 564]
[:mouse_move, 295, 336, 2, 378, 565]
[:mouse_move, 288, 325, 2, 379, 566]
[:mouse_move, 282, 316, 2, 380, 567]
[:mouse_move, 263, 299, 2, 381, 568]
[:mouse_move, 240, 284, 2, 382, 570]
[:mouse_move, 229, 280, 2, 383, 571]
[:mouse_move, 219, 278, 2, 384, 572]
[:mouse_move, 209, 277, 2, 385, 573]
[:mouse_move, 199, 276, 2, 386, 574]
[:mouse_move, 192, 277, 2, 387, 575]
[:mouse_move, 185, 278, 2, 388, 576]
[:mouse_move, 175, 282, 2, 389, 577]
[:mouse_move, 169, 286, 2, 390, 578]
[:mouse_move, 160, 292, 2, 391, 579]
[:mouse_move, 153, 297, 2, 392, 580]
[:mouse_move, 149, 301, 2, 393, 581]
[:mouse_move, 144, 306, 2, 394, 582]
[:mouse_move, 140, 310, 2, 395, 583]
[:mouse_move, 136, 316, 2, 396, 584]
[:mouse_move, 132, 322, 2, 397, 585]
[:mouse_move, 130, 328, 2, 398, 586]
[:mouse_move, 128, 333, 2, 399, 587]
[:mouse_move, 127, 337, 2, 400, 588]
[:mouse_move, 127, 340, 2, 401, 589]
[:mouse_move, 127, 341, 2, 402, 590]
[:mouse_move, 127, 343, 2, 403, 591]
[:mouse_move, 128, 345, 2, 404, 592]
[:mouse_move, 128, 347, 2, 405, 593]
[:mouse_move, 129, 349, 2, 406, 594]
[:mouse_move, 130, 351, 2, 407, 595]
[:mouse_move, 130, 352, 2, 408, 596]
[:mouse_move, 131, 353, 2, 409, 597]
[:mouse_move, 133, 355, 2, 410, 598]
[:mouse_move, 137, 357, 2, 411, 599]
[:mouse_move, 140, 359, 2, 412, 600]
[:mouse_move, 157, 364, 2, 413, 601]
[:mouse_move, 170, 366, 2, 414, 602]
[:mouse_move, 201, 369, 2, 415, 604]
[:mouse_move, 207, 370, 2, 416, 605]
[:mouse_move, 214, 370, 2, 417, 606]
[:mouse_move, 215, 370, 2, 418, 607]
[:mouse_move, 216, 370, 2, 419, 608]
[:mouse_move, 216, 369, 2, 420, 614]
[:mouse_move, 215, 369, 2, 421, 615]
[:mouse_move, 214, 368, 2, 422, 619]
[:mouse_move, 213, 368, 2, 423, 620]
[:mouse_move, 211, 368, 2, 424, 622]
[:mouse_move, 210, 368, 2, 425, 624]
[:mouse_move, 209, 368, 2, 426, 625]
[:mouse_move, 208, 367, 2, 427, 626]
[:mouse_move, 206, 367, 2, 428, 628]
[:mouse_move, 205, 367, 2, 429, 629]
[:mouse_move, 204, 367, 2, 430, 631]
[:mouse_move, 205, 367, 2, 431, 638]
[:mouse_button_up, 1, 0, 1, 432, 654]
[:mouse_move, 202, 375, 2, 433, 655]
[:mouse_move, 197, 384, 2, 434, 655]
[:mouse_move, 193, 391, 2, 435, 656]
[:mouse_move, 191, 394, 2, 436, 657]
[:mouse_move, 190, 395, 2, 437, 658]
[:mouse_move, 190, 396, 2, 438, 659]
[:mouse_move, 189, 397, 2, 439, 660]
[:scancode_down_raw, 53, 0, 2, 440, 688]
[:textinput, "`", 0, 1, 441, 688]
