replay_version 2.0
stopped_at 1606
seed 100
recorded_at 2022-08-28 13:19:52 -0500
[:mouse_button_up, 1, 0, 1, 1, 5]
[:mouse_move, 806, 80, 2, 2, 52]
[:mouse_move, 806, 81, 2, 3, 53]
[:mouse_move, 806, 86, 2, 4, 53]
[:mouse_move, 808, 92, 2, 5, 54]
[:mouse_move, 809, 98, 2, 6, 54]
[:mouse_move, 811, 109, 2, 7, 55]
[:mouse_move, 813, 120, 2, 8, 55]
[:mouse_move, 815, 130, 2, 9, 56]
[:mouse_move, 817, 145, 2, 10, 56]
[:mouse_move, 820, 171, 2, 11, 57]
[:mouse_move, 821, 178, 2, 12, 57]
[:mouse_move, 821, 193, 2, 13, 58]
[:mouse_move, 821, 219, 2, 14, 58]
[:mouse_move, 821, 225, 2, 15, 59]
[:mouse_move, 819, 257, 2, 16, 59]
[:mouse_move, 814, 269, 2, 17, 60]
[:mouse_move, 807, 280, 2, 18, 60]
[:mouse_move, 796, 296, 2, 19, 61]
[:mouse_move, 786, 305, 2, 20, 61]
[:mouse_move, 774, 312, 2, 21, 62]
[:mouse_move, 758, 319, 2, 22, 62]
[:mouse_move, 738, 327, 2, 23, 63]
[:mouse_move, 720, 332, 2, 24, 63]
[:mouse_move, 696, 336, 2, 25, 64]
[:mouse_move, 675, 338, 2, 26, 64]
[:mouse_move, 652, 339, 2, 27, 65]
[:mouse_move, 643, 339, 2, 28, 65]
[:mouse_move, 624, 339, 2, 29, 66]
[:mouse_move, 607, 339, 2, 30, 66]
[:mouse_move, 593, 335, 2, 31, 67]
[:mouse_move, 580, 329, 2, 32, 67]
[:mouse_move, 570, 323, 2, 33, 68]
[:mouse_move, 566, 323, 2, 34, 84]
[:mouse_move, 563, 323, 2, 35, 85]
[:mouse_move, 558, 322, 2, 36, 85]
[:mouse_move, 554, 321, 2, 37, 86]
[:mouse_move, 526, 309, 2, 38, 86]
[:mouse_move, 492, 294, 2, 39, 87]
[:mouse_move, 465, 282, 2, 40, 87]
[:mouse_move, 430, 265, 2, 41, 88]
[:mouse_move, 413, 256, 2, 42, 88]
[:mouse_move, 376, 241, 2, 43, 89]
[:mouse_move, 338, 222, 2, 44, 89]
[:mouse_move, 300, 204, 2, 45, 90]
[:mouse_move, 269, 189, 2, 46, 90]
[:mouse_move, 237, 174, 2, 47, 91]
[:mouse_move, 228, 170, 2, 48, 91]
[:mouse_move, 205, 159, 2, 49, 92]
[:mouse_move, 188, 150, 2, 50, 92]
[:mouse_move, 175, 142, 2, 51, 93]
[:mouse_move, 169, 139, 2, 52, 93]
[:mouse_move, 161, 135, 2, 53, 94]
[:mouse_move, 155, 130, 2, 54, 94]
[:mouse_move, 149, 127, 2, 55, 95]
[:mouse_move, 145, 125, 2, 56, 95]
[:mouse_move, 143, 123, 2, 57, 96]
[:mouse_move, 141, 122, 2, 58, 96]
[:mouse_move, 140, 121, 2, 59, 97]
[:mouse_move, 139, 120, 2, 60, 97]
[:mouse_move, 138, 120, 2, 61, 98]
[:mouse_move, 137, 119, 2, 62, 98]
[:mouse_move, 136, 118, 2, 63, 99]
[:mouse_move, 135, 118, 2, 64, 100]
[:mouse_move, 135, 117, 2, 65, 100]
[:mouse_move, 134, 117, 2, 66, 101]
[:mouse_move, 133, 116, 2, 67, 101]
[:mouse_move, 132, 116, 2, 68, 102]
[:mouse_move, 132, 115, 2, 69, 103]
[:mouse_move, 132, 114, 2, 70, 105]
[:mouse_move, 131, 112, 2, 71, 105]
[:mouse_move, 130, 110, 2, 72, 106]
[:mouse_move, 129, 107, 2, 73, 106]
[:mouse_move, 128, 102, 2, 74, 107]
[:mouse_move, 127, 96, 2, 75, 107]
[:mouse_move, 126, 91, 2, 76, 108]
[:mouse_move, 125, 88, 2, 77, 108]
[:mouse_move, 125, 83, 2, 78, 109]
[:mouse_move, 125, 80, 2, 79, 109]
[:mouse_move, 125, 76, 2, 80, 110]
[:mouse_move, 125, 74, 2, 81, 110]
[:mouse_move, 125, 73, 2, 82, 111]
[:mouse_move, 125, 72, 2, 83, 111]
[:mouse_move, 125, 71, 2, 84, 112]
[:mouse_button_pressed, 1, 0, 1, 85, 125]
[:mouse_button_up, 1, 0, 1, 86, 132]
[:mouse_move, 126, 71, 2, 87, 160]
[:mouse_move, 127, 71, 2, 88, 162]
[:mouse_move, 128, 71, 2, 89, 197]
[:mouse_move, 131, 71, 2, 90, 198]
[:mouse_move, 133, 71, 2, 91, 198]
[:mouse_move, 137, 71, 2, 92, 199]
[:mouse_move, 147, 71, 2, 93, 199]
[:mouse_move, 153, 71, 2, 94, 200]
[:mouse_move, 159, 71, 2, 95, 200]
[:mouse_move, 162, 71, 2, 96, 201]
[:mouse_move, 168, 72, 2, 97, 201]
[:mouse_move, 173, 72, 2, 98, 202]
[:mouse_move, 176, 73, 2, 99, 202]
[:mouse_move, 180, 73, 2, 100, 203]
[:mouse_move, 184, 73, 2, 101, 203]
[:mouse_move, 187, 73, 2, 102, 204]
[:mouse_move, 190, 73, 2, 103, 204]
[:mouse_move, 193, 73, 2, 104, 205]
[:mouse_move, 196, 73, 2, 105, 205]
[:mouse_move, 199, 73, 2, 106, 206]
[:mouse_move, 201, 73, 2, 107, 206]
[:mouse_move, 203, 73, 2, 108, 207]
[:mouse_move, 205, 73, 2, 109, 207]
[:mouse_move, 207, 73, 2, 110, 208]
[:mouse_move, 209, 73, 2, 111, 208]
[:mouse_move, 210, 73, 2, 112, 209]
[:mouse_move, 211, 73, 2, 113, 209]
[:mouse_move, 212, 73, 2, 114, 210]
[:mouse_move, 213, 73, 2, 115, 210]
[:mouse_move, 214, 73, 2, 116, 211]
[:mouse_move, 215, 73, 2, 117, 212]
[:mouse_move, 216, 73, 2, 118, 212]
[:mouse_move, 217, 73, 2, 119, 213]
[:mouse_move, 218, 73, 2, 120, 214]
[:mouse_move, 219, 73, 2, 121, 218]
[:mouse_move, 220, 73, 2, 122, 221]
[:mouse_button_pressed, 1, 0, 1, 123, 225]
[:mouse_button_up, 1, 0, 1, 124, 231]
[:mouse_move, 221, 73, 2, 125, 256]
[:mouse_move, 222, 73, 2, 126, 257]
[:mouse_move, 223, 74, 2, 127, 258]
[:mouse_move, 224, 74, 2, 128, 260]
[:mouse_move, 223, 74, 2, 129, 266]
[:mouse_move, 222, 74, 2, 130, 268]
[:mouse_move, 221, 74, 2, 131, 269]
[:mouse_move, 216, 74, 2, 132, 270]
[:mouse_move, 213, 74, 2, 133, 270]
[:mouse_move, 208, 74, 2, 134, 271]
[:mouse_move, 203, 74, 2, 135, 271]
[:mouse_move, 197, 74, 2, 136, 272]
[:mouse_move, 189, 74, 2, 137, 272]
[:mouse_move, 182, 75, 2, 138, 273]
[:mouse_move, 173, 76, 2, 139, 273]
[:mouse_move, 166, 78, 2, 140, 274]
[:mouse_move, 157, 79, 2, 141, 274]
[:mouse_move, 149, 81, 2, 142, 275]
[:mouse_move, 146, 82, 2, 143, 275]
[:mouse_move, 140, 83, 2, 144, 276]
[:mouse_move, 135, 84, 2, 145, 276]
[:mouse_move, 131, 85, 2, 146, 277]
[:mouse_move, 127, 86, 2, 147, 277]
[:mouse_move, 123, 86, 2, 148, 278]
[:mouse_move, 120, 86, 2, 149, 278]
[:mouse_move, 118, 86, 2, 150, 279]
[:mouse_move, 116, 86, 2, 151, 279]
[:mouse_move, 115, 86, 2, 152, 280]
[:mouse_move, 114, 86, 2, 153, 280]
[:mouse_move, 113, 86, 2, 154, 281]
[:mouse_move, 113, 87, 2, 155, 284]
[:mouse_move, 112, 89, 2, 156, 285]
[:mouse_move, 111, 89, 2, 157, 285]
[:mouse_move, 111, 91, 2, 158, 286]
[:mouse_move, 110, 92, 2, 159, 287]
[:mouse_move, 110, 93, 2, 160, 287]
[:mouse_move, 109, 93, 2, 161, 288]
[:mouse_move, 109, 94, 2, 162, 289]
[:mouse_move, 109, 95, 2, 163, 292]
[:mouse_move, 108, 95, 2, 164, 292]
[:mouse_move, 108, 97, 2, 165, 293]
[:mouse_move, 107, 101, 2, 166, 293]
[:mouse_move, 106, 106, 2, 167, 294]
[:mouse_move, 104, 112, 2, 168, 294]
[:mouse_move, 103, 118, 2, 169, 295]
[:mouse_move, 101, 125, 2, 170, 295]
[:mouse_move, 101, 129, 2, 171, 296]
[:mouse_move, 100, 134, 2, 172, 296]
[:mouse_move, 99, 139, 2, 173, 297]
[:mouse_move, 99, 145, 2, 174, 297]
[:mouse_move, 99, 147, 2, 175, 298]
[:mouse_move, 99, 148, 2, 176, 299]
[:mouse_move, 99, 149, 2, 177, 300]
[:mouse_move, 99, 148, 2, 178, 306]
[:mouse_move, 99, 147, 2, 179, 306]
[:mouse_move, 99, 145, 2, 180, 307]
[:mouse_move, 100, 143, 2, 181, 307]
[:mouse_move, 101, 141, 2, 182, 308]
[:mouse_move, 102, 140, 2, 183, 308]
[:mouse_move, 103, 137, 2, 184, 309]
[:mouse_move, 103, 135, 2, 185, 309]
[:mouse_move, 104, 134, 2, 186, 310]
[:mouse_move, 105, 132, 2, 187, 310]
[:mouse_move, 105, 131, 2, 188, 311]
[:mouse_move, 105, 130, 2, 189, 311]
[:mouse_move, 105, 129, 2, 190, 312]
[:mouse_move, 104, 129, 2, 191, 318]
[:mouse_move, 103, 129, 2, 192, 320]
[:mouse_move, 102, 130, 2, 193, 320]
[:mouse_button_pressed, 1, 0, 1, 194, 363]
[:mouse_button_up, 1, 0, 1, 195, 368]
[:mouse_button_pressed, 1, 0, 1, 196, 374]
[:mouse_button_up, 1, 0, 1, 197, 379]
[:mouse_button_pressed, 1, 0, 1, 198, 384]
[:mouse_button_up, 1, 0, 1, 199, 389]
[:mouse_button_pressed, 1, 0, 1, 200, 395]
[:mouse_button_up, 1, 0, 1, 201, 401]
[:mouse_button_pressed, 1, 0, 1, 202, 405]
[:mouse_button_up, 1, 0, 1, 203, 411]
[:mouse_button_pressed, 1, 0, 1, 204, 416]
[:mouse_button_up, 1, 0, 1, 205, 421]
[:mouse_button_pressed, 1, 0, 1, 206, 427]
[:mouse_button_up, 1, 0, 1, 207, 432]
[:mouse_button_pressed, 1, 0, 1, 208, 438]
[:mouse_button_up, 1, 0, 1, 209, 443]
[:mouse_move, 104, 130, 2, 210, 448]
[:mouse_move, 107, 130, 2, 211, 448]
[:mouse_move, 112, 130, 2, 212, 449]
[:mouse_move, 116, 130, 2, 213, 449]
[:mouse_move, 119, 130, 2, 214, 450]
[:mouse_move, 126, 130, 2, 215, 450]
[:mouse_move, 129, 129, 2, 216, 451]
[:mouse_move, 132, 129, 2, 217, 451]
[:mouse_move, 138, 127, 2, 218, 452]
[:mouse_move, 141, 126, 2, 219, 452]
[:mouse_move, 144, 125, 2, 220, 453]
[:mouse_move, 146, 124, 2, 221, 453]
[:mouse_move, 148, 124, 2, 222, 454]
[:mouse_move, 151, 124, 2, 223, 454]
[:mouse_move, 153, 123, 2, 224, 455]
[:mouse_move, 154, 123, 2, 225, 455]
[:mouse_move, 157, 122, 2, 226, 456]
[:mouse_move, 159, 122, 2, 227, 456]
[:mouse_move, 162, 121, 2, 228, 457]
[:mouse_move, 164, 121, 2, 229, 457]
[:mouse_move, 169, 120, 2, 230, 458]
[:mouse_move, 171, 119, 2, 231, 458]
[:mouse_move, 175, 117, 2, 232, 459]
[:mouse_move, 179, 115, 2, 233, 459]
[:mouse_move, 183, 113, 2, 234, 460]
[:mouse_move, 185, 111, 2, 235, 460]
[:mouse_move, 189, 108, 2, 236, 461]
[:mouse_move, 193, 107, 2, 237, 461]
[:mouse_move, 195, 105, 2, 238, 462]
[:mouse_move, 198, 103, 2, 239, 462]
[:mouse_move, 200, 102, 2, 240, 463]
[:mouse_move, 201, 101, 2, 241, 463]
[:mouse_move, 203, 100, 2, 242, 464]
[:mouse_move, 204, 98, 2, 243, 464]
[:mouse_move, 205, 98, 2, 244, 465]
[:mouse_move, 208, 96, 2, 245, 465]
[:mouse_move, 210, 95, 2, 246, 466]
[:mouse_move, 211, 94, 2, 247, 466]
[:mouse_move, 212, 93, 2, 248, 467]
[:mouse_move, 214, 93, 2, 249, 467]
[:mouse_move, 215, 92, 2, 250, 468]
[:mouse_move, 216, 91, 2, 251, 468]
[:mouse_move, 218, 90, 2, 252, 469]
[:mouse_move, 218, 89, 2, 253, 470]
[:mouse_move, 219, 89, 2, 254, 470]
[:mouse_move, 220, 87, 2, 255, 471]
[:mouse_move, 222, 86, 2, 256, 471]
[:mouse_move, 223, 85, 2, 257, 472]
[:mouse_move, 224, 82, 2, 258, 472]
[:mouse_move, 225, 80, 2, 259, 473]
[:mouse_move, 227, 79, 2, 260, 473]
[:mouse_move, 228, 78, 2, 261, 474]
[:mouse_move, 228, 76, 2, 262, 474]
[:mouse_move, 229, 75, 2, 263, 475]
[:mouse_move, 230, 74, 2, 264, 476]
[:mouse_button_pressed, 1, 0, 1, 265, 480]
[:mouse_button_up, 1, 0, 1, 266, 486]
[:mouse_move, 231, 74, 2, 267, 508]
[:mouse_move, 235, 74, 2, 268, 509]
[:mouse_move, 238, 74, 2, 269, 510]
[:mouse_move, 242, 74, 2, 270, 510]
[:mouse_move, 247, 74, 2, 271, 511]
[:mouse_move, 253, 74, 2, 272, 511]
[:mouse_move, 262, 74, 2, 273, 512]
[:mouse_move, 281, 74, 2, 274, 512]
[:mouse_move, 295, 74, 2, 275, 513]
[:mouse_move, 316, 74, 2, 276, 513]
[:mouse_move, 340, 78, 2, 277, 514]
[:mouse_move, 364, 87, 2, 278, 514]
[:mouse_move, 388, 94, 2, 279, 515]
[:mouse_move, 399, 97, 2, 280, 515]
[:mouse_move, 420, 103, 2, 281, 516]
[:mouse_move, 434, 108, 2, 282, 516]
[:mouse_move, 440, 108, 2, 283, 517]
[:mouse_move, 449, 111, 2, 284, 517]
[:mouse_move, 458, 113, 2, 285, 518]
[:mouse_move, 463, 114, 2, 286, 518]
[:mouse_move, 467, 114, 2, 287, 519]
[:mouse_move, 469, 115, 2, 288, 519]
[:mouse_move, 470, 115, 2, 289, 520]
[:mouse_move, 471, 115, 2, 290, 520]
[:mouse_move, 468, 114, 2, 291, 523]
[:mouse_move, 465, 112, 2, 292, 523]
[:mouse_move, 463, 111, 2, 293, 524]
[:mouse_move, 460, 110, 2, 294, 524]
[:mouse_move, 458, 109, 2, 295, 525]
[:mouse_move, 455, 107, 2, 296, 525]
[:mouse_move, 453, 106, 2, 297, 526]
[:mouse_move, 452, 106, 2, 298, 526]
[:mouse_move, 451, 105, 2, 299, 527]
[:mouse_move, 450, 105, 2, 300, 529]
[:mouse_move, 449, 105, 2, 301, 531]
[:mouse_move, 449, 108, 2, 302, 531]
[:mouse_move, 448, 112, 2, 303, 532]
[:mouse_move, 447, 117, 2, 304, 532]
[:mouse_move, 445, 123, 2, 305, 533]
[:mouse_move, 444, 129, 2, 306, 533]
[:mouse_move, 443, 135, 2, 307, 534]
[:mouse_move, 442, 142, 2, 308, 534]
[:mouse_move, 440, 148, 2, 309, 535]
[:mouse_move, 439, 150, 2, 310, 535]
[:mouse_move, 437, 161, 2, 311, 536]
[:mouse_move, 434, 167, 2, 312, 536]
[:mouse_move, 433, 169, 2, 313, 537]
[:mouse_move, 431, 173, 2, 314, 537]
[:mouse_move, 430, 175, 2, 315, 538]
[:mouse_move, 429, 177, 2, 316, 538]
[:mouse_move, 429, 179, 2, 317, 539]
[:mouse_move, 429, 180, 2, 318, 539]
[:mouse_move, 428, 181, 2, 319, 540]
[:mouse_move, 428, 182, 2, 320, 541]
[:mouse_move, 428, 183, 2, 321, 544]
[:mouse_move, 426, 183, 2, 322, 546]
[:mouse_move, 421, 183, 2, 323, 546]
[:mouse_move, 414, 181, 2, 324, 547]
[:mouse_move, 402, 175, 2, 325, 547]
[:mouse_move, 384, 164, 2, 326, 548]
[:mouse_move, 362, 153, 2, 327, 548]
[:mouse_move, 333, 137, 2, 328, 549]
[:mouse_move, 304, 123, 2, 329, 549]
[:mouse_move, 287, 114, 2, 330, 550]
[:mouse_move, 262, 100, 2, 331, 551]
[:mouse_move, 256, 97, 2, 332, 551]
[:mouse_move, 250, 94, 2, 333, 552]
[:mouse_move, 248, 92, 2, 334, 552]
[:mouse_move, 246, 91, 2, 335, 553]
[:mouse_move, 244, 91, 2, 336, 553]
[:mouse_move, 243, 91, 2, 337, 554]
[:mouse_move, 242, 91, 2, 338, 555]
[:mouse_move, 241, 92, 2, 339, 557]
[:mouse_move, 241, 93, 2, 340, 558]
[:mouse_move, 241, 96, 2, 341, 558]
[:mouse_move, 241, 97, 2, 342, 559]
[:mouse_move, 241, 98, 2, 343, 559]
[:mouse_move, 241, 99, 2, 344, 560]
[:mouse_move, 241, 100, 2, 345, 560]
[:mouse_move, 241, 101, 2, 346, 562]
[:mouse_move, 241, 102, 2, 347, 565]
[:mouse_move, 241, 103, 2, 348, 566]
[:mouse_move, 241, 104, 2, 349, 567]
[:mouse_move, 241, 105, 2, 350, 567]
[:mouse_move, 241, 106, 2, 351, 568]
[:mouse_move, 241, 108, 2, 352, 568]
[:mouse_move, 240, 111, 2, 353, 569]
[:mouse_move, 239, 114, 2, 354, 569]
[:mouse_move, 239, 119, 2, 355, 570]
[:mouse_move, 239, 122, 2, 356, 570]
[:mouse_move, 239, 125, 2, 357, 571]
[:mouse_move, 239, 128, 2, 358, 571]
[:mouse_move, 239, 129, 2, 359, 572]
[:mouse_move, 239, 130, 2, 360, 572]
[:mouse_move, 239, 131, 2, 361, 573]
[:mouse_move, 239, 132, 2, 362, 573]
[:mouse_move, 239, 133, 2, 363, 575]
[:mouse_button_pressed, 1, 0, 1, 364, 579]
[:mouse_button_up, 1, 0, 1, 365, 583]
[:mouse_move, 240, 133, 2, 366, 618]
[:mouse_move, 241, 133, 2, 367, 619]
[:mouse_move, 242, 133, 2, 368, 620]
[:mouse_move, 245, 133, 2, 369, 672]
[:mouse_move, 251, 132, 2, 370, 673]
[:mouse_move, 264, 130, 2, 371, 673]
[:mouse_move, 280, 126, 2, 372, 674]
[:mouse_move, 322, 119, 2, 373, 674]
[:mouse_move, 360, 114, 2, 374, 675]
[:mouse_move, 409, 108, 2, 375, 675]
[:mouse_move, 465, 104, 2, 376, 676]
[:mouse_move, 552, 99, 2, 377, 676]
[:mouse_move, 650, 99, 2, 378, 677]
[:mouse_move, 666, 99, 2, 379, 678]
[:mouse_move, 698, 99, 2, 380, 678]
[:mouse_move, 722, 99, 2, 381, 679]
[:mouse_move, 722, 97, 2, 382, 695]
[:mouse_move, 722, 95, 2, 383, 695]
[:mouse_move, 722, 93, 2, 384, 696]
[:mouse_move, 722, 92, 2, 385, 696]
[:mouse_move, 722, 90, 2, 386, 697]
[:mouse_move, 723, 89, 2, 387, 697]
[:mouse_move, 723, 88, 2, 388, 698]
[:mouse_move, 724, 87, 2, 389, 698]
[:mouse_move, 724, 86, 2, 390, 699]
[:mouse_move, 724, 85, 2, 391, 699]
[:mouse_move, 725, 84, 2, 392, 700]
[:mouse_move, 726, 83, 2, 393, 700]
[:mouse_move, 728, 81, 2, 394, 701]
[:mouse_move, 731, 80, 2, 395, 701]
[:mouse_move, 735, 78, 2, 396, 702]
[:mouse_move, 743, 77, 2, 397, 702]
[:mouse_move, 752, 76, 2, 398, 703]
[:mouse_move, 761, 76, 2, 399, 703]
[:mouse_move, 770, 76, 2, 400, 704]
[:mouse_move, 783, 76, 2, 401, 704]
[:mouse_move, 790, 76, 2, 402, 705]
[:mouse_move, 795, 76, 2, 403, 705]
[:mouse_move, 800, 76, 2, 404, 706]
[:mouse_move, 803, 76, 2, 405, 706]
[:mouse_move, 805, 77, 2, 406, 707]
[:mouse_move, 807, 78, 2, 407, 707]
[:mouse_move, 807, 79, 2, 408, 708]
[:mouse_move, 809, 82, 2, 409, 708]
[:mouse_move, 809, 84, 2, 410, 709]
[:mouse_move, 809, 87, 2, 411, 709]
[:mouse_move, 809, 90, 2, 412, 710]
[:mouse_move, 807, 93, 2, 413, 710]
[:mouse_move, 805, 97, 2, 414, 711]
[:mouse_move, 801, 101, 2, 415, 711]
[:mouse_move, 797, 104, 2, 416, 712]
[:mouse_move, 793, 108, 2, 417, 712]
[:mouse_move, 789, 110, 2, 418, 713]
[:mouse_move, 783, 114, 2, 419, 713]
[:mouse_move, 777, 116, 2, 420, 714]
[:mouse_move, 772, 117, 2, 421, 714]
[:mouse_move, 766, 118, 2, 422, 715]
[:mouse_move, 760, 119, 2, 423, 715]
[:mouse_move, 754, 119, 2, 424, 716]
[:mouse_move, 749, 119, 2, 425, 716]
[:mouse_move, 747, 117, 2, 426, 717]
[:mouse_move, 743, 114, 2, 427, 717]
[:mouse_move, 741, 110, 2, 428, 718]
[:mouse_move, 740, 105, 2, 429, 718]
[:mouse_move, 739, 95, 2, 430, 719]
[:mouse_move, 739, 93, 2, 431, 719]
[:mouse_move, 739, 88, 2, 432, 720]
[:mouse_move, 739, 84, 2, 433, 720]
[:mouse_move, 739, 80, 2, 434, 721]
[:mouse_move, 740, 77, 2, 435, 721]
[:mouse_move, 741, 75, 2, 436, 722]
[:mouse_move, 743, 72, 2, 437, 722]
[:mouse_move, 745, 71, 2, 438, 723]
[:mouse_move, 749, 67, 2, 439, 723]
[:mouse_move, 752, 66, 2, 440, 724]
[:mouse_move, 756, 66, 2, 441, 724]
[:mouse_move, 760, 66, 2, 442, 725]
[:mouse_move, 764, 66, 2, 443, 725]
[:mouse_move, 768, 66, 2, 444, 726]
[:mouse_move, 770, 67, 2, 445, 726]
[:mouse_move, 774, 69, 2, 446, 727]
[:mouse_move, 777, 72, 2, 447, 727]
[:mouse_move, 780, 74, 2, 448, 728]
[:mouse_move, 782, 77, 2, 449, 728]
[:mouse_move, 783, 80, 2, 450, 729]
[:mouse_move, 784, 82, 2, 451, 729]
[:mouse_move, 784, 85, 2, 452, 730]
[:mouse_move, 784, 87, 2, 453, 730]
[:mouse_move, 784, 89, 2, 454, 731]
[:mouse_move, 784, 92, 2, 455, 731]
[:mouse_move, 784, 94, 2, 456, 732]
[:mouse_move, 781, 98, 2, 457, 732]
[:mouse_move, 779, 100, 2, 458, 733]
[:mouse_move, 775, 103, 2, 459, 733]
[:mouse_move, 771, 104, 2, 460, 734]
[:mouse_move, 765, 104, 2, 461, 734]
[:mouse_move, 759, 105, 2, 462, 735]
[:mouse_move, 753, 105, 2, 463, 735]
[:mouse_move, 745, 105, 2, 464, 736]
[:mouse_move, 739, 105, 2, 465, 736]
[:mouse_move, 736, 104, 2, 466, 737]
[:mouse_move, 731, 102, 2, 467, 737]
[:mouse_move, 728, 101, 2, 468, 738]
[:mouse_move, 724, 99, 2, 469, 738]
[:mouse_move, 722, 97, 2, 470, 739]
[:mouse_move, 720, 95, 2, 471, 739]
[:mouse_move, 717, 91, 2, 472, 740]
[:mouse_move, 717, 88, 2, 473, 740]
[:mouse_move, 717, 84, 2, 474, 741]
[:mouse_move, 717, 80, 2, 475, 741]
[:mouse_move, 717, 77, 2, 476, 742]
[:mouse_move, 720, 73, 2, 477, 742]
[:mouse_move, 724, 70, 2, 478, 743]
[:mouse_move, 729, 68, 2, 479, 743]
[:mouse_move, 740, 65, 2, 480, 744]
[:mouse_move, 749, 65, 2, 481, 744]
[:mouse_move, 753, 65, 2, 482, 745]
[:mouse_move, 760, 71, 2, 483, 745]
[:mouse_move, 766, 78, 2, 484, 746]
[:mouse_move, 773, 95, 2, 485, 746]
[:mouse_move, 774, 110, 2, 486, 747]
[:mouse_move, 772, 115, 2, 487, 748]
[:mouse_move, 759, 125, 2, 488, 748]
[:mouse_move, 747, 129, 2, 489, 749]
[:mouse_move, 728, 130, 2, 490, 749]
[:mouse_move, 687, 132, 2, 491, 750]
[:mouse_move, 651, 132, 2, 492, 750]
[:mouse_move, 610, 128, 2, 493, 751]
[:mouse_move, 565, 121, 2, 494, 751]
[:mouse_move, 541, 116, 2, 495, 752]
[:mouse_move, 496, 109, 2, 496, 752]
[:mouse_move, 418, 94, 2, 497, 753]
[:mouse_move, 397, 93, 2, 498, 753]
[:mouse_move, 355, 89, 2, 499, 754]
[:mouse_move, 320, 86, 2, 500, 754]
[:mouse_move, 285, 84, 2, 501, 755]
[:mouse_move, 253, 84, 2, 502, 755]
[:mouse_move, 227, 84, 2, 503, 756]
[:mouse_move, 216, 84, 2, 504, 756]
[:mouse_move, 195, 84, 2, 505, 757]
[:mouse_move, 176, 84, 2, 506, 757]
[:mouse_move, 160, 84, 2, 507, 758]
[:mouse_move, 145, 84, 2, 508, 758]
[:mouse_move, 133, 87, 2, 509, 759]
[:mouse_move, 122, 90, 2, 510, 759]
[:mouse_move, 113, 92, 2, 511, 760]
[:mouse_move, 106, 94, 2, 512, 760]
[:mouse_move, 98, 97, 2, 513, 761]
[:mouse_move, 89, 100, 2, 514, 761]
[:mouse_move, 86, 101, 2, 515, 762]
[:mouse_move, 83, 103, 2, 516, 762]
[:mouse_move, 80, 103, 2, 517, 763]
[:mouse_move, 79, 104, 2, 518, 763]
[:mouse_move, 78, 104, 2, 519, 764]
[:mouse_move, 78, 105, 2, 520, 764]
[:mouse_move, 78, 106, 2, 521, 768]
[:mouse_move, 78, 108, 2, 522, 769]
[:mouse_move, 78, 109, 2, 523, 770]
[:mouse_move, 78, 111, 2, 524, 770]
[:mouse_move, 78, 112, 2, 525, 771]
[:mouse_move, 78, 114, 2, 526, 771]
[:mouse_move, 78, 116, 2, 527, 772]
[:mouse_move, 78, 117, 2, 528, 772]
[:mouse_move, 78, 118, 2, 529, 773]
[:mouse_move, 78, 119, 2, 530, 773]
[:mouse_move, 78, 120, 2, 531, 774]
[:mouse_move, 78, 121, 2, 532, 775]
[:mouse_move, 78, 122, 2, 533, 775]
[:mouse_move, 78, 123, 2, 534, 776]
[:mouse_move, 77, 124, 2, 535, 777]
[:mouse_move, 77, 125, 2, 536, 779]
[:mouse_button_pressed, 1, 0, 1, 537, 783]
[:mouse_button_up, 1, 0, 1, 538, 787]
[:mouse_button_pressed, 1, 0, 1, 539, 792]
[:mouse_button_up, 1, 0, 1, 540, 796]
[:mouse_button_pressed, 1, 0, 1, 541, 802]
[:mouse_button_up, 1, 0, 1, 542, 807]
[:mouse_button_pressed, 1, 0, 1, 543, 812]
[:mouse_button_up, 1, 0, 1, 544, 817]
[:mouse_button_pressed, 1, 0, 1, 545, 823]
[:mouse_button_up, 1, 0, 1, 546, 826]
[:mouse_button_pressed, 1, 0, 1, 547, 832]
[:mouse_button_up, 1, 0, 1, 548, 837]
[:mouse_button_pressed, 1, 0, 1, 549, 842]
[:mouse_button_up, 1, 0, 1, 550, 846]
[:mouse_move, 78, 125, 2, 551, 859]
[:mouse_move, 90, 125, 2, 552, 859]
[:mouse_move, 101, 125, 2, 553, 860]
[:mouse_move, 106, 125, 2, 554, 860]
[:mouse_move, 116, 125, 2, 555, 861]
[:mouse_move, 119, 125, 2, 556, 861]
[:mouse_move, 125, 125, 2, 557, 862]
[:mouse_move, 129, 125, 2, 558, 862]
[:mouse_move, 131, 125, 2, 559, 863]
[:mouse_move, 133, 124, 2, 560, 863]
[:mouse_move, 134, 123, 2, 561, 864]
[:mouse_move, 133, 123, 2, 562, 867]
[:mouse_move, 131, 124, 2, 563, 867]
[:mouse_move, 130, 126, 2, 564, 868]
[:mouse_move, 127, 128, 2, 565, 868]
[:mouse_move, 125, 130, 2, 566, 869]
[:mouse_move, 123, 132, 2, 567, 869]
[:mouse_move, 121, 134, 2, 568, 870]
[:mouse_move, 117, 136, 2, 569, 871]
[:mouse_move, 116, 136, 2, 570, 871]
[:mouse_move, 114, 137, 2, 571, 872]
[:mouse_move, 113, 137, 2, 572, 873]
[:mouse_move, 113, 136, 2, 573, 874]
[:mouse_move, 113, 135, 2, 574, 875]
[:mouse_move, 114, 134, 2, 575, 875]
[:mouse_move, 117, 132, 2, 576, 876]
[:mouse_move, 120, 130, 2, 577, 876]
[:mouse_move, 124, 129, 2, 578, 877]
[:mouse_move, 128, 126, 2, 579, 877]
[:mouse_move, 133, 125, 2, 580, 878]
[:mouse_move, 139, 124, 2, 581, 878]
[:mouse_move, 147, 124, 2, 582, 879]
[:mouse_move, 156, 124, 2, 583, 879]
[:mouse_move, 165, 124, 2, 584, 880]
[:mouse_move, 175, 124, 2, 585, 880]
[:mouse_move, 186, 124, 2, 586, 881]
[:mouse_move, 195, 124, 2, 587, 881]
[:mouse_move, 204, 124, 2, 588, 882]
[:mouse_move, 213, 124, 2, 589, 882]
[:mouse_move, 216, 125, 2, 590, 883]
[:mouse_move, 221, 126, 2, 591, 883]
[:mouse_move, 225, 126, 2, 592, 884]
[:mouse_move, 229, 127, 2, 593, 884]
[:mouse_move, 232, 128, 2, 594, 885]
[:mouse_move, 233, 129, 2, 595, 885]
[:mouse_move, 234, 129, 2, 596, 886]
[:mouse_move, 235, 130, 2, 597, 886]
[:mouse_move, 236, 130, 2, 598, 887]
[:mouse_move, 236, 131, 2, 599, 887]
[:mouse_button_pressed, 1, 0, 1, 600, 891]
[:mouse_button_up, 1, 0, 1, 601, 896]
[:mouse_move, 237, 131, 2, 602, 911]
[:mouse_move, 240, 130, 2, 603, 911]
[:mouse_move, 253, 126, 2, 604, 912]
[:mouse_move, 265, 123, 2, 605, 912]
[:mouse_move, 279, 118, 2, 606, 913]
[:mouse_move, 301, 113, 2, 607, 913]
[:mouse_move, 344, 106, 2, 608, 914]
[:mouse_move, 385, 102, 2, 609, 914]
[:mouse_move, 430, 102, 2, 610, 915]
[:mouse_move, 503, 102, 2, 611, 915]
[:mouse_move, 548, 102, 2, 612, 916]
[:mouse_move, 590, 102, 2, 613, 916]
[:mouse_move, 628, 102, 2, 614, 917]
[:mouse_move, 663, 104, 2, 615, 917]
[:mouse_move, 675, 105, 2, 616, 918]
[:mouse_move, 699, 106, 2, 617, 918]
[:mouse_move, 715, 106, 2, 618, 919]
[:mouse_move, 721, 106, 2, 619, 919]
[:mouse_move, 732, 106, 2, 620, 920]
[:mouse_move, 739, 106, 2, 621, 920]
[:mouse_move, 745, 106, 2, 622, 921]
[:mouse_move, 749, 104, 2, 623, 921]
[:mouse_move, 752, 103, 2, 624, 922]
[:mouse_move, 754, 101, 2, 625, 922]
[:mouse_move, 756, 99, 2, 626, 923]
[:mouse_move, 757, 97, 2, 627, 923]
[:mouse_move, 758, 96, 2, 628, 924]
[:mouse_move, 759, 95, 2, 629, 924]
[:mouse_move, 759, 94, 2, 630, 925]
[:mouse_move, 760, 93, 2, 631, 925]
[:mouse_move, 760, 92, 2, 632, 926]
[:mouse_move, 762, 91, 2, 633, 926]
[:mouse_move, 763, 89, 2, 634, 927]
[:mouse_move, 766, 88, 2, 635, 927]
[:mouse_move, 767, 87, 2, 636, 928]
[:mouse_move, 770, 85, 2, 637, 928]
[:mouse_move, 777, 80, 2, 638, 929]
[:mouse_move, 781, 78, 2, 639, 929]
[:mouse_move, 783, 76, 2, 640, 930]
[:mouse_move, 785, 75, 2, 641, 930]
[:mouse_move, 788, 73, 2, 642, 931]
[:mouse_move, 789, 72, 2, 643, 931]
[:mouse_move, 790, 71, 2, 644, 932]
[:mouse_move, 791, 71, 2, 645, 932]
[:mouse_move, 789, 74, 2, 646, 935]
[:mouse_move, 785, 78, 2, 647, 935]
[:mouse_move, 782, 82, 2, 648, 936]
[:mouse_move, 781, 84, 2, 649, 936]
[:mouse_move, 778, 88, 2, 650, 937]
[:mouse_move, 775, 92, 2, 651, 937]
[:mouse_move, 773, 94, 2, 652, 938]
[:mouse_move, 771, 96, 2, 653, 938]
[:mouse_move, 768, 97, 2, 654, 939]
[:mouse_move, 765, 99, 2, 655, 939]
[:mouse_move, 762, 100, 2, 656, 940]
[:mouse_move, 758, 100, 2, 657, 940]
[:mouse_move, 754, 100, 2, 658, 941]
[:mouse_move, 749, 100, 2, 659, 941]
[:mouse_move, 744, 100, 2, 660, 942]
[:mouse_move, 741, 99, 2, 661, 942]
[:mouse_move, 737, 97, 2, 662, 943]
[:mouse_move, 731, 94, 2, 663, 943]
[:mouse_move, 728, 93, 2, 664, 944]
[:mouse_move, 726, 92, 2, 665, 944]
[:mouse_move, 724, 90, 2, 666, 945]
[:mouse_move, 723, 89, 2, 667, 945]
[:mouse_move, 722, 88, 2, 668, 946]
[:mouse_move, 721, 87, 2, 669, 946]
[:mouse_move, 721, 85, 2, 670, 947]
[:mouse_move, 721, 84, 2, 671, 947]
[:mouse_move, 721, 81, 2, 672, 948]
[:mouse_move, 721, 79, 2, 673, 948]
[:mouse_move, 721, 77, 2, 674, 949]
[:mouse_move, 723, 74, 2, 675, 949]
[:mouse_move, 724, 73, 2, 676, 950]
[:mouse_move, 726, 70, 2, 677, 950]
[:mouse_move, 728, 68, 2, 678, 951]
[:mouse_move, 730, 64, 2, 679, 951]
[:mouse_move, 732, 62, 2, 680, 952]
[:mouse_move, 734, 61, 2, 681, 952]
[:mouse_move, 736, 59, 2, 682, 953]
[:mouse_move, 738, 57, 2, 683, 953]
[:mouse_move, 740, 56, 2, 684, 954]
[:mouse_move, 744, 56, 2, 685, 954]
[:mouse_move, 748, 56, 2, 686, 955]
[:mouse_move, 752, 56, 2, 687, 955]
[:mouse_move, 757, 56, 2, 688, 956]
[:mouse_move, 762, 56, 2, 689, 956]
[:mouse_move, 773, 63, 2, 690, 957]
[:mouse_move, 779, 68, 2, 691, 958]
[:mouse_move, 785, 73, 2, 692, 958]
[:mouse_move, 786, 74, 2, 693, 959]
[:mouse_move, 792, 81, 2, 694, 959]
[:mouse_move, 794, 85, 2, 695, 960]
[:mouse_move, 796, 90, 2, 696, 960]
[:mouse_move, 798, 95, 2, 697, 961]
[:mouse_move, 799, 101, 2, 698, 961]
[:mouse_move, 799, 107, 2, 699, 962]
[:mouse_move, 800, 110, 2, 700, 962]
[:mouse_move, 800, 113, 2, 701, 963]
[:mouse_move, 800, 117, 2, 702, 963]
[:mouse_move, 800, 121, 2, 703, 964]
[:mouse_move, 799, 125, 2, 704, 964]
[:mouse_move, 795, 127, 2, 705, 965]
[:mouse_move, 792, 129, 2, 706, 965]
[:mouse_move, 788, 130, 2, 707, 966]
[:mouse_move, 782, 132, 2, 708, 966]
[:mouse_move, 775, 133, 2, 709, 967]
[:mouse_move, 767, 133, 2, 710, 967]
[:mouse_move, 758, 133, 2, 711, 968]
[:mouse_move, 751, 133, 2, 712, 968]
[:mouse_move, 743, 129, 2, 713, 969]
[:mouse_move, 740, 127, 2, 714, 969]
[:mouse_move, 734, 124, 2, 715, 970]
[:mouse_move, 729, 122, 2, 716, 970]
[:mouse_move, 726, 120, 2, 717, 971]
[:mouse_move, 724, 118, 2, 718, 971]
[:mouse_move, 720, 112, 2, 719, 972]
[:mouse_move, 720, 109, 2, 720, 972]
[:mouse_move, 720, 106, 2, 721, 973]
[:mouse_move, 720, 101, 2, 722, 973]
[:mouse_move, 720, 96, 2, 723, 974]
[:mouse_move, 720, 92, 2, 724, 974]
[:mouse_move, 722, 85, 2, 725, 975]
[:mouse_move, 725, 80, 2, 726, 975]
[:mouse_move, 728, 74, 2, 727, 976]
[:mouse_move, 732, 70, 2, 728, 976]
[:mouse_move, 735, 66, 2, 729, 977]
[:mouse_move, 737, 64, 2, 730, 977]
[:mouse_move, 741, 61, 2, 731, 978]
[:mouse_move, 748, 56, 2, 732, 978]
[:mouse_move, 751, 55, 2, 733, 979]
[:mouse_move, 756, 54, 2, 734, 979]
[:mouse_move, 761, 54, 2, 735, 980]
[:mouse_move, 766, 54, 2, 736, 980]
[:mouse_move, 772, 54, 2, 737, 981]
[:mouse_move, 777, 54, 2, 738, 981]
[:mouse_move, 782, 58, 2, 739, 982]
[:mouse_move, 786, 61, 2, 740, 982]
[:mouse_move, 788, 64, 2, 741, 983]
[:mouse_move, 793, 71, 2, 742, 983]
[:mouse_move, 794, 74, 2, 743, 984]
[:mouse_move, 796, 78, 2, 744, 984]
[:mouse_move, 798, 87, 2, 745, 985]
[:mouse_move, 799, 95, 2, 746, 985]
[:mouse_move, 799, 103, 2, 747, 986]
[:mouse_move, 798, 106, 2, 748, 987]
[:mouse_move, 795, 109, 2, 749, 987]
[:mouse_move, 792, 111, 2, 750, 988]
[:mouse_move, 785, 113, 2, 751, 988]
[:mouse_move, 779, 115, 2, 752, 989]
[:mouse_move, 773, 116, 2, 753, 989]
[:mouse_move, 766, 116, 2, 754, 990]
[:mouse_move, 763, 116, 2, 755, 990]
[:mouse_move, 757, 116, 2, 756, 991]
[:mouse_move, 752, 116, 2, 757, 991]
[:mouse_move, 745, 114, 2, 758, 992]
[:mouse_move, 742, 112, 2, 759, 992]
[:mouse_move, 738, 109, 2, 760, 993]
[:mouse_move, 736, 105, 2, 761, 993]
[:mouse_move, 733, 99, 2, 762, 994]
[:mouse_move, 732, 93, 2, 763, 994]
[:mouse_move, 731, 85, 2, 764, 995]
[:mouse_move, 731, 79, 2, 765, 995]
[:mouse_move, 731, 72, 2, 766, 996]
[:mouse_move, 731, 64, 2, 767, 996]
[:mouse_move, 733, 58, 2, 768, 997]
[:mouse_move, 738, 52, 2, 769, 997]
[:mouse_move, 742, 48, 2, 770, 998]
[:mouse_move, 747, 43, 2, 771, 998]
[:mouse_move, 752, 40, 2, 772, 999]
[:mouse_move, 758, 38, 2, 773, 999]
[:mouse_move, 770, 36, 2, 774, 1000]
[:mouse_move, 776, 36, 2, 775, 1000]
[:mouse_move, 782, 36, 2, 776, 1001]
[:mouse_move, 786, 36, 2, 777, 1001]
[:mouse_move, 792, 39, 2, 778, 1002]
[:mouse_move, 795, 43, 2, 779, 1002]
[:mouse_move, 798, 48, 2, 780, 1003]
[:mouse_move, 799, 53, 2, 781, 1003]
[:mouse_move, 800, 59, 2, 782, 1004]
[:mouse_move, 801, 65, 2, 783, 1004]
[:mouse_move, 801, 71, 2, 784, 1005]
[:mouse_move, 801, 76, 2, 785, 1005]
[:mouse_move, 800, 81, 2, 786, 1006]
[:mouse_move, 798, 82, 2, 787, 1006]
[:mouse_move, 796, 86, 2, 788, 1007]
[:mouse_move, 790, 90, 2, 789, 1007]
[:mouse_move, 784, 92, 2, 790, 1008]
[:mouse_move, 773, 93, 2, 791, 1008]
[:mouse_move, 767, 94, 2, 792, 1009]
[:mouse_move, 750, 94, 2, 793, 1009]
[:mouse_move, 736, 94, 2, 794, 1010]
[:mouse_move, 717, 94, 2, 795, 1010]
[:mouse_move, 694, 92, 2, 796, 1011]
[:mouse_move, 668, 89, 2, 797, 1011]
[:mouse_move, 611, 83, 2, 798, 1012]
[:mouse_move, 569, 80, 2, 799, 1012]
[:mouse_move, 546, 80, 2, 800, 1013]
[:mouse_move, 414, 74, 2, 801, 1013]
[:mouse_move, 349, 74, 2, 802, 1014]
[:mouse_move, 314, 76, 2, 803, 1015]
[:mouse_move, 301, 79, 2, 804, 1015]
[:mouse_move, 252, 91, 2, 805, 1016]
[:mouse_move, 245, 94, 2, 806, 1016]
[:mouse_move, 230, 101, 2, 807, 1017]
[:mouse_move, 216, 109, 2, 808, 1017]
[:mouse_move, 206, 116, 2, 809, 1018]
[:mouse_move, 204, 119, 2, 810, 1018]
[:mouse_move, 198, 124, 2, 811, 1019]
[:mouse_move, 194, 128, 2, 812, 1019]
[:mouse_move, 192, 131, 2, 813, 1020]
[:mouse_move, 190, 133, 2, 814, 1020]
[:mouse_move, 189, 135, 2, 815, 1021]
[:mouse_move, 189, 137, 2, 816, 1021]
[:mouse_move, 189, 138, 2, 817, 1022]
[:mouse_move, 189, 141, 2, 818, 1022]
[:mouse_move, 189, 143, 2, 819, 1023]
[:mouse_move, 190, 145, 2, 820, 1023]
[:mouse_move, 192, 146, 2, 821, 1024]
[:mouse_move, 194, 148, 2, 822, 1024]
[:mouse_move, 195, 148, 2, 823, 1025]
[:mouse_move, 196, 149, 2, 824, 1025]
[:mouse_move, 197, 150, 2, 825, 1026]
[:mouse_move, 198, 150, 2, 826, 1026]
[:mouse_move, 198, 151, 2, 827, 1027]
[:mouse_move, 199, 151, 2, 828, 1027]
[:mouse_move, 201, 151, 2, 829, 1028]
[:mouse_move, 203, 151, 2, 830, 1029]
[:mouse_move, 206, 151, 2, 831, 1029]
[:mouse_move, 208, 151, 2, 832, 1030]
[:mouse_move, 210, 152, 2, 833, 1030]
[:mouse_move, 213, 153, 2, 834, 1031]
[:mouse_move, 216, 153, 2, 835, 1031]
[:mouse_move, 220, 155, 2, 836, 1032]
[:mouse_move, 222, 156, 2, 837, 1032]
[:mouse_move, 224, 158, 2, 838, 1033]
[:mouse_move, 225, 159, 2, 839, 1033]
[:mouse_move, 226, 161, 2, 840, 1034]
[:mouse_move, 227, 162, 2, 841, 1034]
[:mouse_move, 228, 163, 2, 842, 1035]
[:mouse_move, 228, 165, 2, 843, 1035]
[:mouse_move, 229, 166, 2, 844, 1036]
[:mouse_move, 229, 167, 2, 845, 1037]
[:mouse_move, 229, 168, 2, 846, 1037]
[:mouse_move, 229, 169, 2, 847, 1039]
[:mouse_move, 229, 170, 2, 848, 1040]
[:mouse_move, 229, 171, 2, 849, 1041]
[:mouse_button_pressed, 1, 0, 1, 850, 1045]
[:mouse_button_up, 1, 0, 1, 851, 1051]
[:mouse_move, 230, 171, 2, 852, 1077]
[:mouse_move, 232, 171, 2, 853, 1078]
[:mouse_move, 234, 171, 2, 854, 1079]
[:mouse_move, 239, 171, 2, 855, 1079]
[:mouse_move, 242, 171, 2, 856, 1080]
[:mouse_move, 248, 171, 2, 857, 1080]
[:mouse_move, 264, 171, 2, 858, 1081]
[:mouse_move, 281, 171, 2, 859, 1081]
[:mouse_move, 300, 171, 2, 860, 1082]
[:mouse_move, 326, 171, 2, 861, 1082]
[:mouse_move, 355, 169, 2, 862, 1083]
[:mouse_move, 411, 163, 2, 863, 1083]
[:mouse_move, 460, 153, 2, 864, 1084]
[:mouse_move, 492, 146, 2, 865, 1084]
[:mouse_move, 504, 145, 2, 866, 1085]
[:mouse_move, 525, 142, 2, 867, 1085]
[:mouse_move, 531, 141, 2, 868, 1086]
[:mouse_move, 544, 140, 2, 869, 1086]
[:mouse_move, 553, 139, 2, 870, 1087]
[:mouse_move, 557, 138, 2, 871, 1087]
[:mouse_move, 560, 138, 2, 872, 1088]
[:mouse_move, 561, 138, 2, 873, 1088]
[:mouse_move, 562, 138, 2, 874, 1089]
[:mouse_move, 561, 138, 2, 875, 1090]
[:mouse_move, 556, 137, 2, 876, 1090]
[:mouse_move, 552, 137, 2, 877, 1091]
[:mouse_move, 544, 136, 2, 878, 1091]
[:mouse_move, 537, 136, 2, 879, 1092]
[:mouse_move, 529, 136, 2, 880, 1092]
[:mouse_move, 522, 136, 2, 881, 1093]
[:mouse_move, 513, 136, 2, 882, 1093]
[:mouse_move, 504, 136, 2, 883, 1094]
[:mouse_move, 495, 136, 2, 884, 1094]
[:mouse_move, 484, 136, 2, 885, 1095]
[:mouse_move, 475, 136, 2, 886, 1095]
[:mouse_move, 464, 136, 2, 887, 1096]
[:mouse_move, 452, 136, 2, 888, 1096]
[:mouse_move, 431, 135, 2, 889, 1097]
[:mouse_move, 423, 134, 2, 890, 1097]
[:mouse_move, 411, 131, 2, 891, 1098]
[:mouse_move, 396, 128, 2, 892, 1098]
[:mouse_move, 389, 127, 2, 893, 1099]
[:mouse_move, 383, 125, 2, 894, 1099]
[:mouse_move, 378, 125, 2, 895, 1100]
[:mouse_move, 375, 125, 2, 896, 1100]
[:mouse_move, 373, 124, 2, 897, 1101]
[:mouse_move, 372, 124, 2, 898, 1101]
[:mouse_move, 371, 124, 2, 899, 1102]
[:mouse_move, 370, 124, 2, 900, 1102]
[:mouse_move, 369, 124, 2, 901, 1103]
[:mouse_move, 368, 124, 2, 902, 1104]
[:mouse_move, 368, 125, 2, 903, 1105]
[:mouse_move, 367, 126, 2, 904, 1105]
[:mouse_move, 367, 127, 2, 905, 1106]
[:mouse_move, 367, 129, 2, 906, 1106]
[:mouse_move, 366, 131, 2, 907, 1107]
[:mouse_move, 366, 133, 2, 908, 1107]
[:mouse_move, 365, 134, 2, 909, 1108]
[:mouse_move, 364, 136, 2, 910, 1108]
[:mouse_move, 364, 138, 2, 911, 1109]
[:mouse_move, 363, 140, 2, 912, 1109]
[:mouse_move, 362, 141, 2, 913, 1110]
[:mouse_move, 362, 142, 2, 914, 1110]
[:mouse_move, 362, 143, 2, 915, 1111]
[:mouse_move, 362, 144, 2, 916, 1111]
[:mouse_move, 362, 145, 2, 917, 1112]
[:mouse_move, 362, 147, 2, 918, 1112]
[:mouse_move, 364, 149, 2, 919, 1113]
[:mouse_move, 366, 150, 2, 920, 1113]
[:mouse_move, 370, 152, 2, 921, 1114]
[:mouse_move, 371, 153, 2, 922, 1114]
[:mouse_move, 374, 155, 2, 923, 1115]
[:mouse_move, 380, 158, 2, 924, 1115]
[:mouse_move, 386, 161, 2, 925, 1116]
[:mouse_move, 392, 164, 2, 926, 1116]
[:mouse_move, 399, 167, 2, 927, 1117]
[:mouse_move, 409, 172, 2, 928, 1117]
[:mouse_move, 416, 175, 2, 929, 1118]
[:mouse_move, 420, 176, 2, 930, 1118]
[:mouse_move, 428, 179, 2, 931, 1119]
[:mouse_move, 434, 181, 2, 932, 1119]
[:mouse_move, 438, 182, 2, 933, 1120]
[:mouse_move, 442, 182, 2, 934, 1120]
[:mouse_move, 445, 183, 2, 935, 1121]
[:mouse_move, 448, 184, 2, 936, 1121]
[:mouse_move, 450, 184, 2, 937, 1122]
[:mouse_move, 452, 184, 2, 938, 1122]
[:mouse_move, 457, 184, 2, 939, 1123]
[:mouse_move, 461, 184, 2, 940, 1123]
[:mouse_move, 465, 184, 2, 941, 1124]
[:mouse_move, 467, 184, 2, 942, 1124]
[:mouse_move, 470, 184, 2, 943, 1125]
[:mouse_move, 473, 184, 2, 944, 1125]
[:mouse_move, 476, 184, 2, 945, 1126]
[:mouse_move, 481, 184, 2, 946, 1126]
[:mouse_move, 483, 184, 2, 947, 1127]
[:mouse_move, 485, 184, 2, 948, 1127]
[:mouse_move, 486, 183, 2, 949, 1128]
[:mouse_move, 488, 182, 2, 950, 1128]
[:mouse_move, 490, 181, 2, 951, 1129]
[:mouse_move, 492, 180, 2, 952, 1129]
[:mouse_move, 494, 179, 2, 953, 1130]
[:mouse_move, 495, 178, 2, 954, 1130]
[:mouse_move, 497, 176, 2, 955, 1131]
[:mouse_move, 498, 175, 2, 956, 1131]
[:mouse_move, 499, 174, 2, 957, 1132]
[:mouse_move, 500, 173, 2, 958, 1132]
[:mouse_move, 500, 172, 2, 959, 1133]
[:mouse_move, 501, 171, 2, 960, 1133]
[:mouse_move, 501, 170, 2, 961, 1134]
[:mouse_move, 501, 169, 2, 962, 1135]
[:mouse_move, 501, 167, 2, 963, 1135]
[:mouse_move, 501, 165, 2, 964, 1136]
[:mouse_move, 501, 163, 2, 965, 1136]
[:mouse_move, 500, 161, 2, 966, 1137]
[:mouse_move, 499, 159, 2, 967, 1137]
[:mouse_move, 498, 158, 2, 968, 1138]
[:mouse_move, 497, 156, 2, 969, 1138]
[:mouse_move, 497, 155, 2, 970, 1139]
[:mouse_move, 496, 154, 2, 971, 1139]
[:mouse_move, 496, 153, 2, 972, 1140]
[:mouse_move, 495, 152, 2, 973, 1140]
[:mouse_move, 493, 150, 2, 974, 1141]
[:mouse_move, 491, 148, 2, 975, 1141]
[:mouse_move, 488, 145, 2, 976, 1142]
[:mouse_move, 484, 143, 2, 977, 1142]
[:mouse_move, 482, 142, 2, 978, 1143]
[:mouse_move, 478, 140, 2, 979, 1143]
[:mouse_move, 474, 138, 2, 980, 1144]
[:mouse_move, 470, 137, 2, 981, 1144]
[:mouse_move, 467, 135, 2, 982, 1145]
[:mouse_move, 464, 135, 2, 983, 1145]
[:mouse_move, 460, 134, 2, 984, 1146]
[:mouse_move, 457, 134, 2, 985, 1146]
[:mouse_move, 451, 134, 2, 986, 1147]
[:mouse_move, 448, 134, 2, 987, 1147]
[:mouse_move, 444, 134, 2, 988, 1148]
[:mouse_move, 440, 134, 2, 989, 1148]
[:mouse_move, 435, 134, 2, 990, 1149]
[:mouse_move, 430, 134, 2, 991, 1149]
[:mouse_move, 424, 134, 2, 992, 1150]
[:mouse_move, 422, 134, 2, 993, 1150]
[:mouse_move, 419, 134, 2, 994, 1151]
[:mouse_move, 414, 134, 2, 995, 1151]
[:mouse_move, 411, 135, 2, 996, 1152]
[:mouse_move, 408, 135, 2, 997, 1152]
[:mouse_move, 405, 136, 2, 998, 1153]
[:mouse_move, 403, 137, 2, 999, 1153]
[:mouse_move, 399, 140, 2, 1000, 1154]
[:mouse_move, 398, 141, 2, 1001, 1154]
[:mouse_move, 396, 142, 2, 1002, 1155]
[:mouse_move, 395, 144, 2, 1003, 1155]
[:mouse_move, 394, 147, 2, 1004, 1156]
[:mouse_move, 393, 149, 2, 1005, 1156]
[:mouse_move, 392, 150, 2, 1006, 1157]
[:mouse_move, 392, 152, 2, 1007, 1157]
[:mouse_move, 391, 154, 2, 1008, 1158]
[:mouse_move, 391, 155, 2, 1009, 1158]
[:mouse_move, 391, 157, 2, 1010, 1159]
[:mouse_move, 390, 158, 2, 1011, 1159]
[:mouse_move, 390, 159, 2, 1012, 1160]
[:mouse_move, 390, 161, 2, 1013, 1160]
[:mouse_move, 390, 163, 2, 1014, 1161]
[:mouse_move, 390, 164, 2, 1015, 1162]
[:mouse_move, 389, 165, 2, 1016, 1163]
[:mouse_move, 389, 166, 2, 1017, 1164]
[:mouse_move, 389, 167, 2, 1018, 1164]
[:mouse_move, 389, 168, 2, 1019, 1165]
[:mouse_move, 389, 169, 2, 1020, 1166]
[:mouse_move, 390, 170, 2, 1021, 1166]
[:mouse_move, 391, 172, 2, 1022, 1167]
[:mouse_move, 393, 173, 2, 1023, 1167]
[:mouse_move, 397, 176, 2, 1024, 1168]
[:mouse_move, 405, 181, 2, 1025, 1168]
[:mouse_move, 412, 184, 2, 1026, 1169]
[:mouse_move, 418, 189, 2, 1027, 1169]
[:mouse_move, 426, 192, 2, 1028, 1170]
[:mouse_move, 433, 195, 2, 1029, 1170]
[:mouse_move, 441, 198, 2, 1030, 1171]
[:mouse_move, 448, 200, 2, 1031, 1171]
[:mouse_move, 456, 202, 2, 1032, 1172]
[:mouse_move, 463, 203, 2, 1033, 1172]
[:mouse_move, 470, 203, 2, 1034, 1173]
[:mouse_move, 478, 203, 2, 1035, 1173]
[:mouse_move, 485, 203, 2, 1036, 1174]
[:mouse_move, 491, 203, 2, 1037, 1174]
[:mouse_move, 498, 203, 2, 1038, 1175]
[:mouse_move, 504, 201, 2, 1039, 1175]
[:mouse_move, 510, 199, 2, 1040, 1176]
[:mouse_move, 515, 196, 2, 1041, 1176]
[:mouse_move, 520, 193, 2, 1042, 1177]
[:mouse_move, 526, 190, 2, 1043, 1177]
[:mouse_move, 528, 188, 2, 1044, 1178]
[:mouse_move, 532, 185, 2, 1045, 1178]
[:mouse_move, 535, 183, 2, 1046, 1179]
[:mouse_move, 538, 180, 2, 1047, 1179]
[:mouse_move, 541, 179, 2, 1048, 1180]
[:mouse_move, 543, 176, 2, 1049, 1180]
[:mouse_move, 544, 175, 2, 1050, 1181]
[:mouse_move, 545, 173, 2, 1051, 1181]
[:mouse_move, 546, 172, 2, 1052, 1182]
[:mouse_move, 546, 168, 2, 1053, 1182]
[:mouse_move, 546, 160, 2, 1054, 1183]
[:mouse_move, 546, 159, 2, 1055, 1183]
[:mouse_move, 546, 155, 2, 1056, 1184]
[:mouse_move, 544, 152, 2, 1057, 1184]
[:mouse_move, 541, 149, 2, 1058, 1185]
[:mouse_move, 539, 147, 2, 1059, 1185]
[:mouse_move, 537, 144, 2, 1060, 1186]
[:mouse_move, 536, 143, 2, 1061, 1186]
[:mouse_move, 533, 141, 2, 1062, 1187]
[:mouse_move, 531, 140, 2, 1063, 1187]
[:mouse_move, 528, 138, 2, 1064, 1188]
[:mouse_move, 525, 137, 2, 1065, 1188]
[:mouse_move, 521, 134, 2, 1066, 1189]
[:mouse_move, 516, 132, 2, 1067, 1189]
[:mouse_move, 511, 129, 2, 1068, 1190]
[:mouse_move, 503, 126, 2, 1069, 1190]
[:mouse_move, 496, 123, 2, 1070, 1191]
[:mouse_move, 487, 120, 2, 1071, 1191]
[:mouse_move, 478, 119, 2, 1072, 1192]
[:mouse_move, 469, 117, 2, 1073, 1192]
[:mouse_move, 461, 115, 2, 1074, 1193]
[:mouse_move, 459, 115, 2, 1075, 1193]
[:mouse_move, 446, 115, 2, 1076, 1194]
[:mouse_move, 440, 115, 2, 1077, 1194]
[:mouse_move, 434, 115, 2, 1078, 1195]
[:mouse_move, 432, 115, 2, 1079, 1195]
[:mouse_move, 428, 115, 2, 1080, 1196]
[:mouse_move, 424, 117, 2, 1081, 1196]
[:mouse_move, 422, 119, 2, 1082, 1197]
[:mouse_move, 418, 121, 2, 1083, 1197]
[:mouse_move, 417, 123, 2, 1084, 1198]
[:mouse_move, 416, 126, 2, 1085, 1198]
[:mouse_move, 416, 129, 2, 1086, 1199]
[:mouse_move, 416, 135, 2, 1087, 1199]
[:mouse_move, 421, 143, 2, 1088, 1200]
[:mouse_move, 429, 153, 2, 1089, 1200]
[:mouse_move, 441, 166, 2, 1090, 1201]
[:mouse_move, 456, 181, 2, 1091, 1201]
[:mouse_move, 463, 185, 2, 1092, 1202]
[:mouse_move, 468, 188, 2, 1093, 1202]
[:mouse_move, 478, 194, 2, 1094, 1203]
[:mouse_move, 484, 197, 2, 1095, 1203]
[:mouse_move, 490, 199, 2, 1096, 1204]
[:mouse_move, 495, 200, 2, 1097, 1204]
[:mouse_move, 498, 200, 2, 1098, 1205]
[:mouse_move, 500, 200, 2, 1099, 1205]
[:mouse_move, 501, 200, 2, 1100, 1206]
[:mouse_move, 501, 199, 2, 1101, 1206]
[:mouse_move, 501, 198, 2, 1102, 1207]
[:mouse_move, 501, 196, 2, 1103, 1207]
[:mouse_move, 496, 194, 2, 1104, 1208]
[:mouse_move, 490, 194, 2, 1105, 1209]
[:mouse_move, 482, 194, 2, 1106, 1209]
[:mouse_move, 466, 192, 2, 1107, 1210]
[:mouse_move, 452, 192, 2, 1108, 1210]
[:mouse_move, 433, 192, 2, 1109, 1211]
[:mouse_move, 391, 192, 2, 1110, 1211]
[:mouse_move, 365, 192, 2, 1111, 1212]
[:mouse_move, 333, 192, 2, 1112, 1212]
[:mouse_move, 301, 192, 2, 1113, 1213]
[:mouse_move, 272, 192, 2, 1114, 1213]
[:mouse_move, 240, 191, 2, 1115, 1214]
[:mouse_move, 208, 188, 2, 1116, 1214]
[:mouse_move, 193, 187, 2, 1117, 1215]
[:mouse_move, 170, 185, 2, 1118, 1215]
[:mouse_move, 151, 185, 2, 1119, 1216]
[:mouse_move, 145, 185, 2, 1120, 1216]
[:mouse_move, 133, 185, 2, 1121, 1217]
[:mouse_move, 124, 185, 2, 1122, 1217]
[:mouse_move, 116, 185, 2, 1123, 1218]
[:mouse_move, 105, 185, 2, 1124, 1218]
[:mouse_move, 103, 185, 2, 1125, 1219]
[:mouse_move, 99, 185, 2, 1126, 1219]
[:mouse_move, 95, 185, 2, 1127, 1220]
[:mouse_move, 91, 185, 2, 1128, 1220]
[:mouse_move, 87, 185, 2, 1129, 1221]
[:mouse_move, 85, 185, 2, 1130, 1221]
[:mouse_move, 83, 185, 2, 1131, 1222]
[:mouse_move, 81, 185, 2, 1132, 1222]
[:mouse_move, 79, 185, 2, 1133, 1223]
[:mouse_move, 78, 185, 2, 1134, 1224]
[:mouse_move, 77, 185, 2, 1135, 1225]
[:mouse_move, 77, 184, 2, 1136, 1226]
[:mouse_move, 76, 183, 2, 1137, 1227]
[:mouse_move, 76, 182, 2, 1138, 1228]
[:mouse_move, 76, 181, 2, 1139, 1229]
[:mouse_move, 76, 180, 2, 1140, 1232]
[:mouse_button_pressed, 1, 0, 1, 1141, 1234]
[:mouse_button_up, 1, 0, 1, 1142, 1241]
[:mouse_move, 77, 180, 2, 1143, 1256]
[:mouse_move, 82, 180, 2, 1144, 1256]
[:mouse_move, 92, 180, 2, 1145, 1257]
[:mouse_move, 105, 180, 2, 1146, 1257]
[:mouse_move, 123, 180, 2, 1147, 1258]
[:mouse_move, 162, 182, 2, 1148, 1258]
[:mouse_move, 178, 184, 2, 1149, 1259]
[:mouse_move, 207, 189, 2, 1150, 1259]
[:mouse_move, 239, 192, 2, 1151, 1260]
[:mouse_move, 265, 195, 2, 1152, 1260]
[:mouse_move, 278, 196, 2, 1153, 1261]
[:mouse_move, 299, 197, 2, 1154, 1261]
[:mouse_move, 315, 199, 2, 1155, 1262]
[:mouse_move, 328, 199, 2, 1156, 1262]
[:mouse_move, 338, 199, 2, 1157, 1263]
[:mouse_move, 347, 199, 2, 1158, 1263]
[:mouse_move, 354, 196, 2, 1159, 1264]
[:mouse_move, 360, 193, 2, 1160, 1264]
[:mouse_move, 365, 190, 2, 1161, 1265]
[:mouse_move, 370, 186, 2, 1162, 1265]
[:mouse_move, 376, 181, 2, 1163, 1266]
[:mouse_move, 381, 176, 2, 1164, 1266]
[:mouse_move, 382, 174, 2, 1165, 1267]
[:mouse_move, 389, 166, 2, 1166, 1267]
[:mouse_move, 390, 162, 2, 1167, 1268]
[:mouse_move, 392, 159, 2, 1168, 1268]
[:mouse_move, 394, 157, 2, 1169, 1269]
[:mouse_move, 395, 154, 2, 1170, 1269]
[:mouse_move, 396, 153, 2, 1171, 1270]
[:mouse_move, 397, 152, 2, 1172, 1270]
[:mouse_move, 397, 151, 2, 1173, 1271]
[:mouse_move, 397, 150, 2, 1174, 1271]
[:mouse_move, 398, 150, 2, 1175, 1272]
[:mouse_move, 397, 150, 2, 1176, 1275]
[:mouse_move, 395, 151, 2, 1177, 1276]
[:mouse_move, 394, 152, 2, 1178, 1276]
[:mouse_move, 392, 154, 2, 1179, 1277]
[:mouse_move, 391, 155, 2, 1180, 1277]
[:mouse_move, 390, 156, 2, 1181, 1278]
[:mouse_move, 390, 157, 2, 1182, 1280]
[:mouse_move, 391, 157, 2, 1183, 1298]
[:mouse_move, 390, 157, 2, 1184, 1303]
[:mouse_move, 388, 158, 2, 1185, 1303]
[:mouse_move, 386, 158, 2, 1186, 1304]
[:mouse_move, 383, 159, 2, 1187, 1304]
[:mouse_move, 380, 160, 2, 1188, 1305]
[:mouse_move, 374, 161, 2, 1189, 1305]
[:mouse_move, 359, 164, 2, 1190, 1306]
[:mouse_move, 347, 165, 2, 1191, 1306]
[:mouse_move, 332, 167, 2, 1192, 1307]
[:mouse_move, 323, 168, 2, 1193, 1307]
[:mouse_move, 309, 169, 2, 1194, 1308]
[:mouse_move, 296, 170, 2, 1195, 1308]
[:mouse_move, 284, 172, 2, 1196, 1309]
[:mouse_move, 273, 174, 2, 1197, 1309]
[:mouse_move, 267, 174, 2, 1198, 1310]
[:mouse_move, 262, 174, 2, 1199, 1310]
[:mouse_move, 259, 175, 2, 1200, 1311]
[:mouse_move, 257, 175, 2, 1201, 1311]
[:mouse_move, 256, 175, 2, 1202, 1312]
[:mouse_move, 255, 175, 2, 1203, 1312]
[:mouse_move, 255, 176, 2, 1204, 1313]
[:mouse_button_pressed, 1, 0, 1, 1205, 1362]
[:mouse_button_up, 1, 0, 1, 1206, 1370]
[:mouse_move, 260, 176, 2, 1207, 1377]
[:mouse_move, 268, 177, 2, 1208, 1377]
[:mouse_move, 288, 183, 2, 1209, 1378]
[:mouse_move, 298, 185, 2, 1210, 1378]
[:mouse_move, 317, 191, 2, 1211, 1379]
[:mouse_move, 338, 195, 2, 1212, 1379]
[:mouse_move, 364, 198, 2, 1213, 1380]
[:mouse_move, 379, 200, 2, 1214, 1380]
[:mouse_move, 383, 200, 2, 1215, 1381]
[:mouse_move, 392, 200, 2, 1216, 1381]
[:mouse_move, 399, 200, 2, 1217, 1382]
[:mouse_move, 403, 200, 2, 1218, 1382]
[:mouse_move, 405, 200, 2, 1219, 1383]
[:mouse_move, 407, 200, 2, 1220, 1383]
[:mouse_move, 408, 200, 2, 1221, 1384]
[:mouse_move, 408, 199, 2, 1222, 1385]
[:mouse_move, 408, 197, 2, 1223, 1387]
[:mouse_move, 408, 196, 2, 1224, 1387]
[:mouse_move, 407, 196, 2, 1225, 1388]
[:mouse_move, 406, 194, 2, 1226, 1388]
[:mouse_move, 405, 193, 2, 1227, 1389]
[:mouse_move, 404, 193, 2, 1228, 1389]
[:mouse_move, 403, 192, 2, 1229, 1390]
[:mouse_move, 402, 191, 2, 1230, 1390]
[:mouse_move, 400, 189, 2, 1231, 1391]
[:mouse_move, 398, 188, 2, 1232, 1391]
[:mouse_move, 395, 186, 2, 1233, 1392]
[:mouse_move, 391, 183, 2, 1234, 1392]
[:mouse_move, 387, 180, 2, 1235, 1393]
[:mouse_move, 381, 178, 2, 1236, 1393]
[:mouse_move, 378, 176, 2, 1237, 1394]
[:mouse_move, 376, 175, 2, 1238, 1394]
[:mouse_move, 374, 174, 2, 1239, 1395]
[:mouse_move, 373, 173, 2, 1240, 1395]
[:mouse_move, 372, 173, 2, 1241, 1396]
[:mouse_move, 371, 173, 2, 1242, 1397]
[:mouse_move, 371, 175, 2, 1243, 1400]
[:mouse_move, 371, 177, 2, 1244, 1401]
[:mouse_move, 371, 180, 2, 1245, 1401]
[:mouse_move, 375, 188, 2, 1246, 1402]
[:mouse_move, 377, 192, 2, 1247, 1402]
[:mouse_move, 383, 200, 2, 1248, 1403]
[:mouse_move, 388, 206, 2, 1249, 1403]
[:mouse_move, 394, 213, 2, 1250, 1404]
[:mouse_move, 400, 218, 2, 1251, 1404]
[:mouse_move, 405, 222, 2, 1252, 1405]
[:mouse_move, 411, 224, 2, 1253, 1405]
[:mouse_move, 418, 226, 2, 1254, 1406]
[:mouse_move, 426, 227, 2, 1255, 1406]
[:mouse_move, 442, 228, 2, 1256, 1407]
[:mouse_move, 453, 228, 2, 1257, 1407]
[:mouse_move, 473, 227, 2, 1258, 1408]
[:mouse_move, 485, 224, 2, 1259, 1408]
[:mouse_move, 496, 221, 2, 1260, 1409]
[:mouse_move, 500, 220, 2, 1261, 1409]
[:mouse_move, 514, 214, 2, 1262, 1410]
[:mouse_move, 516, 213, 2, 1263, 1410]
[:mouse_move, 526, 207, 2, 1264, 1411]
[:mouse_move, 527, 205, 2, 1265, 1411]
[:mouse_move, 530, 201, 2, 1266, 1412]
[:mouse_move, 532, 198, 2, 1267, 1412]
[:mouse_move, 533, 195, 2, 1268, 1413]
[:mouse_move, 534, 189, 2, 1269, 1413]
[:mouse_move, 534, 184, 2, 1270, 1414]
[:mouse_move, 534, 179, 2, 1271, 1414]
[:mouse_move, 534, 174, 2, 1272, 1415]
[:mouse_move, 533, 169, 2, 1273, 1415]
[:mouse_move, 530, 164, 2, 1274, 1416]
[:mouse_move, 527, 159, 2, 1275, 1416]
[:mouse_move, 524, 153, 2, 1276, 1417]
[:mouse_move, 520, 149, 2, 1277, 1417]
[:mouse_move, 516, 144, 2, 1278, 1418]
[:mouse_move, 512, 141, 2, 1279, 1418]
[:mouse_move, 508, 138, 2, 1280, 1419]
[:mouse_move, 501, 135, 2, 1281, 1419]
[:mouse_move, 495, 132, 2, 1282, 1420]
[:mouse_move, 488, 130, 2, 1283, 1420]
[:mouse_move, 479, 129, 2, 1284, 1421]
[:mouse_move, 470, 127, 2, 1285, 1421]
[:mouse_move, 461, 126, 2, 1286, 1422]
[:mouse_move, 438, 126, 2, 1287, 1422]
[:mouse_move, 427, 126, 2, 1288, 1423]
[:mouse_move, 416, 126, 2, 1289, 1423]
[:mouse_move, 409, 126, 2, 1290, 1424]
[:mouse_move, 405, 126, 2, 1291, 1424]
[:mouse_move, 399, 126, 2, 1292, 1425]
[:mouse_move, 393, 126, 2, 1293, 1425]
[:mouse_move, 388, 128, 2, 1294, 1426]
[:mouse_move, 384, 129, 2, 1295, 1426]
[:mouse_move, 382, 131, 2, 1296, 1427]
[:mouse_move, 379, 133, 2, 1297, 1427]
[:mouse_move, 376, 135, 2, 1298, 1428]
[:mouse_move, 374, 137, 2, 1299, 1428]
[:mouse_move, 372, 140, 2, 1300, 1429]
[:mouse_move, 371, 142, 2, 1301, 1429]
[:mouse_move, 369, 144, 2, 1302, 1430]
[:mouse_move, 368, 147, 2, 1303, 1430]
[:mouse_move, 368, 149, 2, 1304, 1431]
[:mouse_move, 367, 154, 2, 1305, 1431]
[:mouse_move, 367, 156, 2, 1306, 1432]
[:mouse_move, 367, 161, 2, 1307, 1432]
[:mouse_move, 367, 166, 2, 1308, 1433]
[:mouse_move, 367, 167, 2, 1309, 1433]
[:mouse_move, 367, 171, 2, 1310, 1434]
[:mouse_move, 367, 174, 2, 1311, 1434]
[:mouse_move, 368, 177, 2, 1312, 1435]
[:mouse_move, 371, 182, 2, 1313, 1435]
[:mouse_move, 373, 185, 2, 1314, 1436]
[:mouse_move, 378, 189, 2, 1315, 1436]
[:mouse_move, 380, 191, 2, 1316, 1437]
[:mouse_move, 384, 193, 2, 1317, 1437]
[:mouse_move, 389, 195, 2, 1318, 1438]
[:mouse_move, 395, 197, 2, 1319, 1438]
[:mouse_move, 401, 198, 2, 1320, 1439]
[:mouse_move, 409, 201, 2, 1321, 1439]
[:mouse_move, 416, 203, 2, 1322, 1440]
[:mouse_move, 424, 203, 2, 1323, 1440]
[:mouse_move, 433, 205, 2, 1324, 1441]
[:mouse_move, 442, 207, 2, 1325, 1441]
[:mouse_move, 454, 208, 2, 1326, 1442]
[:mouse_move, 475, 209, 2, 1327, 1442]
[:mouse_move, 483, 210, 2, 1328, 1443]
[:mouse_move, 495, 210, 2, 1329, 1443]
[:mouse_move, 509, 210, 2, 1330, 1444]
[:mouse_move, 522, 210, 2, 1331, 1444]
[:mouse_move, 543, 209, 2, 1332, 1445]
[:mouse_move, 549, 206, 2, 1333, 1445]
[:mouse_move, 562, 199, 2, 1334, 1446]
[:mouse_move, 574, 193, 2, 1335, 1446]
[:mouse_move, 584, 186, 2, 1336, 1447]
[:mouse_move, 594, 177, 2, 1337, 1447]
[:mouse_move, 604, 169, 2, 1338, 1448]
[:mouse_move, 610, 163, 2, 1339, 1448]
[:mouse_move, 612, 160, 2, 1340, 1449]
[:mouse_move, 619, 152, 2, 1341, 1449]
[:mouse_move, 621, 148, 2, 1342, 1450]
[:mouse_move, 622, 145, 2, 1343, 1450]
[:mouse_move, 623, 143, 2, 1344, 1451]
[:mouse_move, 623, 136, 2, 1345, 1451]
[:mouse_move, 623, 134, 2, 1346, 1452]
[:mouse_move, 623, 130, 2, 1347, 1452]
[:mouse_move, 621, 126, 2, 1348, 1453]
[:mouse_move, 618, 122, 2, 1349, 1453]
[:mouse_move, 613, 117, 2, 1350, 1454]
[:mouse_move, 608, 112, 2, 1351, 1454]
[:mouse_move, 601, 108, 2, 1352, 1455]
[:mouse_move, 593, 102, 2, 1353, 1455]
[:mouse_move, 583, 96, 2, 1354, 1456]
[:mouse_move, 574, 91, 2, 1355, 1456]
[:mouse_move, 563, 86, 2, 1356, 1457]
[:mouse_move, 552, 82, 2, 1357, 1457]
[:mouse_move, 528, 73, 2, 1358, 1458]
[:mouse_move, 520, 72, 2, 1359, 1458]
[:mouse_move, 508, 69, 2, 1360, 1459]
[:mouse_move, 503, 69, 2, 1361, 1459]
[:mouse_move, 486, 67, 2, 1362, 1460]
[:mouse_move, 484, 67, 2, 1363, 1460]
[:mouse_move, 471, 67, 2, 1364, 1461]
[:mouse_move, 468, 67, 2, 1365, 1461]
[:mouse_move, 463, 67, 2, 1366, 1462]
[:mouse_move, 460, 68, 2, 1367, 1462]
[:mouse_move, 458, 69, 2, 1368, 1463]
[:mouse_move, 456, 71, 2, 1369, 1463]
[:mouse_move, 454, 76, 2, 1370, 1464]
[:mouse_move, 453, 86, 2, 1371, 1464]
[:mouse_move, 453, 92, 2, 1372, 1465]
[:mouse_move, 453, 98, 2, 1373, 1465]
[:mouse_move, 457, 105, 2, 1374, 1466]
[:mouse_move, 464, 112, 2, 1375, 1466]
[:mouse_move, 471, 118, 2, 1376, 1467]
[:mouse_move, 487, 128, 2, 1377, 1467]
[:mouse_move, 500, 134, 2, 1378, 1468]
[:mouse_move, 508, 135, 2, 1379, 1468]
[:mouse_move, 522, 138, 2, 1380, 1469]
[:mouse_move, 536, 140, 2, 1381, 1469]
[:mouse_move, 551, 141, 2, 1382, 1470]
[:mouse_move, 565, 141, 2, 1383, 1470]
[:mouse_move, 576, 141, 2, 1384, 1471]
[:mouse_move, 586, 141, 2, 1385, 1471]
[:mouse_move, 590, 141, 2, 1386, 1472]
[:mouse_move, 596, 140, 2, 1387, 1472]
[:mouse_move, 602, 138, 2, 1388, 1473]
[:mouse_move, 605, 137, 2, 1389, 1473]
[:mouse_move, 608, 136, 2, 1390, 1474]
[:mouse_move, 609, 135, 2, 1391, 1474]
[:mouse_move, 610, 135, 2, 1392, 1475]
[:mouse_move, 611, 135, 2, 1393, 1475]
[:mouse_move, 611, 134, 2, 1394, 1476]
[:key_down_raw, 96, 0, 2, 1395, 1521]
[:key_up_raw, 96, 0, 2, 1396, 1525]
[:key_down_raw, 13, 0, 2, 1397, 1606]
