replay_version 2.0
stopped_at 770
seed 100
recorded_at Sat Jul 17 09:29:30 2021
[:mouse_button_up, 1, 0, 1, 1, 4]
[:key_down_raw, 1073741903, 0, 2, 2, 75]
[:key_down_raw, 1073741903, 0, 2, 3, 89]
[:key_down_raw, 1073741903, 0, 2, 4, 91]
[:key_down_raw, 1073741903, 0, 2, 5, 93]
[:key_down_raw, 1073741903, 0, 2, 6, 95]
[:key_down_raw, 1073741903, 0, 2, 7, 97]
[:key_down_raw, 1073741903, 0, 2, 8, 99]
[:key_down_raw, 1073741903, 0, 2, 9, 101]
[:key_down_raw, 1073741903, 0, 2, 10, 103]
[:key_down_raw, 1073741903, 0, 2, 11, 105]
[:key_down_raw, 1073741903, 0, 2, 12, 107]
[:key_down_raw, 1073741903, 0, 2, 13, 109]
[:key_down_raw, 1073741903, 0, 2, 14, 111]
[:key_down_raw, 1073741903, 0, 2, 15, 113]
[:key_down_raw, 1073741903, 0, 2, 16, 115]
[:key_down_raw, 1073741903, 0, 2, 17, 117]
[:key_down_raw, 1073741903, 0, 2, 18, 119]
[:key_down_raw, 1073741903, 0, 2, 19, 121]
[:key_down_raw, 1073741903, 0, 2, 20, 123]
[:key_down_raw, 1073741903, 0, 2, 21, 125]
[:key_down_raw, 1073741903, 0, 2, 22, 127]
[:key_down_raw, 1073741903, 0, 2, 23, 129]
[:key_down_raw, 1073741903, 0, 2, 24, 131]
[:key_down_raw, 1073741903, 0, 2, 25, 133]
[:key_down_raw, 1073741903, 0, 2, 26, 135]
[:key_down_raw, 1073741903, 0, 2, 27, 137]
[:key_down_raw, 1073741903, 0, 2, 28, 139]
[:key_down_raw, 1073741903, 0, 2, 29, 141]
[:key_down_raw, 1073741903, 0, 2, 30, 143]
[:key_down_raw, 1073741903, 0, 2, 31, 145]
[:key_down_raw, 1073741903, 0, 2, 32, 147]
[:key_down_raw, 1073741903, 0, 2, 33, 149]
[:key_down_raw, 1073741903, 0, 2, 34, 151]
[:key_down_raw, 1073741903, 0, 2, 35, 153]
[:key_down_raw, 1073741903, 0, 2, 36, 155]
[:key_down_raw, 1073741903, 0, 2, 37, 157]
[:key_down_raw, 1073741903, 0, 2, 38, 159]
[:key_down_raw, 1073741903, 0, 2, 39, 161]
[:key_down_raw, 1073741903, 0, 2, 40, 163]
[:key_down_raw, 1073741903, 0, 2, 41, 165]
[:key_down_raw, 1073741903, 0, 2, 42, 167]
[:key_down_raw, 1073741903, 0, 2, 43, 169]
[:key_down_raw, 1073741903, 0, 2, 44, 171]
[:key_down_raw, 1073741903, 0, 2, 45, 173]
[:key_down_raw, 1073741903, 0, 2, 46, 175]
[:key_down_raw, 1073741903, 0, 2, 47, 177]
[:key_down_raw, 1073741903, 0, 2, 48, 179]
[:key_down_raw, 1073741903, 0, 2, 49, 181]
[:key_down_raw, 1073741903, 0, 2, 50, 183]
[:key_down_raw, 1073741903, 0, 2, 51, 185]
[:key_down_raw, 1073741903, 0, 2, 52, 187]
[:key_down_raw, 1073741903, 0, 2, 53, 189]
[:key_down_raw, 1073741903, 0, 2, 54, 191]
[:key_down_raw, 1073741903, 0, 2, 55, 193]
[:key_down_raw, 1073741903, 0, 2, 56, 195]
[:key_down_raw, 1073741903, 0, 2, 57, 197]
[:key_down_raw, 1073741903, 0, 2, 58, 199]
[:key_down_raw, 1073741903, 0, 2, 59, 201]
[:key_down_raw, 1073741903, 0, 2, 60, 203]
[:key_down_raw, 1073741903, 0, 2, 61, 205]
[:key_down_raw, 1073741903, 0, 2, 62, 207]
[:key_down_raw, 1073741903, 0, 2, 63, 209]
[:key_down_raw, 1073741903, 0, 2, 64, 211]
[:key_down_raw, 1073741903, 0, 2, 65, 213]
[:key_down_raw, 1073741903, 0, 2, 66, 215]
[:key_down_raw, 1073741903, 0, 2, 67, 217]
[:key_down_raw, 1073741903, 0, 2, 68, 219]
[:key_down_raw, 1073741903, 0, 2, 69, 221]
[:key_down_raw, 1073741903, 0, 2, 70, 223]
[:key_down_raw, 1073741903, 0, 2, 71, 225]
[:key_down_raw, 1073741903, 0, 2, 72, 227]
[:key_down_raw, 1073741903, 0, 2, 73, 229]
[:key_down_raw, 1073741903, 0, 2, 74, 231]
[:key_down_raw, 1073741903, 0, 2, 75, 233]
[:key_down_raw, 1073741903, 0, 2, 76, 235]
[:key_down_raw, 1073741903, 0, 2, 77, 237]
[:key_down_raw, 1073741903, 0, 2, 78, 239]
[:key_down_raw, 1073741903, 0, 2, 79, 241]
[:key_down_raw, 1073741903, 0, 2, 80, 243]
[:key_down_raw, 1073741903, 0, 2, 81, 245]
[:key_down_raw, 1073741903, 0, 2, 82, 247]
[:key_down_raw, 1073741903, 0, 2, 83, 249]
[:key_up_raw, 1073741903, 0, 2, 84, 250]
[:key_down_raw, 106, 0, 2, 85, 269]
[:key_up_raw, 106, 0, 2, 86, 277]
[:key_down_raw, 1073741905, 0, 2, 87, 299]
[:key_down_raw, 1073741905, 0, 2, 88, 314]
[:key_down_raw, 1073741905, 0, 2, 89, 316]
[:key_down_raw, 1073741905, 0, 2, 90, 318]
[:key_down_raw, 1073741905, 0, 2, 91, 320]
[:key_down_raw, 1073741905, 0, 2, 92, 322]
[:key_down_raw, 1073741905, 0, 2, 93, 324]
[:key_down_raw, 1073741905, 0, 2, 94, 326]
[:key_down_raw, 1073741905, 0, 2, 95, 328]
[:key_down_raw, 1073741905, 0, 2, 96, 330]
[:key_down_raw, 1073741905, 0, 2, 97, 332]
[:key_down_raw, 1073741905, 0, 2, 98, 334]
[:key_down_raw, 1073741905, 0, 2, 99, 336]
[:key_down_raw, 1073741905, 0, 2, 100, 338]
[:key_down_raw, 1073741905, 0, 2, 101, 340]
[:key_down_raw, 1073741904, 0, 2, 102, 341]
[:key_down_raw, 1073741904, 0, 2, 103, 356]
[:key_down_raw, 1073741904, 0, 2, 104, 358]
[:key_down_raw, 1073741904, 0, 2, 105, 360]
[:key_down_raw, 1073741904, 0, 2, 106, 362]
[:key_down_raw, 1073741904, 0, 2, 107, 364]
[:key_down_raw, 1073741904, 0, 2, 108, 366]
[:key_down_raw, 1073741904, 0, 2, 109, 368]
[:key_down_raw, 1073741904, 0, 2, 110, 370]
[:key_up_raw, 1073741904, 0, 2, 111, 371]
[:key_up_raw, 1073741905, 0, 2, 112, 373]
[:key_down_raw, 1073741906, 0, 2, 113, 378]
[:key_down_raw, 1073741906, 0, 2, 114, 393]
[:key_down_raw, 1073741906, 0, 2, 115, 395]
[:key_down_raw, 1073741906, 0, 2, 116, 397]
[:key_down_raw, 1073741906, 0, 2, 117, 399]
[:key_up_raw, 1073741906, 0, 2, 118, 401]
[:key_down_raw, 1073741904, 0, 2, 119, 402]
[:key_down_raw, 1073741904, 0, 2, 120, 419]
[:key_down_raw, 1073741904, 0, 2, 121, 421]
[:key_down_raw, 1073741904, 0, 2, 122, 423]
[:key_down_raw, 1073741904, 0, 2, 123, 425]
[:key_down_raw, 1073741904, 0, 2, 124, 427]
[:key_up_raw, 1073741904, 0, 2, 125, 429]
[:key_down_raw, 1073741904, 0, 2, 126, 434]
[:key_up_raw, 1073741904, 0, 2, 127, 437]
[:key_down_raw, 106, 0, 2, 128, 457]
[:key_up_raw, 106, 0, 2, 129, 463]
[:key_down_raw, 1073741903, 0, 2, 130, 490]
[:key_up_raw, 1073741903, 0, 2, 131, 500]
[:key_down_raw, 1073741906, 0, 2, 132, 501]
[:key_down_raw, 1073741906, 0, 2, 133, 516]
[:key_down_raw, 1073741906, 0, 2, 134, 518]
[:key_down_raw, 1073741906, 0, 2, 135, 520]
[:key_up_raw, 1073741906, 0, 2, 136, 521]
[:key_down_raw, 1073741904, 0, 2, 137, 532]
[:key_down_raw, 1073741904, 0, 2, 138, 547]
[:key_down_raw, 1073741904, 0, 2, 139, 549]
[:key_up_raw, 1073741904, 0, 2, 140, 550]
[:key_down_raw, 1073741903, 0, 2, 141, 552]
[:key_down_raw, 1073741903, 0, 2, 142, 567]
[:key_up_raw, 1073741903, 0, 2, 143, 568]
[:key_down_raw, 106, 0, 2, 144, 574]
[:key_up_raw, 106, 0, 2, 145, 580]
[:key_down_raw, 96, 0, 2, 146, 661]
[:key_up_raw, 96, 0, 2, 147, 666]
[:mouse_move, 799, 92, 2, 148, 693]
[:mouse_move, 803, 92, 2, 149, 694]
[:mouse_move, 811, 91, 2, 150, 695]
[:mouse_move, 816, 90, 2, 151, 696]
[:mouse_move, 827, 88, 2, 152, 697]
[:mouse_move, 830, 87, 2, 153, 698]
[:mouse_move, 835, 87, 2, 154, 699]
[:mouse_move, 837, 87, 2, 155, 700]
[:mouse_move, 838, 87, 2, 156, 701]
[:mouse_move, 838, 86, 2, 157, 702]
[:mouse_move, 839, 86, 2, 158, 704]
[:mouse_move, 838, 86, 2, 159, 712]
[:mouse_move, 838, 87, 2, 160, 713]
[:mouse_move, 835, 87, 2, 161, 714]
[:mouse_move, 832, 87, 2, 162, 715]
[:mouse_move, 824, 87, 2, 163, 716]
[:mouse_move, 820, 87, 2, 164, 717]
[:mouse_move, 809, 87, 2, 165, 718]
[:mouse_move, 805, 87, 2, 166, 719]
[:mouse_move, 800, 86, 2, 167, 720]
[:mouse_move, 799, 86, 2, 168, 721]
[:mouse_move, 798, 86, 2, 169, 722]
[:mouse_move, 797, 86, 2, 170, 723]
[:mouse_move, 796, 86, 2, 171, 724]
[:mouse_move, 798, 86, 2, 172, 742]
[:mouse_move, 805, 86, 2, 173, 743]
[:mouse_move, 807, 86, 2, 174, 744]
[:mouse_move, 810, 86, 2, 175, 745]
[:mouse_move, 811, 86, 2, 176, 747]
[:mouse_move, 811, 85, 2, 177, 760]
[:key_down_raw, 13, 0, 2, 178, 770]
