replay_version 2.0
stopped_at 819
seed 100
recorded_at 2021-11-20 11:29:24 -0600
[:mouse_button_up, 1, 0, 1, 1, 3]
[:key_down_raw, 1073741903, 0, 2, 2, 89]
[:key_down_raw, 1073741903, 0, 2, 3, 104]
[:key_down_raw, 1073741903, 0, 2, 4, 106]
[:key_down_raw, 1073741903, 0, 2, 5, 108]
[:key_down_raw, 1073741903, 0, 2, 6, 110]
[:key_down_raw, 1073741903, 0, 2, 7, 112]
[:key_down_raw, 1073741903, 0, 2, 8, 114]
[:key_down_raw, 1073741903, 0, 2, 9, 116]
[:key_up_raw, 1073741903, 0, 2, 10, 117]
[:key_down_raw, 115, 0, 2, 11, 121]
[:key_down_raw, 1073741905, 0, 2, 12, 133]
[:key_down_raw, 1073741905, 0, 2, 13, 148]
[:key_down_raw, 1073741905, 0, 2, 14, 150]
[:key_down_raw, 1073741905, 0, 2, 15, 152]
[:key_down_raw, 1073741904, 0, 2, 16, 152]
[:key_up_raw, 1073741904, 0, 2, 17, 158]
[:key_up_raw, 1073741905, 0, 2, 18, 159]
[:key_down_raw, 1073741906, 0, 2, 19, 163]
[:key_down_raw, 1073741903, 0, 2, 20, 178]
[:key_up_raw, 1073741903, 0, 2, 21, 185]
[:key_down_raw, 100, 0, 2, 22, 195]
[:key_up_raw, 1073741906, 0, 2, 23, 195]
[:key_up_raw, 115, 0, 2, 24, 195]
[:key_down_raw, 1073741904, 0, 2, 25, 209]
[:key_down_raw, 1073741904, 0, 2, 26, 224]
[:key_down_raw, 1073741904, 0, 2, 27, 226]
[:key_down_raw, 1073741904, 0, 2, 28, 228]
[:key_down_raw, 1073741904, 0, 2, 29, 230]
[:key_down_raw, 119, 0, 2, 30, 230]
[:key_down_raw, 1073741906, 0, 2, 31, 237]
[:key_up_raw, 100, 0, 2, 32, 251]
[:key_down_raw, 1073741906, 0, 2, 33, 252]
[:key_down_raw, 1073741906, 0, 2, 34, 254]
[:key_down_raw, 1073741906, 0, 2, 35, 256]
[:key_down_raw, 1073741906, 0, 2, 36, 258]
[:key_down_raw, 97, 0, 2, 37, 259]
[:key_up_raw, 119, 0, 2, 38, 267]
[:key_up_raw, 1073741906, 0, 2, 39, 268]
[:key_down_raw, 1073741903, 0, 2, 40, 269]
[:key_up_raw, 1073741904, 0, 2, 41, 270]
[:key_down_raw, 1073741903, 0, 2, 42, 284]
[:key_down_raw, 1073741903, 0, 2, 43, 286]
[:key_down_raw, 1073741903, 0, 2, 44, 288]
[:key_down_raw, 1073741903, 0, 2, 45, 290]
[:key_down_raw, 1073741903, 0, 2, 46, 292]
[:key_down_raw, 1073741903, 0, 2, 47, 294]
[:key_down_raw, 1073741903, 0, 2, 48, 296]
[:key_down_raw, 1073741903, 0, 2, 49, 298]
[:key_down_raw, 1073741903, 0, 2, 50, 300]
[:key_down_raw, 1073741903, 0, 2, 51, 302]
[:key_down_raw, 1073741903, 0, 2, 52, 304]
[:key_down_raw, 119, 0, 2, 53, 304]
[:key_down_raw, 1073741906, 0, 2, 54, 311]
[:key_down_raw, 1073741906, 0, 2, 55, 326]
[:key_down_raw, 1073741906, 0, 2, 56, 328]
[:key_down_raw, 1073741906, 0, 2, 57, 330]
[:key_down_raw, 1073741906, 0, 2, 58, 332]
[:key_down_raw, 1073741906, 0, 2, 59, 334]
[:key_down_raw, 1073741906, 0, 2, 60, 336]
[:key_up_raw, 1073741903, 0, 2, 61, 336]
[:key_down_raw, 1073741906, 0, 2, 62, 338]
[:key_down_raw, 1073741906, 0, 2, 63, 340]
[:key_down_raw, 1073741906, 0, 2, 64, 342]
[:key_down_raw, 1073741906, 0, 2, 65, 344]
[:key_up_raw, 119, 0, 2, 66, 344]
[:key_down_raw, 1073741906, 0, 2, 67, 346]
[:key_up_raw, 1073741906, 0, 2, 68, 347]
[:key_down_raw, 1073741903, 0, 2, 69, 347]
[:key_down_raw, 115, 0, 2, 70, 353]
[:key_down_raw, 1073741906, 0, 2, 71, 355]
[:key_up_raw, 97, 0, 2, 72, 356]
[:key_up_raw, 1073741903, 0, 2, 73, 360]
[:key_down_raw, 1073741906, 0, 2, 74, 370]
[:key_down_raw, 1073741906, 0, 2, 75, 372]
[:key_down_raw, 1073741906, 0, 2, 76, 374]
[:key_down_raw, 1073741906, 0, 2, 77, 376]
[:key_down_raw, 1073741906, 0, 2, 78, 378]
[:key_down_raw, 1073741906, 0, 2, 79, 380]
[:key_down_raw, 97, 0, 2, 80, 381]
[:key_up_raw, 115, 0, 2, 81, 385]
[:key_down_raw, 1073741903, 0, 2, 82, 386]
[:key_up_raw, 1073741906, 0, 2, 83, 391]
[:key_down_raw, 1073741903, 0, 2, 84, 401]
[:key_down_raw, 1073741903, 0, 2, 85, 403]
[:key_down_raw, 1073741903, 0, 2, 86, 405]
[:key_down_raw, 1073741903, 0, 2, 87, 407]
[:key_down_raw, 1073741903, 0, 2, 88, 409]
[:key_down_raw, 1073741903, 0, 2, 89, 411]
[:key_down_raw, 1073741903, 0, 2, 90, 413]
[:key_down_raw, 1073741903, 0, 2, 91, 415]
[:key_down_raw, 1073741903, 0, 2, 92, 417]
[:key_down_raw, 1073741903, 0, 2, 93, 419]
[:key_down_raw, 1073741903, 0, 2, 94, 421]
[:key_down_raw, 1073741903, 0, 2, 95, 423]
[:key_down_raw, 1073741903, 0, 2, 96, 425]
[:key_down_raw, 1073741903, 0, 2, 97, 428]
[:key_down_raw, 1073741903, 0, 2, 98, 430]
[:key_up_raw, 97, 0, 2, 99, 430]
[:key_down_raw, 1073741903, 0, 2, 100, 432]
[:key_down_raw, 1073741903, 0, 2, 101, 434]
[:key_down_raw, 1073741903, 0, 2, 102, 436]
[:key_up_raw, 1073741903, 0, 2, 103, 436]
[:key_down_raw, 100, 0, 2, 104, 447]
[:key_down_raw, 1073741904, 0, 2, 105, 447]
[:key_down_raw, 1073741904, 0, 2, 106, 462]
[:key_down_raw, 1073741904, 0, 2, 107, 464]
[:key_down_raw, 1073741904, 0, 2, 108, 466]
[:key_down_raw, 1073741904, 0, 2, 109, 468]
[:key_down_raw, 1073741904, 0, 2, 110, 470]
[:key_down_raw, 1073741904, 0, 2, 111, 472]
[:key_down_raw, 1073741904, 0, 2, 112, 474]
[:key_down_raw, 1073741904, 0, 2, 113, 476]
[:key_down_raw, 1073741904, 0, 2, 114, 478]
[:key_down_raw, 1073741904, 0, 2, 115, 480]
[:key_down_raw, 1073741904, 0, 2, 116, 482]
[:key_down_raw, 1073741904, 0, 2, 117, 484]
[:key_down_raw, 1073741904, 0, 2, 118, 486]
[:key_down_raw, 1073741904, 0, 2, 119, 488]
[:key_down_raw, 1073741904, 0, 2, 120, 490]
[:key_down_raw, 1073741904, 0, 2, 121, 492]
[:key_down_raw, 1073741904, 0, 2, 122, 494]
[:key_down_raw, 1073741904, 0, 2, 123, 496]
[:key_down_raw, 1073741904, 0, 2, 124, 498]
[:key_down_raw, 1073741904, 0, 2, 125, 500]
[:key_down_raw, 1073741904, 0, 2, 126, 502]
[:key_down_raw, 1073741904, 0, 2, 127, 504]
[:key_down_raw, 1073741904, 0, 2, 128, 506]
[:key_down_raw, 1073741904, 0, 2, 129, 508]
[:key_up_raw, 100, 0, 2, 130, 508]
[:key_down_raw, 1073741904, 0, 2, 131, 510]
[:key_down_raw, 1073741904, 0, 2, 132, 512]
[:key_up_raw, 1073741904, 0, 2, 133, 513]
[:key_down_raw, 1073741906, 0, 2, 134, 569]
[:key_down_raw, 1073741903, 0, 2, 135, 570]
[:key_down_raw, 1073741903, 0, 2, 136, 585]
[:key_down_raw, 1073741903, 0, 2, 137, 587]
[:key_up_raw, 1073741903, 0, 2, 138, 588]
[:key_down_raw, 1073741903, 0, 2, 139, 597]
[:key_up_raw, 1073741906, 0, 2, 140, 600]
[:key_up_raw, 1073741903, 0, 2, 141, 608]
[:key_down_raw, 1073741906, 0, 2, 142, 610]
[:key_up_raw, 1073741906, 0, 2, 143, 615]
[:key_down_raw, 1073741906, 0, 2, 144, 619]
[:key_down_raw, 119, 0, 2, 145, 621]
[:key_up_raw, 1073741906, 0, 2, 146, 623]
[:key_down_raw, 119, 0, 2, 147, 636]
[:key_down_raw, 119, 0, 2, 148, 638]
[:key_down_raw, 119, 0, 2, 149, 640]
[:key_down_raw, 119, 0, 2, 150, 642]
[:key_up_raw, 119, 0, 2, 151, 642]
[:key_down_raw, 100, 0, 2, 152, 653]
[:key_down_raw, 100, 0, 2, 153, 668]
[:key_down_raw, 100, 0, 2, 154, 670]
[:key_down_raw, 100, 0, 2, 155, 672]
[:key_down_raw, 100, 0, 2, 156, 674]
[:key_down_raw, 100, 0, 2, 157, 676]
[:key_down_raw, 100, 0, 2, 158, 678]
[:key_down_raw, 100, 0, 2, 159, 680]
[:key_down_raw, 100, 0, 2, 160, 682]
[:key_down_raw, 100, 0, 2, 161, 684]
[:key_down_raw, 100, 0, 2, 162, 686]
[:key_down_raw, 115, 0, 2, 163, 686]
[:key_up_raw, 100, 0, 2, 164, 697]
[:key_down_raw, 97, 0, 2, 165, 699]
[:key_up_raw, 115, 0, 2, 166, 704]
[:key_up_raw, 97, 0, 2, 167, 714]
[:key_down_raw, 96, 0, 2, 168, 769]
[:key_up_raw, 96, 0, 2, 169, 774]
[:key_down_raw, 13, 0, 2, 170, 819]
