replay_version 2.0
stopped_at 871
seed 100
recorded_at 2021-11-20 11:37:50 -0600
[:mouse_button_up, 1, 0, 1, 1, 4]
[:mouse_move, 802, 86, 2, 2, 21]
[:key_down_raw, 1073741906, 0, 2, 3, 105]
[:key_down_raw, 1073741906, 0, 2, 4, 119]
[:key_down_raw, 1073741906, 0, 2, 5, 121]
[:key_down_raw, 1073741906, 0, 2, 6, 123]
[:key_down_raw, 1073741906, 0, 2, 7, 125]
[:key_down_raw, 1073741906, 0, 2, 8, 127]
[:key_down_raw, 1073741906, 0, 2, 9, 129]
[:key_down_raw, 1073741906, 0, 2, 10, 131]
[:key_down_raw, 1073741906, 0, 2, 11, 133]
[:key_down_raw, 1073741906, 0, 2, 12, 135]
[:key_down_raw, 1073741906, 0, 2, 13, 137]
[:key_down_raw, 1073741906, 0, 2, 14, 139]
[:key_up_raw, 1073741906, 0, 2, 15, 140]
[:key_down_raw, 1073741903, 0, 2, 16, 141]
[:key_down_raw, 1073741906, 0, 2, 17, 153]
[:key_up_raw, 1073741903, 0, 2, 18, 160]
[:key_down_raw, 1073741906, 0, 2, 19, 168]
[:key_down_raw, 1073741906, 0, 2, 20, 170]
[:key_down_raw, 1073741906, 0, 2, 21, 172]
[:key_down_raw, 1073741906, 0, 2, 22, 174]
[:key_down_raw, 1073741906, 0, 2, 23, 176]
[:key_down_raw, 1073741906, 0, 2, 24, 178]
[:key_down_raw, 1073741906, 0, 2, 25, 180]
[:key_down_raw, 1073741906, 0, 2, 26, 182]
[:key_down_raw, 1073741906, 0, 2, 27, 184]
[:key_down_raw, 1073741906, 0, 2, 28, 186]
[:key_down_raw, 1073741906, 0, 2, 29, 188]
[:key_down_raw, 1073741906, 0, 2, 30, 190]
[:key_down_raw, 1073741906, 0, 2, 31, 192]
[:key_down_raw, 1073741906, 0, 2, 32, 194]
[:key_down_raw, 1073741906, 0, 2, 33, 196]
[:key_up_raw, 1073741906, 0, 2, 34, 196]
[:key_down_raw, 1073741904, 0, 2, 35, 225]
[:key_down_raw, 1073741904, 0, 2, 36, 240]
[:key_down_raw, 1073741904, 0, 2, 37, 242]
[:key_down_raw, 1073741904, 0, 2, 38, 244]
[:key_up_raw, 1073741904, 0, 2, 39, 244]
[:key_down_raw, 1073741905, 0, 2, 40, 297]
[:key_down_raw, 1073741905, 0, 2, 41, 312]
[:key_down_raw, 1073741905, 0, 2, 42, 314]
[:key_down_raw, 1073741905, 0, 2, 43, 316]
[:key_down_raw, 1073741905, 0, 2, 44, 318]
[:key_down_raw, 1073741905, 0, 2, 45, 320]
[:key_down_raw, 1073741905, 0, 2, 46, 322]
[:key_down_raw, 1073741905, 0, 2, 47, 324]
[:key_up_raw, 1073741905, 0, 2, 48, 326]
[:key_down_raw, 1073741904, 0, 2, 49, 355]
[:key_down_raw, 1073741904, 0, 2, 50, 370]
[:key_down_raw, 1073741904, 0, 2, 51, 372]
[:key_down_raw, 1073741904, 0, 2, 52, 374]
[:key_down_raw, 1073741904, 0, 2, 53, 376]
[:key_down_raw, 1073741904, 0, 2, 54, 378]
[:key_up_raw, 1073741904, 0, 2, 55, 379]
[:key_down_raw, 1073741906, 0, 2, 56, 393]
[:key_down_raw, 1073741906, 0, 2, 57, 408]
[:key_down_raw, 1073741906, 0, 2, 58, 410]
[:key_down_raw, 1073741906, 0, 2, 59, 412]
[:key_down_raw, 1073741906, 0, 2, 60, 414]
[:key_down_raw, 1073741906, 0, 2, 61, 416]
[:key_down_raw, 1073741906, 0, 2, 62, 418]
[:key_down_raw, 1073741906, 0, 2, 63, 421]
[:key_up_raw, 1073741906, 0, 2, 64, 421]
[:key_down_raw, 1073741906, 0, 2, 65, 454]
[:key_down_raw, 1073741906, 0, 2, 66, 468]
[:key_down_raw, 1073741906, 0, 2, 67, 470]
[:key_down_raw, 1073741906, 0, 2, 68, 472]
[:key_down_raw, 1073741906, 0, 2, 69, 474]
[:key_up_raw, 1073741906, 0, 2, 70, 475]
[:key_down_raw, 1073741904, 0, 2, 71, 476]
[:key_down_raw, 1073741904, 0, 2, 72, 491]
[:key_down_raw, 1073741904, 0, 2, 73, 493]
[:key_down_raw, 1073741904, 0, 2, 74, 495]
[:key_down_raw, 1073741906, 0, 2, 75, 496]
[:key_down_raw, 1073741906, 0, 2, 76, 511]
[:key_down_raw, 1073741906, 0, 2, 77, 513]
[:key_down_raw, 1073741906, 0, 2, 78, 515]
[:key_up_raw, 1073741906, 0, 2, 79, 515]
[:key_down_raw, 1073741905, 0, 2, 80, 524]
[:key_up_raw, 1073741904, 0, 2, 81, 526]
[:key_up_raw, 1073741905, 0, 2, 82, 532]
[:key_down_raw, 1073741906, 0, 2, 83, 570]
[:key_down_raw, 1073741906, 0, 2, 84, 585]
[:key_up_raw, 1073741906, 0, 2, 85, 586]
[:key_down_raw, 1073741903, 0, 2, 86, 591]
[:key_up_raw, 1073741903, 0, 2, 87, 605]
[:key_down_raw, 1073741905, 0, 2, 88, 608]
[:key_down_raw, 1073741905, 0, 2, 89, 623]
[:key_down_raw, 1073741904, 0, 2, 90, 625]
[:key_up_raw, 1073741905, 0, 2, 91, 627]
[:key_down_raw, 1073741904, 0, 2, 92, 640]
[:key_down_raw, 1073741904, 0, 2, 93, 642]
[:key_down_raw, 1073741904, 0, 2, 94, 644]
[:key_down_raw, 1073741904, 0, 2, 95, 646]
[:key_down_raw, 1073741904, 0, 2, 96, 648]
[:key_up_raw, 1073741904, 0, 2, 97, 650]
[:key_down_raw, 1073741903, 0, 2, 98, 705]
[:key_down_raw, 1073741903, 0, 2, 99, 720]
[:key_down_raw, 1073741903, 0, 2, 100, 722]
[:key_down_raw, 1073741903, 0, 2, 101, 724]
[:key_down_raw, 1073741903, 0, 2, 102, 726]
[:key_down_raw, 1073741903, 0, 2, 103, 729]
[:key_down_raw, 1073741903, 0, 2, 104, 731]
[:key_down_raw, 1073741903, 0, 2, 105, 733]
[:key_down_raw, 1073741903, 0, 2, 106, 735]
[:key_down_raw, 1073741903, 0, 2, 107, 737]
[:key_down_raw, 1073741903, 0, 2, 108, 739]
[:key_down_raw, 1073741903, 0, 2, 109, 741]
[:key_down_raw, 1073741903, 0, 2, 110, 743]
[:key_down_raw, 1073741903, 0, 2, 111, 745]
[:key_down_raw, 1073741903, 0, 2, 112, 747]
[:key_down_raw, 1073741903, 0, 2, 113, 749]
[:key_down_raw, 1073741903, 0, 2, 114, 751]
[:key_down_raw, 1073741903, 0, 2, 115, 753]
[:key_up_raw, 1073741903, 0, 2, 116, 753]
[:key_down_raw, 96, 0, 2, 117, 818]
[:key_up_raw, 96, 0, 2, 118, 823]
[:key_down_raw, 13, 0, 2, 119, 871]
