replay_version 2.0
stopped_at 851
seed 100
recorded_at 2021-11-20 11:30:20 -0600
[:mouse_button_up, 1, 0, 1, 1, 4]
[:key_down_raw, 1073741904, 0, 2, 2, 69]
[:key_down_raw, 1073741904, 0, 2, 3, 83]
[:key_up_raw, 1073741904, 0, 2, 4, 84]
[:key_down_raw, 1073741906, 0, 2, 5, 89]
[:key_down_raw, 1073741903, 0, 2, 6, 95]
[:key_up_raw, 1073741906, 0, 2, 7, 103]
[:key_down_raw, 1073741903, 0, 2, 8, 110]
[:key_down_raw, 1073741903, 0, 2, 9, 112]
[:key_down_raw, 1073741903, 0, 2, 10, 114]
[:key_down_raw, 1073741903, 0, 2, 11, 116]
[:key_down_raw, 1073741903, 0, 2, 12, 118]
[:key_down_raw, 1073741903, 0, 2, 13, 120]
[:key_down_raw, 1073741903, 0, 2, 14, 122]
[:key_down_raw, 1073741903, 0, 2, 15, 124]
[:key_up_raw, 1073741903, 0, 2, 16, 125]
[:key_down_raw, 106, 0, 2, 17, 147]
[:key_up_raw, 106, 0, 2, 18, 156]
[:key_down_raw, 1073741904, 0, 2, 19, 180]
[:key_down_raw, 1073741904, 0, 2, 20, 195]
[:key_down_raw, 1073741904, 0, 2, 21, 197]
[:key_down_raw, 1073741904, 0, 2, 22, 199]
[:key_down_raw, 1073741904, 0, 2, 23, 201]
[:key_down_raw, 1073741904, 0, 2, 24, 203]
[:key_down_raw, 1073741904, 0, 2, 25, 205]
[:key_up_raw, 1073741904, 0, 2, 26, 207]
[:key_down_raw, 1073741903, 0, 2, 27, 208]
[:key_down_raw, 1073741903, 0, 2, 28, 223]
[:key_down_raw, 1073741903, 0, 2, 29, 225]
[:key_down_raw, 1073741903, 0, 2, 30, 227]
[:key_down_raw, 1073741903, 0, 2, 31, 229]
[:key_down_raw, 1073741903, 0, 2, 32, 231]
[:key_down_raw, 1073741903, 0, 2, 33, 233]
[:key_down_raw, 1073741903, 0, 2, 34, 235]
[:key_down_raw, 1073741903, 0, 2, 35, 237]
[:key_down_raw, 1073741903, 0, 2, 36, 239]
[:key_down_raw, 1073741903, 0, 2, 37, 241]
[:key_down_raw, 1073741903, 0, 2, 38, 243]
[:key_down_raw, 1073741903, 0, 2, 39, 245]
[:key_down_raw, 1073741903, 0, 2, 40, 247]
[:key_down_raw, 1073741903, 0, 2, 41, 249]
[:key_down_raw, 1073741903, 0, 2, 42, 251]
[:key_down_raw, 1073741903, 0, 2, 43, 253]
[:key_down_raw, 1073741903, 0, 2, 44, 255]
[:key_down_raw, 1073741906, 0, 2, 45, 257]
[:key_up_raw, 1073741903, 0, 2, 46, 258]
[:key_down_raw, 1073741906, 0, 2, 47, 271]
[:key_down_raw, 1073741906, 0, 2, 48, 274]
[:key_down_raw, 1073741906, 0, 2, 49, 276]
[:key_down_raw, 1073741906, 0, 2, 50, 278]
[:key_down_raw, 1073741906, 0, 2, 51, 280]
[:key_up_raw, 1073741906, 0, 2, 52, 280]
[:key_down_raw, 1073741903, 0, 2, 53, 280]
[:key_down_raw, 1073741903, 0, 2, 54, 296]
[:key_down_raw, 1073741903, 0, 2, 55, 298]
[:key_down_raw, 1073741905, 0, 2, 56, 298]
[:key_up_raw, 1073741903, 0, 2, 57, 300]
[:key_down_raw, 1073741905, 0, 2, 58, 313]
[:key_down_raw, 1073741905, 0, 2, 59, 315]
[:key_down_raw, 1073741905, 0, 2, 60, 317]
[:key_down_raw, 1073741905, 0, 2, 61, 319]
[:key_down_raw, 1073741905, 0, 2, 62, 321]
[:key_down_raw, 1073741905, 0, 2, 63, 323]
[:key_down_raw, 1073741905, 0, 2, 64, 325]
[:key_down_raw, 1073741905, 0, 2, 65, 327]
[:key_down_raw, 1073741905, 0, 2, 66, 329]
[:key_down_raw, 1073741904, 0, 2, 67, 330]
[:key_up_raw, 1073741905, 0, 2, 68, 332]
[:key_down_raw, 1073741904, 0, 2, 69, 345]
[:key_down_raw, 1073741904, 0, 2, 70, 347]
[:key_down_raw, 1073741904, 0, 2, 71, 349]
[:key_down_raw, 1073741904, 0, 2, 72, 351]
[:key_up_raw, 1073741904, 0, 2, 73, 353]
[:key_down_raw, 1073741903, 0, 2, 74, 354]
[:key_down_raw, 1073741903, 0, 2, 75, 369]
[:key_down_raw, 1073741903, 0, 2, 76, 371]
[:key_down_raw, 1073741903, 0, 2, 77, 373]
[:key_down_raw, 1073741903, 0, 2, 78, 375]
[:key_down_raw, 1073741903, 0, 2, 79, 377]
[:key_down_raw, 1073741903, 0, 2, 80, 379]
[:key_down_raw, 1073741903, 0, 2, 81, 382]
[:key_down_raw, 1073741903, 0, 2, 82, 383]
[:key_down_raw, 1073741903, 0, 2, 83, 385]
[:key_down_raw, 1073741903, 0, 2, 84, 387]
[:key_down_raw, 1073741903, 0, 2, 85, 390]
[:key_down_raw, 1073741903, 0, 2, 86, 392]
[:key_down_raw, 1073741903, 0, 2, 87, 394]
[:key_down_raw, 1073741905, 0, 2, 88, 395]
[:key_up_raw, 1073741903, 0, 2, 89, 400]
[:key_down_raw, 1073741904, 0, 2, 90, 405]
[:key_up_raw, 1073741905, 0, 2, 91, 416]
[:key_down_raw, 1073741904, 0, 2, 92, 420]
[:key_down_raw, 1073741904, 0, 2, 93, 422]
[:key_down_raw, 1073741904, 0, 2, 94, 424]
[:key_down_raw, 1073741904, 0, 2, 95, 426]
[:key_down_raw, 1073741904, 0, 2, 96, 428]
[:key_down_raw, 1073741904, 0, 2, 97, 430]
[:key_down_raw, 1073741904, 0, 2, 98, 432]
[:key_down_raw, 1073741904, 0, 2, 99, 434]
[:key_down_raw, 1073741904, 0, 2, 100, 436]
[:key_down_raw, 1073741904, 0, 2, 101, 438]
[:key_down_raw, 1073741904, 0, 2, 102, 440]
[:key_down_raw, 1073741904, 0, 2, 103, 442]
[:key_down_raw, 1073741904, 0, 2, 104, 444]
[:key_up_raw, 1073741904, 0, 2, 105, 444]
[:key_down_raw, 1073741906, 0, 2, 106, 445]
[:key_up_raw, 1073741906, 0, 2, 107, 448]
[:key_down_raw, 1073741905, 0, 2, 108, 452]
[:key_down_raw, 1073741905, 0, 2, 109, 467]
[:key_down_raw, 1073741905, 0, 2, 110, 469]
[:key_up_raw, 1073741905, 0, 2, 111, 470]
[:key_down_raw, 1073741906, 0, 2, 112, 484]
[:key_up_raw, 1073741906, 0, 2, 113, 496]
[:key_down_raw, 32, 0, 2, 114, 499]
[:key_up_raw, 32, 0, 2, 115, 505]
[:key_down_raw, 1073741903, 0, 2, 116, 538]
[:key_up_raw, 1073741903, 0, 2, 117, 553]
[:key_down_raw, 106, 0, 2, 118, 604]
[:key_up_raw, 106, 0, 2, 119, 608]
[:key_down_raw, 1073741903, 0, 2, 120, 640]
[:key_down_raw, 1073741906, 0, 2, 121, 654]
[:key_up_raw, 1073741903, 0, 2, 122, 654]
[:key_down_raw, 1073741906, 0, 2, 123, 669]
[:key_down_raw, 1073741906, 0, 2, 124, 671]
[:key_down_raw, 1073741906, 0, 2, 125, 673]
[:key_down_raw, 1073741906, 0, 2, 126, 675]
[:key_up_raw, 1073741906, 0, 2, 127, 677]
[:key_down_raw, 1073741903, 0, 2, 128, 677]
[:key_down_raw, 1073741903, 0, 2, 129, 692]
[:key_down_raw, 1073741903, 0, 2, 130, 694]
[:key_down_raw, 1073741905, 0, 2, 131, 694]
[:key_up_raw, 1073741903, 0, 2, 132, 696]
[:key_down_raw, 1073741905, 0, 2, 133, 709]
[:key_down_raw, 1073741905, 0, 2, 134, 711]
[:key_down_raw, 1073741905, 0, 2, 135, 713]
[:key_down_raw, 1073741905, 0, 2, 136, 715]
[:key_down_raw, 1073741905, 0, 2, 137, 717]
[:key_down_raw, 1073741904, 0, 2, 138, 719]
[:key_up_raw, 1073741905, 0, 2, 139, 721]
[:key_down_raw, 1073741904, 0, 2, 140, 734]
[:key_down_raw, 1073741904, 0, 2, 141, 736]
[:key_down_raw, 1073741904, 0, 2, 142, 738]
[:key_down_raw, 1073741904, 0, 2, 143, 740]
[:key_down_raw, 1073741904, 0, 2, 144, 742]
[:key_down_raw, 1073741904, 0, 2, 145, 744]
[:key_down_raw, 1073741904, 0, 2, 146, 746]
[:key_down_raw, 1073741904, 0, 2, 147, 748]
[:key_up_raw, 1073741904, 0, 2, 148, 748]
[:key_down_raw, 96, 0, 2, 149, 778]
[:key_up_raw, 96, 0, 2, 150, 782]
[:mouse_move, 782, 86, 2, 151, 822]
[:mouse_move, 774, 93, 2, 152, 823]
[:mouse_move, 764, 101, 2, 153, 824]
[:mouse_move, 752, 113, 2, 154, 825]
[:mouse_move, 732, 126, 2, 155, 826]
[:mouse_move, 716, 141, 2, 156, 827]
[:mouse_move, 705, 152, 2, 157, 828]
[:mouse_move, 699, 162, 2, 158, 829]
[:mouse_move, 693, 172, 2, 159, 830]
[:mouse_move, 690, 177, 2, 160, 831]
[:mouse_move, 690, 176, 2, 161, 839]
[:mouse_move, 691, 175, 2, 162, 840]
[:mouse_move, 693, 173, 2, 163, 841]
[:mouse_move, 695, 173, 2, 164, 842]
[:mouse_move, 695, 172, 2, 165, 844]
[:key_down_raw, 13, 0, 2, 166, 851]
