replay_version 2.0
stopped_at 946
seed 100
recorded_at Sun Sep 29 22:37:57 2019
[:key_down_raw, 1073741903, 0, 2, 1, 101]
[:key_down_raw, 1073741903, 0, 2, 2, 126]
[:key_down_raw, 1073741903, 0, 2, 3, 128]
[:key_down_raw, 1073741903, 0, 2, 4, 130]
[:key_down_raw, 1073741903, 0, 2, 5, 132]
[:key_down_raw, 1073741903, 0, 2, 6, 134]
[:key_down_raw, 1073741903, 0, 2, 7, 136]
[:key_down_raw, 1073741903, 0, 2, 8, 138]
[:key_down_raw, 32, 0, 2, 9, 140]
[:key_up_raw, 32, 0, 2, 10, 146]
[:key_down_raw, 32, 0, 2, 11, 151]
[:key_up_raw, 32, 0, 2, 12, 155]
[:key_down_raw, 32, 0, 2, 13, 160]
[:key_up_raw, 32, 0, 2, 14, 164]
[:key_down_raw, 32, 0, 2, 15, 169]
[:key_up_raw, 32, 0, 2, 16, 173]
[:key_up_raw, 1073741903, 0, 2, 17, 173]
[:key_down_raw, 32, 0, 2, 18, 176]
[:key_down_raw, 1073741904, 0, 2, 19, 179]
[:key_up_raw, 32, 0, 2, 20, 181]
[:key_down_raw, 32, 0, 2, 21, 186]
[:key_up_raw, 32, 0, 2, 22, 191]
[:key_down_raw, 32, 0, 2, 23, 196]
[:key_down_raw, 1073741903, 0, 2, 24, 196]
[:key_up_raw, 1073741904, 0, 2, 25, 197]
[:key_up_raw, 32, 0, 2, 26, 201]
[:key_down_raw, 32, 0, 2, 27, 206]
[:key_up_raw, 32, 0, 2, 28, 210]
[:key_down_raw, 32, 0, 2, 29, 216]
[:key_up_raw, 32, 0, 2, 30, 227]
[:key_up_raw, 1073741903, 0, 2, 31, 232]
[:key_down_raw, 1073741903, 0, 2, 32, 255]
[:key_down_raw, 32, 0, 2, 33, 267]
[:key_up_raw, 1073741903, 0, 2, 34, 268]
[:key_up_raw, 32, 0, 2, 35, 274]
[:key_down_raw, 1073741904, 0, 2, 36, 277]
[:key_down_raw, 32, 0, 2, 37, 284]
[:key_up_raw, 32, 0, 2, 38, 290]
[:key_up_raw, 1073741904, 0, 2, 39, 293]
[:key_down_raw, 1073741904, 0, 2, 40, 301]
[:key_down_raw, 32, 0, 2, 41, 309]
[:key_up_raw, 32, 0, 2, 42, 315]
[:key_up_raw, 1073741904, 0, 2, 43, 319]
[:key_down_raw, 32, 0, 2, 44, 319]
[:key_up_raw, 32, 0, 2, 45, 325]
[:key_down_raw, 1073741903, 0, 2, 46, 325]
[:key_down_raw, 32, 0, 2, 47, 328]
[:key_up_raw, 1073741903, 0, 2, 48, 334]
[:key_up_raw, 32, 0, 2, 49, 334]
[:key_down_raw, 32, 0, 2, 50, 338]
[:key_down_raw, 1073741903, 0, 2, 51, 343]
[:key_up_raw, 32, 0, 2, 52, 344]
[:key_down_raw, 32, 0, 2, 53, 348]
[:key_up_raw, 1073741903, 0, 2, 54, 355]
[:key_up_raw, 32, 0, 2, 55, 355]
[:key_down_raw, 32, 0, 2, 56, 430]
[:key_up_raw, 32, 0, 2, 57, 435]
[:key_down_raw, 32, 0, 2, 58, 441]
[:key_up_raw, 32, 0, 2, 59, 445]
[:key_down_raw, 1073741904, 0, 2, 60, 449]
[:key_down_raw, 32, 0, 2, 61, 449]
[:key_up_raw, 32, 0, 2, 62, 454]
[:key_down_raw, 32, 0, 2, 63, 458]
[:key_up_raw, 1073741904, 0, 2, 64, 464]
[:key_up_raw, 32, 0, 2, 65, 464]
[:key_down_raw, 32, 0, 2, 66, 467]
[:key_down_raw, 1073741903, 0, 2, 67, 470]
[:key_up_raw, 32, 0, 2, 68, 473]
[:key_down_raw, 32, 0, 2, 69, 478]
[:key_up_raw, 1073741903, 0, 2, 70, 482]
[:key_up_raw, 32, 0, 2, 71, 483]
[:key_down_raw, 32, 0, 2, 72, 488]
[:key_up_raw, 32, 0, 2, 73, 490]
[:mouse_move, 1279, 522, 2, 74, 551]
[:mouse_move, 1183, 522, 2, 75, 552]
[:mouse_move, 1044, 522, 2, 76, 553]
[:mouse_move, 906, 518, 2, 77, 554]
[:mouse_move, 865, 516, 2, 78, 555]
[:mouse_move, 704, 515, 2, 79, 556]
[:mouse_move, 632, 513, 2, 80, 557]
[:mouse_move, 502, 512, 2, 81, 558]
[:mouse_move, 477, 512, 2, 82, 559]
[:mouse_move, 413, 512, 2, 83, 560]
[:mouse_move, 401, 512, 2, 84, 561]
[:mouse_move, 372, 512, 2, 85, 562]
[:mouse_move, 345, 512, 2, 86, 563]
[:mouse_move, 323, 514, 2, 87, 564]
[:mouse_move, 315, 516, 2, 88, 565]
[:mouse_move, 297, 520, 2, 89, 566]
[:mouse_move, 288, 522, 2, 90, 567]
[:mouse_move, 279, 524, 2, 91, 568]
[:mouse_move, 272, 526, 2, 92, 569]
[:mouse_move, 265, 528, 2, 93, 570]
[:mouse_move, 263, 528, 2, 94, 571]
[:mouse_move, 261, 528, 2, 95, 572]
[:mouse_move, 269, 528, 2, 96, 574]
[:mouse_move, 271, 528, 2, 97, 575]
[:mouse_move, 276, 527, 2, 98, 576]
[:mouse_move, 278, 527, 2, 99, 577]
[:mouse_move, 280, 526, 2, 100, 578]
[:mouse_move, 282, 525, 2, 101, 579]
[:mouse_move, 286, 523, 2, 102, 580]
[:mouse_move, 288, 522, 2, 103, 581]
[:mouse_move, 292, 520, 2, 104, 582]
[:mouse_move, 299, 517, 2, 105, 583]
[:mouse_move, 302, 516, 2, 106, 584]
[:mouse_move, 310, 512, 2, 107, 585]
[:mouse_move, 313, 510, 2, 108, 586]
[:mouse_move, 325, 503, 2, 109, 587]
[:mouse_move, 332, 500, 2, 110, 588]
[:mouse_move, 349, 492, 2, 111, 589]
[:mouse_move, 358, 490, 2, 112, 590]
[:mouse_move, 379, 486, 2, 113, 591]
[:mouse_move, 384, 486, 2, 114, 592]
[:mouse_move, 402, 485, 2, 115, 593]
[:mouse_move, 418, 485, 2, 116, 594]
[:mouse_move, 439, 485, 2, 117, 595]
[:mouse_move, 451, 485, 2, 118, 596]
[:mouse_move, 474, 486, 2, 119, 597]
[:mouse_move, 486, 486, 2, 120, 598]
[:mouse_move, 511, 486, 2, 121, 599]
[:mouse_move, 525, 486, 2, 122, 600]
[:mouse_move, 555, 483, 2, 123, 601]
[:mouse_move, 571, 481, 2, 124, 602]
[:mouse_move, 606, 477, 2, 125, 603]
[:mouse_move, 623, 475, 2, 126, 604]
[:mouse_move, 656, 473, 2, 127, 605]
[:mouse_move, 685, 471, 2, 128, 606]
[:mouse_move, 711, 469, 2, 129, 607]
[:mouse_move, 728, 469, 2, 130, 608]
[:mouse_move, 752, 468, 2, 131, 609]
[:mouse_move, 764, 467, 2, 132, 610]
[:mouse_move, 767, 467, 2, 133, 611]
[:mouse_move, 780, 467, 2, 134, 612]
[:mouse_move, 784, 467, 2, 135, 613]
[:mouse_move, 787, 467, 2, 136, 614]
[:mouse_move, 788, 467, 2, 137, 615]
[:mouse_move, 789, 468, 2, 138, 616]
[:mouse_move, 790, 468, 2, 139, 625]
[:key_down_raw, 13, 0, 2, 140, 653]
[:key_up_raw, 13, 0, 2, 141, 657]
[:key_down_raw, 1073742051, 1024, 2, 142, 871]
[:key_down_raw, 113, 1024, 2, 143, 945]
