replay_version 2.0
stopped_at 442
seed 100
recorded_at 2021-11-20 11:06:58 -0600
[:mouse_button_up, 1, 0, 1, 1, 5]
[:key_down_raw, 1073741903, 0, 2, 2, 147]
[:key_down_raw, 1073741903, 0, 2, 3, 162]
[:key_down_raw, 1073741903, 0, 2, 4, 164]
[:key_down_raw, 1073741903, 0, 2, 5, 166]
[:key_down_raw, 1073741903, 0, 2, 6, 168]
[:key_down_raw, 1073741903, 0, 2, 7, 170]
[:key_down_raw, 1073741903, 0, 2, 8, 172]
[:key_down_raw, 1073741906, 0, 2, 9, 172]
[:key_down_raw, 1073741905, 0, 2, 10, 182]
[:key_up_raw, 1073741903, 0, 2, 11, 185]
[:key_up_raw, 1073741906, 0, 2, 12, 188]
[:key_down_raw, 1073741904, 0, 2, 13, 195]
[:key_up_raw, 1073741905, 0, 2, 14, 202]
[:key_up_raw, 1073741904, 0, 2, 15, 208]
[:key_down_raw, 1073741903, 0, 2, 16, 210]
[:key_down_raw, 1073741903, 0, 2, 17, 225]
[:key_down_raw, 1073741903, 0, 2, 18, 227]
[:key_down_raw, 1073741903, 0, 2, 19, 229]
[:key_down_raw, 1073741903, 0, 2, 20, 231]
[:key_down_raw, 1073741903, 0, 2, 21, 233]
[:key_down_raw, 1073741903, 0, 2, 22, 235]
[:key_down_raw, 1073741903, 0, 2, 23, 237]
[:key_down_raw, 1073741903, 0, 2, 24, 239]
[:key_down_raw, 1073741903, 0, 2, 25, 241]
[:key_down_raw, 1073741903, 0, 2, 26, 243]
[:key_down_raw, 1073741903, 0, 2, 27, 245]
[:key_down_raw, 1073741903, 0, 2, 28, 247]
[:key_down_raw, 1073741903, 0, 2, 29, 249]
[:key_down_raw, 1073741903, 0, 2, 30, 251]
[:key_down_raw, 1073741903, 0, 2, 31, 253]
[:key_down_raw, 1073741903, 0, 2, 32, 255]
[:key_down_raw, 1073741903, 0, 2, 33, 257]
[:key_down_raw, 1073741903, 0, 2, 34, 259]
[:key_down_raw, 1073741903, 0, 2, 35, 261]
[:key_down_raw, 1073741903, 0, 2, 36, 263]
[:key_down_raw, 1073741903, 0, 2, 37, 265]
[:key_down_raw, 1073741903, 0, 2, 38, 267]
[:key_down_raw, 1073741903, 0, 2, 39, 269]
[:key_down_raw, 1073741903, 0, 2, 40, 271]
[:key_down_raw, 1073741906, 0, 2, 41, 271]
[:key_up_raw, 1073741903, 0, 2, 42, 282]
[:key_down_raw, 1073741906, 0, 2, 43, 286]
[:key_down_raw, 1073741906, 0, 2, 44, 288]
[:key_down_raw, 1073741906, 0, 2, 45, 290]
[:key_down_raw, 1073741906, 0, 2, 46, 292]
[:key_down_raw, 1073741906, 0, 2, 47, 294]
[:key_down_raw, 1073741906, 0, 2, 48, 296]
[:key_down_raw, 1073741906, 0, 2, 49, 298]
[:key_down_raw, 1073741906, 0, 2, 50, 301]
[:key_down_raw, 1073741905, 0, 2, 51, 302]
[:key_up_raw, 1073741906, 0, 2, 52, 313]
[:key_down_raw, 1073741904, 0, 2, 53, 315]
[:key_up_raw, 1073741905, 0, 2, 54, 322]
[:key_down_raw, 1073741904, 0, 2, 55, 330]
[:key_down_raw, 1073741904, 0, 2, 56, 332]
[:key_down_raw, 1073741904, 0, 2, 57, 334]
[:key_down_raw, 1073741904, 0, 2, 58, 336]
[:key_down_raw, 1073741904, 0, 2, 59, 338]
[:key_down_raw, 1073741904, 0, 2, 60, 340]
[:key_down_raw, 1073741904, 0, 2, 61, 342]
[:key_down_raw, 1073741904, 0, 2, 62, 344]
[:key_down_raw, 1073741904, 0, 2, 63, 346]
[:key_down_raw, 1073741904, 0, 2, 64, 348]
[:key_down_raw, 1073741904, 0, 2, 65, 350]
[:key_up_raw, 1073741904, 0, 2, 66, 351]
[:key_down_raw, 96, 0, 2, 67, 359]
[:key_up_raw, 96, 0, 2, 68, 364]
[:key_down_raw, 13, 0, 2, 69, 442]
