replay_version 2.0
stopped_at 1167
seed 100
recorded_at Sun Sep 29 23:31:58 2019
[:mouse_move, 846, 461, 2, 1, 84]
[:mouse_move, 819, 466, 2, 2, 85]
[:mouse_move, 773, 482, 2, 3, 86]
[:mouse_move, 755, 489, 2, 4, 87]
[:mouse_move, 729, 506, 2, 5, 88]
[:mouse_move, 706, 522, 2, 6, 89]
[:mouse_move, 686, 544, 2, 7, 90]
[:mouse_move, 677, 557, 2, 8, 91]
[:mouse_move, 672, 569, 2, 9, 92]
[:mouse_move, 670, 575, 2, 10, 93]
[:mouse_move, 669, 583, 2, 11, 94]
[:mouse_move, 668, 585, 2, 12, 95]
[:mouse_move, 667, 590, 2, 13, 96]
[:mouse_move, 663, 593, 2, 14, 97]
[:mouse_move, 653, 600, 2, 15, 98]
[:mouse_move, 645, 602, 2, 16, 99]
[:mouse_move, 604, 608, 2, 17, 100]
[:mouse_move, 557, 611, 2, 18, 101]
[:mouse_move, 467, 615, 2, 19, 102]
[:mouse_move, 410, 619, 2, 20, 103]
[:mouse_move, 291, 631, 2, 21, 104]
[:mouse_move, 268, 635, 2, 22, 105]
[:mouse_move, 221, 643, 2, 23, 106]
[:mouse_move, 195, 649, 2, 24, 107]
[:mouse_move, 175, 654, 2, 25, 108]
[:mouse_move, 159, 659, 2, 26, 109]
[:mouse_move, 152, 662, 2, 27, 110]
[:mouse_move, 145, 668, 2, 28, 111]
[:mouse_move, 145, 670, 2, 29, 112]
[:mouse_move, 144, 676, 2, 30, 123]
[:mouse_move, 143, 680, 2, 31, 124]
[:mouse_move, 138, 687, 2, 32, 125]
[:mouse_move, 136, 691, 2, 33, 126]
[:mouse_move, 132, 698, 2, 34, 127]
[:mouse_move, 129, 701, 2, 35, 128]
[:mouse_move, 128, 704, 2, 36, 129]
[:mouse_move, 126, 706, 2, 37, 130]
[:mouse_move, 126, 707, 2, 38, 131]
[:mouse_move, 130, 707, 2, 39, 133]
[:mouse_move, 132, 707, 2, 40, 134]
[:mouse_move, 135, 707, 2, 41, 135]
[:mouse_move, 141, 706, 2, 42, 136]
[:mouse_move, 145, 705, 2, 43, 137]
[:mouse_move, 155, 703, 2, 44, 138]
[:mouse_move, 160, 701, 2, 45, 139]
[:mouse_move, 170, 699, 2, 46, 140]
[:mouse_move, 174, 698, 2, 47, 141]
[:mouse_move, 182, 696, 2, 48, 142]
[:mouse_move, 187, 696, 2, 49, 143]
[:mouse_move, 192, 695, 2, 50, 144]
[:mouse_move, 197, 695, 2, 51, 145]
[:mouse_move, 203, 695, 2, 52, 146]
[:mouse_move, 205, 695, 2, 53, 147]
[:mouse_move, 211, 695, 2, 54, 148]
[:mouse_move, 214, 695, 2, 55, 149]
[:mouse_move, 219, 695, 2, 56, 150]
[:mouse_move, 222, 695, 2, 57, 151]
[:mouse_move, 228, 695, 2, 58, 152]
[:mouse_move, 231, 695, 2, 59, 153]
[:mouse_move, 237, 695, 2, 60, 154]
[:mouse_move, 241, 695, 2, 61, 155]
[:mouse_move, 246, 695, 2, 62, 156]
[:mouse_move, 250, 695, 2, 63, 157]
[:mouse_move, 257, 695, 2, 64, 158]
[:mouse_move, 260, 695, 2, 65, 159]
[:mouse_move, 267, 696, 2, 66, 160]
[:mouse_move, 271, 696, 2, 67, 161]
[:mouse_move, 275, 697, 2, 68, 162]
[:mouse_move, 283, 698, 2, 69, 163]
[:mouse_move, 288, 698, 2, 70, 164]
[:mouse_move, 297, 699, 2, 71, 165]
[:mouse_move, 303, 700, 2, 72, 166]
[:mouse_move, 313, 701, 2, 73, 167]
[:mouse_move, 318, 702, 2, 74, 168]
[:mouse_move, 330, 703, 2, 75, 169]
[:mouse_move, 337, 704, 2, 76, 170]
[:mouse_move, 350, 705, 2, 77, 171]
[:mouse_move, 356, 706, 2, 78, 172]
[:mouse_move, 371, 707, 2, 79, 173]
[:mouse_move, 377, 708, 2, 80, 174]
[:mouse_move, 393, 709, 2, 81, 175]
[:mouse_move, 401, 709, 2, 82, 176]
[:mouse_move, 410, 709, 2, 83, 177]
[:mouse_move, 415, 709, 2, 84, 178]
[:mouse_move, 422, 709, 2, 85, 179]
[:mouse_move, 424, 709, 2, 86, 180]
[:mouse_move, 429, 709, 2, 87, 181]
[:mouse_move, 430, 709, 2, 88, 182]
[:mouse_move, 432, 709, 2, 89, 183]
[:mouse_move, 433, 709, 2, 90, 185]
[:mouse_move, 434, 709, 2, 91, 190]
[:mouse_move, 435, 708, 2, 92, 192]
[:mouse_move, 437, 708, 2, 93, 193]
[:mouse_move, 440, 707, 2, 94, 194]
[:mouse_move, 442, 706, 2, 95, 195]
[:mouse_move, 446, 705, 2, 96, 196]
[:mouse_move, 448, 704, 2, 97, 197]
[:mouse_move, 451, 704, 2, 98, 198]
[:mouse_move, 451, 703, 2, 99, 199]
[:mouse_move, 452, 703, 2, 100, 200]
[:mouse_move, 453, 703, 2, 101, 201]
[:mouse_move, 454, 703, 2, 102, 210]
[:mouse_move, 462, 703, 2, 103, 225]
[:mouse_move, 475, 703, 2, 104, 226]
[:mouse_move, 511, 703, 2, 105, 227]
[:mouse_move, 535, 703, 2, 106, 228]
[:mouse_move, 603, 709, 2, 107, 229]
[:mouse_move, 645, 711, 2, 108, 230]
[:mouse_move, 692, 714, 2, 109, 231]
[:mouse_move, 703, 715, 2, 110, 232]
[:mouse_move, 725, 715, 2, 111, 233]
[:mouse_move, 735, 715, 2, 112, 234]
[:mouse_move, 745, 715, 2, 113, 235]
[:mouse_move, 747, 715, 2, 114, 236]
[:mouse_move, 744, 716, 2, 115, 238]
[:mouse_move, 735, 716, 2, 116, 239]
[:mouse_move, 732, 716, 2, 117, 240]
[:mouse_move, 726, 716, 2, 118, 241]
[:mouse_move, 723, 716, 2, 119, 242]
[:mouse_move, 721, 717, 2, 120, 243]
[:mouse_move, 720, 717, 2, 121, 244]
[:mouse_move, 721, 717, 2, 122, 246]
[:mouse_move, 722, 717, 2, 123, 247]
[:mouse_move, 726, 716, 2, 124, 248]
[:mouse_move, 728, 715, 2, 125, 249]
[:mouse_move, 732, 713, 2, 126, 250]
[:mouse_move, 733, 713, 2, 127, 251]
[:mouse_move, 736, 711, 2, 128, 252]
[:mouse_move, 738, 711, 2, 129, 253]
[:mouse_move, 739, 709, 2, 130, 254]
[:mouse_move, 740, 708, 2, 131, 255]
[:mouse_move, 743, 708, 2, 132, 273]
[:mouse_move, 745, 708, 2, 133, 274]
[:mouse_move, 751, 708, 2, 134, 275]
[:mouse_move, 755, 708, 2, 135, 276]
[:mouse_move, 764, 708, 2, 136, 277]
[:mouse_move, 769, 708, 2, 137, 278]
[:mouse_move, 778, 709, 2, 138, 279]
[:mouse_move, 782, 709, 2, 139, 280]
[:mouse_move, 790, 709, 2, 140, 281]
[:mouse_move, 794, 709, 2, 141, 282]
[:mouse_move, 801, 710, 2, 142, 283]
[:mouse_move, 804, 710, 2, 143, 284]
[:mouse_move, 812, 710, 2, 144, 285]
[:mouse_move, 815, 710, 2, 145, 286]
[:mouse_move, 823, 710, 2, 146, 287]
[:mouse_move, 827, 710, 2, 147, 288]
[:mouse_move, 835, 710, 2, 148, 289]
[:mouse_move, 838, 710, 2, 149, 290]
[:mouse_move, 846, 710, 2, 150, 291]
[:mouse_move, 851, 710, 2, 151, 292]
[:mouse_move, 859, 710, 2, 152, 293]
[:mouse_move, 862, 710, 2, 153, 294]
[:mouse_move, 872, 710, 2, 154, 295]
[:mouse_move, 876, 710, 2, 155, 296]
[:mouse_move, 880, 710, 2, 156, 297]
[:mouse_move, 891, 710, 2, 157, 298]
[:mouse_move, 895, 710, 2, 158, 299]
[:mouse_move, 904, 710, 2, 159, 300]
[:mouse_move, 909, 710, 2, 160, 301]
[:mouse_move, 918, 710, 2, 161, 302]
[:mouse_move, 922, 709, 2, 162, 303]
[:mouse_move, 928, 709, 2, 163, 304]
[:mouse_move, 931, 709, 2, 164, 305]
[:mouse_move, 939, 708, 2, 165, 306]
[:mouse_move, 942, 707, 2, 166, 307]
[:mouse_move, 948, 707, 2, 167, 308]
[:mouse_move, 952, 707, 2, 168, 309]
[:mouse_move, 958, 706, 2, 169, 310]
[:mouse_move, 960, 706, 2, 170, 311]
[:mouse_move, 965, 706, 2, 171, 312]
[:mouse_move, 967, 706, 2, 172, 313]
[:mouse_move, 973, 706, 2, 173, 314]
[:mouse_move, 975, 706, 2, 174, 315]
[:mouse_move, 981, 706, 2, 175, 316]
[:mouse_move, 983, 706, 2, 176, 317]
[:mouse_move, 989, 706, 2, 177, 318]
[:mouse_move, 992, 707, 2, 178, 319]
[:mouse_move, 998, 708, 2, 179, 320]
[:mouse_move, 1001, 709, 2, 180, 321]
[:mouse_move, 1008, 710, 2, 181, 322]
[:mouse_move, 1011, 710, 2, 182, 323]
[:mouse_move, 1019, 711, 2, 183, 324]
[:mouse_move, 1023, 711, 2, 184, 325]
[:mouse_move, 1028, 711, 2, 185, 326]
[:mouse_move, 1039, 711, 2, 186, 327]
[:mouse_move, 1044, 711, 2, 187, 328]
[:mouse_move, 1054, 709, 2, 188, 329]
[:mouse_move, 1059, 708, 2, 189, 330]
[:mouse_move, 1067, 707, 2, 190, 331]
[:mouse_move, 1068, 706, 2, 191, 332]
[:mouse_move, 1074, 705, 2, 192, 333]
[:mouse_move, 1076, 705, 2, 193, 334]
[:mouse_move, 1078, 704, 2, 194, 335]
[:mouse_move, 1079, 704, 2, 195, 336]
[:mouse_move, 1080, 703, 2, 196, 338]
[:mouse_move, 1079, 703, 2, 197, 353]
[:mouse_move, 1067, 698, 2, 198, 354]
[:mouse_move, 1050, 690, 2, 199, 355]
[:mouse_move, 1007, 673, 2, 200, 356]
[:mouse_move, 980, 663, 2, 201, 357]
[:mouse_move, 920, 639, 2, 202, 358]
[:mouse_move, 888, 626, 2, 203, 359]
[:mouse_move, 854, 611, 2, 204, 360]
[:mouse_move, 847, 607, 2, 205, 361]
[:mouse_move, 821, 593, 2, 206, 362]
[:key_down_raw, 111, 0, 2, 207, 524]
[:key_up_raw, 111, 0, 2, 208, 529]
[:key_down_raw, 111, 0, 2, 209, 533]
[:key_up_raw, 111, 0, 2, 210, 536]
[:key_down_raw, 111, 0, 2, 211, 541]
[:key_up_raw, 111, 0, 2, 212, 544]
[:key_down_raw, 111, 0, 2, 213, 549]
[:key_up_raw, 111, 0, 2, 214, 551]
[:key_down_raw, 111, 0, 2, 215, 556]
[:key_up_raw, 111, 0, 2, 216, 560]
[:key_down_raw, 108, 0, 2, 217, 591]
[:key_up_raw, 108, 0, 2, 218, 595]
[:key_down_raw, 108, 0, 2, 219, 601]
[:key_up_raw, 108, 0, 2, 220, 606]
[:key_down_raw, 108, 0, 2, 221, 612]
[:key_up_raw, 108, 0, 2, 222, 614]
[:key_down_raw, 119, 0, 2, 223, 651]
[:key_up_raw, 119, 0, 2, 224, 658]
[:key_down_raw, 119, 0, 2, 225, 662]
[:key_up_raw, 119, 0, 2, 226, 666]
[:key_down_raw, 115, 0, 2, 227, 678]
[:key_up_raw, 115, 0, 2, 228, 684]
[:key_down_raw, 115, 0, 2, 229, 689]
[:key_up_raw, 115, 0, 2, 230, 693]
[:key_down_raw, 115, 0, 2, 231, 698]
[:key_up_raw, 115, 0, 2, 232, 700]
[:key_down_raw, 115, 0, 2, 233, 704]
[:key_up_raw, 115, 0, 2, 234, 709]
[:key_down_raw, 115, 0, 2, 235, 713]
[:key_up_raw, 115, 0, 2, 236, 717]
[:key_down_raw, 119, 0, 2, 237, 727]
[:key_up_raw, 119, 0, 2, 238, 732]
[:key_down_raw, 119, 0, 2, 239, 738]
[:key_up_raw, 119, 0, 2, 240, 741]
[:key_down_raw, 119, 0, 2, 241, 745]
[:key_up_raw, 119, 0, 2, 242, 749]
[:key_down_raw, 119, 0, 2, 243, 754]
[:key_up_raw, 119, 0, 2, 244, 758]
[:key_down_raw, 119, 0, 2, 245, 762]
[:key_up_raw, 119, 0, 2, 246, 766]
[:key_down_raw, 119, 0, 2, 247, 770]
[:key_up_raw, 119, 0, 2, 248, 773]
[:key_down_raw, 119, 0, 2, 249, 777]
[:key_up_raw, 119, 0, 2, 250, 781]
[:key_down_raw, 119, 0, 2, 251, 786]
[:key_up_raw, 119, 0, 2, 252, 790]
[:key_down_raw, 119, 0, 2, 253, 793]
[:key_up_raw, 119, 0, 2, 254, 798]
[:key_down_raw, 119, 0, 2, 255, 804]
[:key_up_raw, 119, 0, 2, 256, 809]
[:key_down_raw, 115, 0, 2, 257, 849]
[:key_up_raw, 115, 0, 2, 258, 854]
[:key_down_raw, 108, 0, 2, 259, 980]
[:key_up_raw, 108, 0, 2, 260, 987]
[:key_down_raw, 108, 0, 2, 261, 992]
[:key_up_raw, 108, 0, 2, 262, 995]
[:key_down_raw, 108, 0, 2, 263, 1000]
[:key_up_raw, 108, 0, 2, 264, 1004]
[:key_down_raw, 108, 0, 2, 265, 1009]
[:key_up_raw, 108, 0, 2, 266, 1012]
[:key_down_raw, 108, 0, 2, 267, 1017]
[:key_up_raw, 108, 0, 2, 268, 1020]
[:key_down_raw, 108, 0, 2, 269, 1024]
[:key_up_raw, 108, 0, 2, 270, 1030]
[:key_down_raw, 111, 0, 2, 271, 1040]
[:key_up_raw, 111, 0, 2, 272, 1045]
[:key_down_raw, 111, 0, 2, 273, 1051]
[:key_up_raw, 111, 0, 2, 274, 1054]
[:key_down_raw, 108, 0, 2, 275, 1059]
[:key_up_raw, 108, 0, 2, 276, 1064]
[:key_down_raw, 108, 0, 2, 277, 1068]
[:key_up_raw, 108, 0, 2, 278, 1072]
[:key_down_raw, 111, 0, 2, 279, 1078]
[:key_up_raw, 111, 0, 2, 280, 1081]
[:key_down_raw, 111, 0, 2, 281, 1086]
[:key_up_raw, 111, 0, 2, 282, 1090]
[:key_down_raw, 111, 0, 2, 283, 1095]
[:key_up_raw, 111, 0, 2, 284, 1098]
[:key_down_raw, 111, 0, 2, 285, 1103]
[:key_up_raw, 111, 0, 2, 286, 1107]
[:key_down_raw, 1073742051, 1024, 2, 287, 1165]
[:key_down_raw, 113, 1024, 2, 288, 1166]
