replay_version 2.0
stopped_at 1328
seed 100
recorded_at 2022-10-10 14:13:00 -0500
[:mouse_button_up, 1, 0, 1, 1, 5]
[:key_down_raw, 106, 0, 2, 2, 128]
[:key_up_raw, 106, 0, 2, 3, 133]
[:key_down_raw, 106, 0, 2, 4, 140]
[:key_up_raw, 106, 0, 2, 5, 144]
[:key_down_raw, 106, 0, 2, 6, 152]
[:key_up_raw, 106, 0, 2, 7, 157]
[:key_down_raw, 106, 0, 2, 8, 170]
[:key_up_raw, 106, 0, 2, 9, 175]
[:key_down_raw, 106, 0, 2, 10, 181]
[:key_up_raw, 106, 0, 2, 11, 189]
[:key_down_raw, 106, 0, 2, 12, 228]
[:key_up_raw, 106, 0, 2, 13, 233]
[:key_down_raw, 106, 0, 2, 14, 239]
[:key_up_raw, 106, 0, 2, 15, 244]
[:key_down_raw, 106, 0, 2, 16, 251]
[:key_up_raw, 106, 0, 2, 17, 256]
[:key_down_raw, 106, 0, 2, 18, 261]
[:key_up_raw, 106, 0, 2, 19, 267]
[:key_down_raw, 106, 0, 2, 20, 283]
[:key_up_raw, 106, 0, 2, 21, 287]
[:key_down_raw, 106, 0, 2, 22, 294]
[:key_up_raw, 106, 0, 2, 23, 299]
[:key_down_raw, 106, 0, 2, 24, 305]
[:key_up_raw, 106, 0, 2, 25, 308]
[:key_down_raw, 106, 0, 2, 26, 312]
[:key_up_raw, 106, 0, 2, 27, 317]
[:key_down_raw, 106, 0, 2, 28, 332]
[:key_up_raw, 106, 0, 2, 29, 338]
[:key_down_raw, 106, 0, 2, 30, 344]
[:key_up_raw, 106, 0, 2, 31, 349]
[:key_down_raw, 106, 0, 2, 32, 354]
[:key_up_raw, 106, 0, 2, 33, 358]
[:key_down_raw, 106, 0, 2, 34, 363]
[:key_up_raw, 106, 0, 2, 35, 367]
[:key_down_raw, 1073741903, 0, 2, 36, 384]
[:key_down_raw, 1073741906, 0, 2, 37, 392]
[:key_down_raw, 106, 0, 2, 38, 395]
[:key_up_raw, 106, 0, 2, 39, 400]
[:key_down_raw, 106, 0, 2, 40, 404]
[:key_up_raw, 106, 0, 2, 41, 409]
[:key_down_raw, 106, 0, 2, 42, 417]
[:key_up_raw, 106, 0, 2, 43, 424]
[:key_down_raw, 106, 0, 2, 44, 431]
[:key_up_raw, 106, 0, 2, 45, 436]
[:key_down_raw, 106, 0, 2, 46, 441]
[:key_up_raw, 106, 0, 2, 47, 445]
[:key_down_raw, 106, 0, 2, 48, 450]
[:key_down_raw, 1073741904, 0, 2, 49, 452]
[:key_up_raw, 1073741903, 0, 2, 50, 453]
[:key_up_raw, 106, 0, 2, 51, 455]
[:key_up_raw, 1073741906, 0, 2, 52, 457]
[:key_down_raw, 106, 0, 2, 53, 459]
[:key_up_raw, 106, 0, 2, 54, 466]
[:key_down_raw, 106, 0, 2, 55, 471]
[:key_down_raw, 1073741906, 0, 2, 56, 472]
[:key_up_raw, 106, 0, 2, 57, 476]
[:key_down_raw, 106, 0, 2, 58, 482]
[:key_up_raw, 106, 0, 2, 59, 486]
[:key_down_raw, 106, 0, 2, 60, 491]
[:key_up_raw, 106, 0, 2, 61, 496]
[:key_down_raw, 106, 0, 2, 62, 508]
[:key_up_raw, 106, 0, 2, 63, 513]
[:key_down_raw, 106, 0, 2, 64, 518]
[:key_up_raw, 106, 0, 2, 65, 523]
[:key_down_raw, 106, 0, 2, 66, 527]
[:key_up_raw, 106, 0, 2, 67, 533]
[:key_up_raw, 1073741904, 0, 2, 68, 544]
[:key_down_raw, 106, 0, 2, 69, 545]
[:key_down_raw, 1073741903, 0, 2, 70, 546]
[:key_up_raw, 1073741906, 0, 2, 71, 546]
[:key_up_raw, 106, 0, 2, 72, 551]
[:key_down_raw, 106, 0, 2, 73, 555]
[:key_up_raw, 106, 0, 2, 74, 560]
[:key_down_raw, 106, 0, 2, 75, 564]
[:key_down_raw, 1073741906, 0, 2, 76, 566]
[:key_up_raw, 106, 0, 2, 77, 569]
[:key_down_raw, 106, 0, 2, 78, 572]
[:key_up_raw, 1073741906, 0, 2, 79, 574]
[:key_up_raw, 106, 0, 2, 80, 579]
[:key_down_raw, 106, 0, 2, 81, 582]
[:key_up_raw, 106, 0, 2, 82, 587]
[:key_down_raw, 1073741904, 0, 2, 83, 592]
[:key_up_raw, 1073741903, 0, 2, 84, 592]
[:key_down_raw, 106, 0, 2, 85, 597]
[:key_up_raw, 106, 0, 2, 86, 604]
[:key_down_raw, 106, 0, 2, 87, 608]
[:key_up_raw, 106, 0, 2, 88, 614]
[:key_down_raw, 106, 0, 2, 89, 619]
[:key_up_raw, 106, 0, 2, 90, 623]
[:key_down_raw, 106, 0, 2, 91, 628]
[:key_up_raw, 106, 0, 2, 92, 633]
[:key_down_raw, 106, 0, 2, 93, 665]
[:key_up_raw, 106, 0, 2, 94, 670]
[:key_down_raw, 106, 0, 2, 95, 675]
[:key_up_raw, 106, 0, 2, 96, 680]
[:key_down_raw, 106, 0, 2, 97, 685]
[:key_up_raw, 1073741904, 0, 2, 98, 690]
[:key_down_raw, 1073741903, 0, 2, 99, 690]
[:key_up_raw, 106, 0, 2, 100, 690]
[:key_down_raw, 106, 0, 2, 101, 699]
[:key_up_raw, 106, 0, 2, 102, 704]
[:key_down_raw, 106, 0, 2, 103, 709]
[:key_up_raw, 106, 0, 2, 104, 715]
[:key_down_raw, 106, 0, 2, 105, 727]
[:key_up_raw, 106, 0, 2, 106, 733]
[:key_down_raw, 1073741904, 0, 2, 107, 745]
[:key_up_raw, 1073741903, 0, 2, 108, 746]
[:key_down_raw, 106, 0, 2, 109, 751]
[:key_up_raw, 106, 0, 2, 110, 758]
[:key_down_raw, 106, 0, 2, 111, 761]
[:key_up_raw, 106, 0, 2, 112, 768]
[:key_up_raw, 1073741904, 0, 2, 113, 785]
[:key_down_raw, 1073741903, 0, 2, 114, 785]
[:key_down_raw, 106, 0, 2, 115, 790]
[:key_up_raw, 106, 0, 2, 116, 795]
[:key_down_raw, 106, 0, 2, 117, 799]
[:key_up_raw, 106, 0, 2, 118, 804]
[:key_down_raw, 1073741904, 0, 2, 119, 823]
[:key_up_raw, 1073741903, 0, 2, 120, 826]
[:key_down_raw, 106, 0, 2, 121, 832]
[:key_up_raw, 106, 0, 2, 122, 835]
[:key_down_raw, 106, 0, 2, 123, 841]
[:key_up_raw, 106, 0, 2, 124, 846]
[:key_down_raw, 106, 0, 2, 125, 883]
[:key_up_raw, 106, 0, 2, 126, 889]
[:key_down_raw, 106, 0, 2, 127, 892]
[:key_up_raw, 106, 0, 2, 128, 898]
[:key_up_raw, 1073741904, 0, 2, 129, 933]
[:key_down_raw, 1073741906, 0, 2, 130, 993]
[:key_up_raw, 1073741906, 0, 2, 131, 999]
[:key_down_raw, 1073741906, 0, 2, 132, 1005]
[:key_up_raw, 1073741906, 0, 2, 133, 1012]
[:key_down_raw, 1073741903, 0, 2, 134, 1031]
[:key_down_raw, 1073741906, 0, 2, 135, 1043]
[:key_up_raw, 1073741906, 0, 2, 136, 1050]
[:key_down_raw, 1073741906, 0, 2, 137, 1067]
[:key_up_raw, 1073741906, 0, 2, 138, 1073]
[:key_down_raw, 1073741906, 0, 2, 139, 1089]
[:key_up_raw, 1073741903, 0, 2, 140, 1097]
[:key_up_raw, 1073741906, 0, 2, 141, 1102]
[:key_down_raw, 1073741904, 0, 2, 142, 1112]
[:key_down_raw, 1073741906, 0, 2, 143, 1123]
[:key_up_raw, 1073741906, 0, 2, 144, 1128]
[:key_down_raw, 1073741906, 0, 2, 145, 1149]
[:key_up_raw, 1073741906, 0, 2, 146, 1155]
[:key_up_raw, 1073741904, 0, 2, 147, 1165]
[:key_down_raw, 1073741903, 0, 2, 148, 1170]
[:key_down_raw, 1073741906, 0, 2, 149, 1184]
[:key_up_raw, 1073741906, 0, 2, 150, 1190]
[:key_down_raw, 1073741906, 0, 2, 151, 1203]
[:key_up_raw, 1073741906, 0, 2, 152, 1211]
[:key_up_raw, 1073741903, 0, 2, 153, 1217]
[:key_down_raw, 96, 0, 2, 154, 1264]
[:key_up_raw, 96, 0, 2, 155, 1268]
[:key_down_raw, 13, 0, 2, 156, 1328]
