replay_version 2.0
stopped_at 805
seed 100
recorded_at Sat Jul 17 09:26:10 2021
[:mouse_button_up, 1, 0, 1, 1, 6]
[:key_down_raw, 1073741906, 0, 2, 2, 69]
[:key_down_raw, 1073741906, 0, 2, 3, 83]
[:key_down_raw, 1073741906, 0, 2, 4, 85]
[:key_down_raw, 1073741906, 0, 2, 5, 87]
[:key_down_raw, 1073741906, 0, 2, 6, 89]
[:key_down_raw, 1073741906, 0, 2, 7, 91]
[:key_down_raw, 1073741906, 0, 2, 8, 93]
[:key_down_raw, 1073741906, 0, 2, 9, 95]
[:key_down_raw, 1073741906, 0, 2, 10, 97]
[:key_down_raw, 1073741906, 0, 2, 11, 99]
[:key_down_raw, 1073741906, 0, 2, 12, 101]
[:key_down_raw, 1073741906, 0, 2, 13, 103]
[:key_down_raw, 1073741906, 0, 2, 14, 105]
[:key_down_raw, 1073741906, 0, 2, 15, 107]
[:key_down_raw, 1073741906, 0, 2, 16, 109]
[:key_down_raw, 1073741906, 0, 2, 17, 111]
[:key_down_raw, 1073741906, 0, 2, 18, 113]
[:key_down_raw, 1073741906, 0, 2, 19, 115]
[:key_down_raw, 1073741906, 0, 2, 20, 117]
[:key_down_raw, 1073741906, 0, 2, 21, 119]
[:key_down_raw, 1073741906, 0, 2, 22, 121]
[:key_down_raw, 1073741906, 0, 2, 23, 123]
[:key_down_raw, 1073741906, 0, 2, 24, 125]
[:key_down_raw, 1073741906, 0, 2, 25, 127]
[:key_down_raw, 1073741906, 0, 2, 26, 129]
[:key_up_raw, 1073741906, 0, 2, 27, 130]
[:key_down_raw, 1073741903, 0, 2, 28, 131]
[:key_down_raw, 1073741903, 0, 2, 29, 146]
[:key_down_raw, 1073741903, 0, 2, 30, 148]
[:key_down_raw, 1073741903, 0, 2, 31, 150]
[:key_down_raw, 1073741903, 0, 2, 32, 152]
[:key_down_raw, 1073741903, 0, 2, 33, 154]
[:key_down_raw, 1073741903, 0, 2, 34, 156]
[:key_down_raw, 1073741903, 0, 2, 35, 158]
[:key_down_raw, 1073741903, 0, 2, 36, 160]
[:key_down_raw, 1073741903, 0, 2, 37, 162]
[:key_down_raw, 1073741903, 0, 2, 38, 164]
[:key_down_raw, 1073741903, 0, 2, 39, 166]
[:key_down_raw, 1073741903, 0, 2, 40, 168]
[:key_down_raw, 1073741903, 0, 2, 41, 170]
[:key_down_raw, 1073741903, 0, 2, 42, 172]
[:key_down_raw, 1073741903, 0, 2, 43, 174]
[:key_down_raw, 1073741903, 0, 2, 44, 176]
[:key_down_raw, 1073741903, 0, 2, 45, 178]
[:key_down_raw, 1073741903, 0, 2, 46, 180]
[:key_down_raw, 1073741903, 0, 2, 47, 182]
[:key_down_raw, 1073741903, 0, 2, 48, 184]
[:key_down_raw, 1073741903, 0, 2, 49, 186]
[:key_down_raw, 1073741903, 0, 2, 50, 189]
[:key_down_raw, 1073741903, 0, 2, 51, 190]
[:key_down_raw, 1073741903, 0, 2, 52, 192]
[:key_down_raw, 1073741903, 0, 2, 53, 194]
[:key_down_raw, 1073741903, 0, 2, 54, 196]
[:key_down_raw, 1073741903, 0, 2, 55, 198]
[:key_down_raw, 1073741903, 0, 2, 56, 200]
[:key_down_raw, 1073741903, 0, 2, 57, 203]
[:key_down_raw, 1073741903, 0, 2, 58, 204]
[:key_down_raw, 1073741903, 0, 2, 59, 206]
[:key_down_raw, 1073741903, 0, 2, 60, 208]
[:key_down_raw, 1073741903, 0, 2, 61, 210]
[:key_down_raw, 1073741903, 0, 2, 62, 212]
[:key_down_raw, 1073741903, 0, 2, 63, 214]
[:key_down_raw, 1073741903, 0, 2, 64, 216]
[:key_down_raw, 1073741903, 0, 2, 65, 218]
[:key_down_raw, 1073741903, 0, 2, 66, 220]
[:key_down_raw, 1073741904, 0, 2, 67, 221]
[:key_up_raw, 1073741903, 0, 2, 68, 225]
[:key_down_raw, 1073741904, 0, 2, 69, 236]
[:key_down_raw, 1073741904, 0, 2, 70, 238]
[:key_down_raw, 1073741904, 0, 2, 71, 240]
[:key_down_raw, 1073741904, 0, 2, 72, 242]
[:key_down_raw, 1073741904, 0, 2, 73, 244]
[:key_down_raw, 1073741904, 0, 2, 74, 246]
[:key_down_raw, 1073741904, 0, 2, 75, 248]
[:key_down_raw, 1073741904, 0, 2, 76, 250]
[:key_up_raw, 1073741904, 0, 2, 77, 251]
[:key_down_raw, 1073741906, 0, 2, 78, 253]
[:key_down_raw, 1073741906, 0, 2, 79, 268]
[:key_down_raw, 1073741906, 0, 2, 80, 270]
[:key_down_raw, 1073741906, 0, 2, 81, 272]
[:key_down_raw, 1073741906, 0, 2, 82, 275]
[:key_down_raw, 1073741906, 0, 2, 83, 276]
[:key_down_raw, 1073741906, 0, 2, 84, 278]
[:key_down_raw, 1073741906, 0, 2, 85, 280]
[:key_down_raw, 1073741906, 0, 2, 86, 283]
[:key_down_raw, 1073741906, 0, 2, 87, 285]
[:key_down_raw, 1073741906, 0, 2, 88, 287]
[:key_down_raw, 1073741906, 0, 2, 89, 289]
[:key_down_raw, 1073741906, 0, 2, 90, 291]
[:key_down_raw, 1073741906, 0, 2, 91, 293]
[:key_down_raw, 1073741906, 0, 2, 92, 294]
[:key_down_raw, 1073741906, 0, 2, 93, 296]
[:key_down_raw, 1073741906, 0, 2, 94, 299]
[:key_down_raw, 1073741906, 0, 2, 95, 301]
[:key_down_raw, 1073741906, 0, 2, 96, 303]
[:key_up_raw, 1073741906, 0, 2, 97, 303]
[:key_down_raw, 1073741905, 0, 2, 98, 307]
[:key_down_raw, 1073741905, 0, 2, 99, 322]
[:key_down_raw, 1073741905, 0, 2, 100, 324]
[:key_down_raw, 1073741905, 0, 2, 101, 326]
[:key_down_raw, 1073741905, 0, 2, 102, 328]
[:key_down_raw, 1073741905, 0, 2, 103, 330]
[:key_down_raw, 1073741905, 0, 2, 104, 332]
[:key_down_raw, 1073741905, 0, 2, 105, 334]
[:key_down_raw, 1073741905, 0, 2, 106, 336]
[:key_up_raw, 1073741905, 0, 2, 107, 336]
[:key_down_raw, 1073741903, 0, 2, 108, 337]
[:key_down_raw, 1073741906, 0, 2, 109, 342]
[:key_down_raw, 1073741906, 0, 2, 110, 357]
[:key_down_raw, 1073741906, 0, 2, 111, 359]
[:key_down_raw, 1073741906, 0, 2, 112, 361]
[:key_down_raw, 1073741906, 0, 2, 113, 363]
[:key_down_raw, 1073741906, 0, 2, 114, 365]
[:key_down_raw, 1073741906, 0, 2, 115, 367]
[:key_down_raw, 1073741906, 0, 2, 116, 369]
[:key_down_raw, 1073741906, 0, 2, 117, 371]
[:key_down_raw, 1073741906, 0, 2, 118, 373]
[:key_down_raw, 1073741906, 0, 2, 119, 375]
[:key_down_raw, 1073741906, 0, 2, 120, 377]
[:key_down_raw, 1073741906, 0, 2, 121, 379]
[:key_down_raw, 1073741906, 0, 2, 122, 381]
[:key_down_raw, 1073741906, 0, 2, 123, 383]
[:key_down_raw, 1073741906, 0, 2, 124, 385]
[:key_down_raw, 1073741906, 0, 2, 125, 387]
[:key_down_raw, 1073741906, 0, 2, 126, 389]
[:key_down_raw, 1073741906, 0, 2, 127, 391]
[:key_up_raw, 1073741903, 0, 2, 128, 392]
[:key_down_raw, 1073741906, 0, 2, 129, 393]
[:key_up_raw, 1073741906, 0, 2, 130, 394]
[:key_down_raw, 1073741904, 0, 2, 131, 404]
[:key_down_raw, 1073741905, 0, 2, 132, 407]
[:key_down_raw, 1073741905, 0, 2, 133, 421]
[:key_down_raw, 1073741905, 0, 2, 134, 423]
[:key_down_raw, 1073741905, 0, 2, 135, 425]
[:key_down_raw, 1073741905, 0, 2, 136, 428]
[:key_down_raw, 1073741905, 0, 2, 137, 429]
[:key_down_raw, 1073741905, 0, 2, 138, 431]
[:key_down_raw, 1073741905, 0, 2, 139, 433]
[:key_down_raw, 1073741905, 0, 2, 140, 435]
[:key_down_raw, 1073741905, 0, 2, 141, 437]
[:key_down_raw, 1073741905, 0, 2, 142, 439]
[:key_down_raw, 1073741905, 0, 2, 143, 441]
[:key_down_raw, 1073741905, 0, 2, 144, 443]
[:key_down_raw, 1073741905, 0, 2, 145, 445]
[:key_down_raw, 1073741905, 0, 2, 146, 447]
[:key_down_raw, 1073741905, 0, 2, 147, 449]
[:key_up_raw, 1073741905, 0, 2, 148, 451]
[:key_up_raw, 1073741904, 0, 2, 149, 453]
[:key_down_raw, 1073741904, 0, 2, 150, 456]
[:key_up_raw, 1073741904, 0, 2, 151, 462]
[:key_down_raw, 1073741905, 0, 2, 152, 464]
[:key_down_raw, 1073741905, 0, 2, 153, 479]
[:key_down_raw, 1073741905, 0, 2, 154, 481]
[:key_down_raw, 1073741905, 0, 2, 155, 483]
[:key_down_raw, 1073741905, 0, 2, 156, 485]
[:key_down_raw, 1073741905, 0, 2, 157, 487]
[:key_down_raw, 1073741905, 0, 2, 158, 489]
[:key_down_raw, 1073741905, 0, 2, 159, 491]
[:key_down_raw, 1073741905, 0, 2, 160, 493]
[:key_down_raw, 1073741905, 0, 2, 161, 495]
[:key_down_raw, 1073741905, 0, 2, 162, 497]
[:key_down_raw, 1073741905, 0, 2, 163, 499]
[:key_down_raw, 1073741906, 0, 2, 164, 500]
[:key_down_raw, 1073741906, 0, 2, 165, 515]
[:key_down_raw, 1073741906, 0, 2, 166, 517]
[:key_down_raw, 1073741906, 0, 2, 167, 519]
[:key_down_raw, 1073741906, 0, 2, 168, 521]
[:key_down_raw, 1073741906, 0, 2, 169, 523]
[:key_down_raw, 1073741906, 0, 2, 170, 525]
[:key_down_raw, 1073741906, 0, 2, 171, 527]
[:key_down_raw, 1073741906, 0, 2, 172, 529]
[:key_down_raw, 1073741906, 0, 2, 173, 531]
[:key_down_raw, 1073741906, 0, 2, 174, 533]
[:key_down_raw, 1073741906, 0, 2, 175, 535]
[:key_down_raw, 1073741906, 0, 2, 176, 537]
[:key_down_raw, 1073741906, 0, 2, 177, 539]
[:key_down_raw, 1073741906, 0, 2, 178, 541]
[:key_down_raw, 1073741906, 0, 2, 179, 543]
[:key_down_raw, 1073741906, 0, 2, 180, 545]
[:key_down_raw, 1073741903, 0, 2, 181, 547]
[:key_up_raw, 1073741905, 0, 2, 182, 555]
[:key_down_raw, 1073741905, 0, 2, 183, 558]
[:key_up_raw, 1073741906, 0, 2, 184, 564]
[:key_down_raw, 1073741905, 0, 2, 185, 573]
[:key_down_raw, 1073741905, 0, 2, 186, 575]
[:key_down_raw, 1073741905, 0, 2, 187, 577]
[:key_down_raw, 1073741905, 0, 2, 188, 579]
[:key_down_raw, 1073741905, 0, 2, 189, 581]
[:key_down_raw, 1073741905, 0, 2, 190, 583]
[:key_down_raw, 1073741905, 0, 2, 191, 585]
[:key_down_raw, 1073741905, 0, 2, 192, 587]
[:key_down_raw, 1073741905, 0, 2, 193, 589]
[:key_down_raw, 1073741905, 0, 2, 194, 591]
[:key_down_raw, 1073741905, 0, 2, 195, 593]
[:key_down_raw, 1073741905, 0, 2, 196, 595]
[:key_down_raw, 1073741905, 0, 2, 197, 597]
[:key_down_raw, 1073741905, 0, 2, 198, 599]
[:key_down_raw, 1073741905, 0, 2, 199, 601]
[:key_down_raw, 1073741905, 0, 2, 200, 603]
[:key_down_raw, 1073741905, 0, 2, 201, 605]
[:key_up_raw, 1073741905, 0, 2, 202, 605]
[:key_up_raw, 1073741903, 0, 2, 203, 606]
[:key_down_raw, 96, 0, 2, 204, 640]
[:key_up_raw, 96, 0, 2, 205, 646]
[:mouse_move, 796, 95, 2, 206, 683]
[:mouse_move, 798, 95, 2, 207, 684]
[:mouse_move, 808, 94, 2, 208, 685]
[:mouse_move, 814, 94, 2, 209, 686]
[:mouse_move, 826, 94, 2, 210, 687]
[:mouse_move, 832, 94, 2, 211, 688]
[:mouse_move, 842, 94, 2, 212, 689]
[:mouse_move, 846, 94, 2, 213, 690]
[:mouse_move, 856, 93, 2, 214, 691]
[:mouse_move, 860, 93, 2, 215, 692]
[:mouse_move, 867, 93, 2, 216, 693]
[:mouse_move, 869, 93, 2, 217, 694]
[:mouse_move, 870, 93, 2, 218, 695]
[:mouse_move, 871, 93, 2, 219, 697]
[:mouse_move, 872, 93, 2, 220, 698]
[:mouse_move, 873, 93, 2, 221, 699]
[:mouse_move, 874, 93, 2, 222, 701]
[:mouse_move, 875, 93, 2, 223, 703]
[:mouse_move, 877, 94, 2, 224, 704]
[:mouse_move, 878, 94, 2, 225, 705]
[:mouse_move, 879, 94, 2, 226, 706]
[:mouse_move, 869, 95, 2, 227, 758]
[:mouse_move, 864, 96, 2, 228, 759]
[:mouse_move, 856, 96, 2, 229, 760]
[:mouse_move, 852, 96, 2, 230, 761]
[:mouse_move, 834, 96, 2, 231, 762]
[:mouse_move, 821, 96, 2, 232, 763]
[:mouse_move, 797, 96, 2, 233, 764]
[:mouse_move, 789, 96, 2, 234, 765]
[:mouse_move, 780, 94, 2, 235, 766]
[:mouse_move, 779, 94, 2, 236, 767]
[:key_down_raw, 13, 0, 2, 237, 805]
