replay_version 2.0
stopped_at 987
seed 100
recorded_at Sun Sep 29 22:36:39 2019
[:mouse_move, 793, 490, 2, 1, 58]
[:mouse_move, 782, 488, 2, 2, 59]
[:mouse_move, 777, 488, 2, 3, 60]
[:mouse_move, 769, 487, 2, 4, 61]
[:mouse_move, 703, 487, 2, 5, 62]
[:mouse_move, 658, 487, 2, 6, 62]
[:mouse_move, 547, 495, 2, 7, 64]
[:mouse_move, 482, 507, 2, 8, 65]
[:mouse_move, 435, 519, 2, 9, 66]
[:mouse_move, 420, 523, 2, 10, 67]
[:mouse_move, 393, 531, 2, 11, 68]
[:mouse_move, 373, 537, 2, 12, 69]
[:mouse_move, 369, 538, 2, 13, 70]
[:mouse_move, 366, 538, 2, 14, 71]
[:mouse_move, 365, 539, 2, 15, 72]
[:mouse_move, 364, 539, 2, 16, 73]
[:mouse_move, 364, 538, 2, 17, 76]
[:mouse_move, 363, 540, 2, 18, 78]
[:mouse_move, 361, 545, 2, 19, 79]
[:mouse_move, 353, 558, 2, 20, 80]
[:mouse_move, 329, 593, 2, 21, 81]
[:mouse_move, 322, 603, 2, 22, 82]
[:mouse_move, 289, 646, 2, 23, 83]
[:mouse_move, 274, 662, 2, 24, 84]
[:mouse_move, 248, 685, 2, 25, 85]
[:mouse_move, 237, 690, 2, 26, 87]
[:mouse_move, 232, 692, 2, 27, 88]
[:mouse_move, 223, 693, 2, 28, 89]
[:mouse_move, 221, 693, 2, 29, 100]
[:mouse_move, 202, 693, 2, 30, 101]
[:mouse_move, 191, 693, 2, 31, 102]
[:mouse_move, 176, 693, 2, 32, 103]
[:mouse_move, 170, 693, 2, 33, 104]
[:mouse_move, 151, 693, 2, 34, 105]
[:mouse_move, 142, 693, 2, 35, 106]
[:mouse_move, 129, 695, 2, 36, 107]
[:mouse_move, 113, 699, 2, 37, 108]
[:mouse_move, 109, 700, 2, 38, 109]
[:mouse_move, 96, 705, 2, 39, 110]
[:mouse_move, 94, 705, 2, 40, 111]
[:mouse_move, 81, 709, 2, 41, 112]
[:mouse_move, 78, 709, 2, 42, 113]
[:mouse_move, 69, 711, 2, 43, 114]
[:mouse_move, 68, 711, 2, 44, 115]
[:mouse_move, 62, 711, 2, 45, 116]
[:mouse_move, 59, 711, 2, 46, 117]
[:mouse_move, 56, 711, 2, 47, 118]
[:mouse_move, 54, 711, 2, 48, 119]
[:mouse_move, 48, 711, 2, 49, 120]
[:mouse_move, 46, 711, 2, 50, 121]
[:mouse_move, 39, 711, 2, 51, 122]
[:mouse_move, 35, 711, 2, 52, 123]
[:mouse_move, 31, 711, 2, 53, 124]
[:mouse_move, 28, 711, 2, 54, 125]
[:mouse_move, 26, 711, 2, 55, 126]
[:mouse_move, 24, 711, 2, 56, 127]
[:mouse_move, 23, 710, 2, 57, 128]
[:mouse_move, 22, 710, 2, 58, 130]
[:mouse_move, 23, 710, 2, 59, 134]
[:mouse_move, 25, 710, 2, 60, 136]
[:mouse_move, 26, 710, 2, 61, 137]
[:mouse_move, 28, 710, 2, 62, 138]
[:mouse_move, 33, 710, 2, 63, 139]
[:mouse_move, 37, 709, 2, 64, 140]
[:mouse_move, 47, 707, 2, 65, 141]
[:mouse_move, 53, 705, 2, 66, 142]
[:mouse_move, 63, 704, 2, 67, 143]
[:mouse_move, 67, 703, 2, 68, 144]
[:mouse_move, 73, 703, 2, 69, 145]
[:mouse_move, 76, 703, 2, 70, 146]
[:mouse_move, 81, 703, 2, 71, 147]
[:mouse_move, 84, 703, 2, 72, 148]
[:mouse_move, 87, 703, 2, 73, 149]
[:mouse_move, 88, 703, 2, 74, 150]
[:mouse_move, 91, 703, 2, 75, 151]
[:mouse_move, 93, 703, 2, 76, 152]
[:mouse_move, 95, 704, 2, 77, 153]
[:mouse_move, 97, 704, 2, 78, 154]
[:mouse_move, 100, 704, 2, 79, 155]
[:mouse_move, 101, 705, 2, 80, 156]
[:mouse_move, 103, 705, 2, 81, 157]
[:mouse_move, 104, 705, 2, 82, 159]
[:mouse_move, 104, 706, 2, 83, 160]
[:mouse_move, 105, 706, 2, 84, 161]
[:mouse_move, 106, 707, 2, 85, 163]
[:mouse_move, 107, 708, 2, 86, 165]
[:mouse_move, 108, 708, 2, 87, 166]
[:mouse_move, 109, 708, 2, 88, 167]
[:mouse_move, 111, 709, 2, 89, 168]
[:mouse_move, 113, 709, 2, 90, 169]
[:mouse_move, 115, 709, 2, 91, 170]
[:mouse_move, 117, 709, 2, 92, 172]
[:mouse_move, 118, 709, 2, 93, 179]
[:mouse_move, 121, 708, 2, 94, 190]
[:mouse_move, 126, 706, 2, 95, 191]
[:mouse_move, 131, 704, 2, 96, 192]
[:mouse_move, 145, 697, 2, 97, 193]
[:mouse_move, 159, 689, 2, 98, 194]
[:mouse_move, 181, 678, 2, 99, 195]
[:mouse_move, 187, 675, 2, 100, 196]
[:mouse_move, 201, 669, 2, 101, 197]
[:mouse_move, 217, 662, 2, 102, 198]
[:mouse_move, 222, 661, 2, 103, 199]
[:mouse_move, 226, 660, 2, 104, 200]
[:mouse_move, 231, 660, 2, 105, 201]
[:mouse_move, 233, 660, 2, 106, 202]
[:mouse_move, 235, 660, 2, 107, 203]
[:mouse_move, 236, 660, 2, 108, 204]
[:mouse_move, 238, 660, 2, 109, 205]
[:mouse_move, 239, 660, 2, 110, 206]
[:mouse_move, 243, 661, 2, 111, 207]
[:mouse_move, 245, 661, 2, 112, 208]
[:mouse_move, 249, 662, 2, 113, 209]
[:mouse_move, 252, 662, 2, 114, 210]
[:mouse_move, 257, 662, 2, 115, 211]
[:mouse_move, 258, 663, 2, 116, 212]
[:mouse_move, 263, 663, 2, 117, 213]
[:mouse_move, 265, 663, 2, 118, 214]
[:mouse_move, 267, 663, 2, 119, 215]
[:mouse_move, 268, 663, 2, 120, 217]
[:mouse_move, 269, 663, 2, 121, 218]
[:mouse_move, 270, 663, 2, 122, 224]
[:mouse_move, 271, 663, 2, 123, 225]
[:mouse_move, 274, 663, 2, 124, 226]
[:mouse_move, 275, 663, 2, 125, 227]
[:mouse_move, 278, 663, 2, 126, 228]
[:mouse_move, 279, 663, 2, 127, 229]
[:mouse_move, 280, 664, 2, 128, 232]
[:mouse_move, 281, 664, 2, 129, 241]
[:mouse_move, 281, 665, 2, 130, 242]
[:mouse_move, 282, 665, 2, 131, 244]
[:mouse_move, 283, 665, 2, 132, 246]
[:mouse_move, 283, 666, 2, 133, 247]
[:mouse_move, 283, 667, 2, 134, 292]
[:mouse_move, 283, 668, 2, 135, 295]
[:mouse_move, 283, 670, 2, 136, 296]
[:mouse_move, 283, 671, 2, 137, 297]
[:mouse_move, 283, 674, 2, 138, 298]
[:mouse_move, 283, 676, 2, 139, 299]
[:mouse_move, 283, 680, 2, 140, 300]
[:mouse_move, 283, 682, 2, 141, 301]
[:mouse_move, 283, 684, 2, 142, 303]
[:mouse_move, 283, 686, 2, 143, 304]
[:mouse_move, 283, 687, 2, 144, 306]
[:mouse_move, 283, 688, 2, 145, 307]
[:mouse_move, 283, 689, 2, 146, 308]
[:mouse_move, 283, 690, 2, 147, 309]
[:mouse_move, 283, 691, 2, 148, 310]
[:mouse_move, 283, 692, 2, 149, 311]
[:mouse_move, 283, 694, 2, 150, 313]
[:mouse_move, 283, 695, 2, 151, 314]
[:mouse_move, 283, 696, 2, 152, 315]
[:mouse_move, 283, 698, 2, 153, 316]
[:mouse_move, 283, 700, 2, 154, 317]
[:mouse_move, 283, 701, 2, 155, 318]
[:mouse_move, 282, 702, 2, 156, 319]
[:mouse_move, 282, 703, 2, 157, 320]
[:mouse_move, 282, 704, 2, 158, 321]
[:mouse_move, 281, 705, 2, 159, 322]
[:mouse_move, 281, 706, 2, 160, 323]
[:mouse_move, 281, 707, 2, 161, 325]
[:mouse_move, 281, 708, 2, 162, 326]
[:mouse_move, 281, 709, 2, 163, 327]
[:mouse_move, 281, 710, 2, 164, 329]
[:mouse_move, 281, 711, 2, 165, 330]
[:mouse_move, 281, 712, 2, 166, 333]
[:mouse_move, 282, 712, 2, 167, 338]
[:mouse_move, 283, 712, 2, 168, 348]
[:mouse_move, 283, 713, 2, 169, 357]
[:mouse_move, 284, 713, 2, 170, 358]
[:mouse_move, 285, 713, 2, 171, 367]
[:mouse_move, 285, 712, 2, 172, 471]
[:mouse_move, 284, 712, 2, 173, 472]
[:mouse_move, 283, 712, 2, 174, 475]
[:mouse_move, 280, 710, 2, 175, 487]
[:mouse_move, 274, 709, 2, 176, 488]
[:mouse_move, 255, 707, 2, 177, 489]
[:mouse_move, 242, 706, 2, 178, 490]
[:mouse_move, 228, 705, 2, 179, 491]
[:mouse_move, 195, 705, 2, 180, 492]
[:mouse_move, 179, 705, 2, 181, 493]
[:mouse_move, 160, 705, 2, 182, 494]
[:mouse_move, 156, 705, 2, 183, 495]
[:mouse_move, 142, 706, 2, 184, 496]
[:mouse_move, 139, 706, 2, 185, 497]
[:mouse_move, 133, 706, 2, 186, 498]
[:mouse_move, 131, 706, 2, 187, 499]
[:mouse_move, 130, 706, 2, 188, 500]
[:mouse_move, 129, 706, 2, 189, 501]
[:mouse_move, 128, 706, 2, 190, 502]
[:mouse_move, 127, 706, 2, 191, 503]
[:mouse_move, 126, 705, 2, 192, 504]
[:mouse_move, 125, 705, 2, 193, 505]
[:mouse_move, 123, 705, 2, 194, 506]
[:mouse_move, 121, 705, 2, 195, 507]
[:mouse_move, 118, 705, 2, 196, 508]
[:mouse_move, 116, 705, 2, 197, 509]
[:mouse_move, 112, 705, 2, 198, 510]
[:mouse_move, 111, 705, 2, 199, 511]
[:mouse_move, 107, 706, 2, 200, 512]
[:mouse_move, 106, 706, 2, 201, 513]
[:mouse_move, 103, 706, 2, 202, 514]
[:mouse_move, 102, 706, 2, 203, 515]
[:mouse_move, 98, 706, 2, 204, 516]
[:mouse_move, 96, 706, 2, 205, 517]
[:mouse_move, 95, 706, 2, 206, 518]
[:mouse_move, 92, 706, 2, 207, 519]
[:mouse_move, 91, 706, 2, 208, 520]
[:mouse_move, 90, 706, 2, 209, 521]
[:mouse_move, 89, 706, 2, 210, 523]
[:mouse_move, 89, 707, 2, 211, 524]
[:mouse_move, 94, 709, 2, 212, 525]
[:mouse_move, 95, 710, 2, 213, 526]
[:mouse_move, 101, 711, 2, 214, 527]
[:mouse_move, 103, 712, 2, 215, 528]
[:mouse_move, 106, 713, 2, 216, 529]
[:mouse_move, 107, 713, 2, 217, 530]
[:mouse_move, 108, 713, 2, 218, 531]
[:mouse_move, 104, 713, 2, 219, 533]
[:mouse_move, 99, 712, 2, 220, 534]
[:mouse_move, 93, 711, 2, 221, 535]
[:mouse_move, 90, 711, 2, 222, 536]
[:mouse_move, 86, 711, 2, 223, 537]
[:mouse_move, 84, 711, 2, 224, 538]
[:mouse_move, 83, 711, 2, 225, 539]
[:mouse_move, 85, 711, 2, 226, 542]
[:mouse_move, 90, 711, 2, 227, 543]
[:mouse_move, 92, 711, 2, 228, 544]
[:mouse_move, 93, 711, 2, 229, 545]
[:mouse_move, 95, 712, 2, 230, 546]
[:mouse_move, 96, 712, 2, 231, 547]
[:mouse_move, 97, 712, 2, 232, 554]
[:mouse_move, 103, 712, 2, 233, 555]
[:mouse_move, 118, 712, 2, 234, 556]
[:mouse_move, 129, 712, 2, 235, 557]
[:mouse_move, 153, 713, 2, 236, 558]
[:mouse_move, 166, 715, 2, 237, 559]
[:mouse_move, 183, 718, 2, 238, 560]
[:mouse_move, 194, 719, 2, 239, 561]
[:mouse_move, 216, 719, 2, 240, 562]
[:mouse_move, 285, 718, 2, 241, 608]
[:mouse_move, 285, 717, 2, 242, 609]
[:mouse_move, 284, 715, 2, 243, 610]
[:mouse_move, 284, 714, 2, 244, 611]
[:mouse_move, 283, 713, 2, 245, 612]
[:mouse_move, 283, 712, 2, 246, 614]
[:mouse_move, 282, 712, 2, 247, 616]
[:mouse_move, 283, 712, 2, 248, 631]
[:mouse_move, 284, 712, 2, 249, 638]
[:mouse_move, 285, 712, 2, 250, 645]
[:mouse_move, 288, 711, 2, 251, 681]
[:mouse_move, 296, 705, 2, 252, 682]
[:mouse_move, 322, 683, 2, 253, 683]
[:mouse_move, 343, 663, 2, 254, 684]
[:mouse_move, 392, 617, 2, 255, 685]
[:mouse_move, 421, 591, 2, 256, 686]
[:mouse_move, 476, 539, 2, 257, 687]
[:mouse_move, 502, 516, 2, 258, 688]
[:mouse_move, 535, 485, 2, 259, 689]
[:mouse_move, 571, 451, 2, 260, 690]
[:mouse_move, 587, 435, 2, 261, 691]
[:mouse_move, 616, 410, 2, 262, 692]
[:mouse_move, 628, 398, 2, 263, 693]
[:mouse_move, 641, 385, 2, 264, 694]
[:mouse_move, 666, 360, 2, 265, 695]
[:mouse_move, 677, 349, 2, 266, 696]
[:mouse_move, 692, 333, 2, 267, 697]
[:mouse_move, 700, 324, 2, 268, 698]
[:mouse_move, 722, 299, 2, 269, 699]
[:mouse_move, 730, 290, 2, 270, 700]
[:mouse_move, 750, 269, 2, 271, 701]
[:mouse_move, 760, 258, 2, 272, 702]
[:mouse_move, 780, 238, 2, 273, 703]
[:mouse_move, 785, 233, 2, 274, 704]
[:mouse_move, 802, 217, 2, 275, 705]
[:mouse_move, 816, 206, 2, 276, 706]
[:mouse_move, 824, 198, 2, 277, 707]
[:mouse_move, 846, 169, 2, 278, 708]
[:mouse_move, 847, 169, 2, 279, 722]
[:mouse_move, 854, 165, 2, 280, 723]
[:mouse_move, 870, 154, 2, 281, 724]
[:mouse_move, 877, 148, 2, 282, 725]
[:mouse_move, 888, 137, 2, 283, 726]
[:mouse_move, 894, 132, 2, 284, 727]
[:mouse_move, 911, 119, 2, 285, 728]
[:mouse_move, 920, 112, 2, 286, 729]
[:mouse_move, 935, 99, 2, 287, 730]
[:mouse_move, 941, 94, 2, 288, 731]
[:mouse_move, 951, 85, 2, 289, 732]
[:mouse_move, 955, 81, 2, 290, 733]
[:mouse_move, 959, 77, 2, 291, 734]
[:mouse_move, 961, 76, 2, 292, 735]
[:mouse_move, 962, 74, 2, 293, 736]
[:mouse_move, 963, 73, 2, 294, 737]
[:mouse_move, 964, 72, 2, 295, 738]
[:mouse_move, 964, 71, 2, 296, 739]
[:mouse_move, 965, 69, 2, 297, 740]
[:mouse_move, 965, 67, 2, 298, 741]
[:mouse_move, 966, 65, 2, 299, 742]
[:mouse_move, 968, 61, 2, 300, 743]
[:mouse_move, 969, 58, 2, 301, 744]
[:mouse_move, 972, 53, 2, 302, 745]
[:mouse_move, 973, 51, 2, 303, 746]
[:mouse_move, 975, 48, 2, 304, 747]
[:mouse_move, 976, 46, 2, 305, 748]
[:mouse_move, 979, 43, 2, 306, 749]
[:mouse_move, 980, 42, 2, 307, 750]
[:mouse_move, 983, 39, 2, 308, 751]
[:mouse_move, 984, 38, 2, 309, 752]
[:mouse_move, 987, 35, 2, 310, 753]
[:mouse_move, 988, 34, 2, 311, 754]
[:mouse_move, 990, 32, 2, 312, 755]
[:mouse_move, 991, 32, 2, 313, 756]
[:mouse_move, 992, 30, 2, 314, 757]
[:mouse_move, 993, 28, 2, 315, 759]
[:mouse_move, 993, 27, 2, 316, 760]
[:mouse_move, 993, 25, 2, 317, 761]
[:mouse_move, 993, 24, 2, 318, 762]
[:mouse_move, 993, 23, 2, 319, 763]
[:mouse_move, 993, 21, 2, 320, 764]
[:mouse_move, 993, 20, 2, 321, 765]
[:mouse_move, 993, 19, 2, 322, 766]
[:mouse_move, 994, 18, 2, 323, 767]
[:mouse_move, 994, 16, 2, 324, 768]
[:mouse_move, 994, 14, 2, 325, 770]
[:mouse_move, 995, 13, 2, 326, 772]
[:mouse_move, 995, 12, 2, 327, 774]
[:mouse_move, 995, 11, 2, 328, 776]
[:mouse_move, 995, 10, 2, 329, 778]
[:mouse_move, 996, 10, 2, 330, 781]
[:mouse_move, 996, 9, 2, 331, 788]
[:mouse_move, 996, 8, 2, 332, 793]
[:key_down_raw, 1073742051, 1024, 2, 333, 986]
[:key_down_raw, 113, 1024, 2, 334, 986]
[:key_up_raw, 113, 1024, 2, 335, 986]
