replay_version 2.0
stopped_at 1227
seed 100
recorded_at Sun Sep 29 22:35:15 2019
[:mouse_move, 610, 150, 2, 1, 136]
[:mouse_move, 595, 157, 2, 2, 137]
[:mouse_move, 580, 169, 2, 3, 138]
[:mouse_move, 558, 189, 2, 4, 139]
[:mouse_move, 546, 200, 2, 5, 140]
[:mouse_move, 522, 222, 2, 6, 141]
[:mouse_move, 472, 262, 2, 7, 142]
[:mouse_move, 461, 270, 2, 8, 143]
[:mouse_move, 432, 291, 2, 9, 144]
[:mouse_move, 417, 301, 2, 10, 145]
[:mouse_move, 409, 306, 2, 11, 146]
[:mouse_move, 399, 313, 2, 12, 147]
[:mouse_move, 391, 315, 2, 13, 148]
[:mouse_move, 386, 315, 2, 14, 149]
[:mouse_move, 380, 317, 2, 15, 150]
[:mouse_move, 378, 317, 2, 16, 151]
[:mouse_move, 375, 318, 2, 17, 152]
[:mouse_move, 373, 319, 2, 18, 153]
[:mouse_move, 377, 329, 2, 19, 154]
[:mouse_move, 401, 349, 2, 20, 155]
[:mouse_move, 528, 437, 2, 21, 156]
[:mouse_move, 612, 485, 2, 22, 157]
[:mouse_move, 724, 531, 2, 23, 158]
[:mouse_move, 746, 532, 2, 24, 159]
[:mouse_move, 760, 532, 2, 25, 160]
[:mouse_move, 754, 521, 2, 26, 171]
[:mouse_move, 744, 504, 2, 27, 172]
[:mouse_move, 738, 496, 2, 28, 173]
[:mouse_move, 721, 476, 2, 29, 174]
[:mouse_move, 711, 465, 2, 30, 175]
[:mouse_move, 701, 454, 2, 31, 176]
[:mouse_move, 681, 435, 2, 32, 177]
[:mouse_move, 672, 427, 2, 33, 178]
[:mouse_move, 662, 417, 2, 34, 179]
[:mouse_move, 656, 412, 2, 35, 180]
[:mouse_move, 649, 406, 2, 36, 181]
[:mouse_move, 645, 403, 2, 37, 182]
[:mouse_move, 641, 401, 2, 38, 183]
[:mouse_move, 639, 399, 2, 39, 184]
[:mouse_move, 637, 399, 2, 40, 185]
[:mouse_move, 636, 398, 2, 41, 186]
[:mouse_move, 633, 398, 2, 42, 187]
[:mouse_move, 632, 398, 2, 43, 188]
[:mouse_move, 630, 398, 2, 44, 189]
[:mouse_move, 638, 399, 2, 45, 193]
[:mouse_move, 641, 399, 2, 46, 194]
[:mouse_move, 648, 400, 2, 47, 195]
[:mouse_move, 667, 400, 2, 48, 196]
[:mouse_move, 677, 400, 2, 49, 197]
[:mouse_move, 698, 397, 2, 50, 198]
[:mouse_move, 707, 395, 2, 51, 199]
[:mouse_move, 728, 391, 2, 52, 200]
[:mouse_move, 744, 390, 2, 53, 201]
[:mouse_move, 754, 389, 2, 54, 202]
[:mouse_move, 763, 389, 2, 55, 203]
[:mouse_move, 777, 389, 2, 56, 204]
[:mouse_move, 785, 389, 2, 57, 205]
[:mouse_move, 797, 389, 2, 58, 206]
[:mouse_move, 803, 389, 2, 59, 207]
[:mouse_move, 814, 389, 2, 60, 208]
[:mouse_move, 818, 389, 2, 61, 209]
[:mouse_move, 826, 389, 2, 62, 210]
[:mouse_move, 829, 389, 2, 63, 211]
[:mouse_move, 837, 388, 2, 64, 212]
[:mouse_move, 842, 388, 2, 65, 213]
[:mouse_move, 850, 388, 2, 66, 214]
[:mouse_move, 855, 388, 2, 67, 215]
[:mouse_move, 864, 388, 2, 68, 216]
[:mouse_move, 870, 388, 2, 69, 217]
[:mouse_move, 881, 389, 2, 70, 218]
[:mouse_move, 886, 390, 2, 71, 219]
[:mouse_move, 896, 390, 2, 72, 220]
[:mouse_move, 901, 390, 2, 73, 221]
[:mouse_move, 910, 390, 2, 74, 222]
[:mouse_move, 914, 390, 2, 75, 223]
[:mouse_move, 918, 390, 2, 76, 224]
[:mouse_move, 926, 390, 2, 77, 225]
[:mouse_move, 928, 390, 2, 78, 226]
[:mouse_move, 937, 390, 2, 79, 227]
[:mouse_move, 940, 390, 2, 80, 228]
[:mouse_move, 945, 390, 2, 81, 229]
[:mouse_move, 948, 390, 2, 82, 230]
[:mouse_move, 954, 390, 2, 83, 231]
[:mouse_move, 957, 390, 2, 84, 232]
[:mouse_move, 961, 390, 2, 85, 233]
[:mouse_move, 963, 390, 2, 86, 234]
[:mouse_move, 965, 390, 2, 87, 235]
[:mouse_move, 963, 390, 2, 88, 238]
[:mouse_move, 955, 390, 2, 89, 239]
[:mouse_move, 951, 390, 2, 90, 240]
[:mouse_move, 941, 390, 2, 91, 241]
[:mouse_move, 930, 388, 2, 92, 242]
[:mouse_move, 912, 388, 2, 93, 243]
[:mouse_move, 892, 388, 2, 94, 244]
[:mouse_move, 866, 388, 2, 95, 245]
[:mouse_move, 830, 390, 2, 96, 247]
[:mouse_move, 804, 393, 2, 97, 248]
[:mouse_move, 777, 396, 2, 98, 249]
[:mouse_move, 757, 398, 2, 99, 250]
[:mouse_move, 746, 399, 2, 100, 251]
[:mouse_move, 731, 399, 2, 101, 252]
[:mouse_move, 715, 399, 2, 102, 253]
[:mouse_move, 712, 399, 2, 103, 254]
[:mouse_move, 703, 399, 2, 104, 255]
[:mouse_move, 700, 399, 2, 105, 256]
[:mouse_move, 698, 399, 2, 106, 257]
[:mouse_move, 697, 399, 2, 107, 258]
[:mouse_move, 696, 399, 2, 108, 259]
[:mouse_move, 697, 399, 2, 109, 263]
[:mouse_move, 708, 399, 2, 110, 264]
[:mouse_move, 722, 399, 2, 111, 265]
[:mouse_move, 755, 398, 2, 112, 266]
[:mouse_move, 775, 396, 2, 113, 267]
[:mouse_move, 805, 393, 2, 114, 268]
[:mouse_move, 820, 392, 2, 115, 269]
[:mouse_move, 840, 392, 2, 116, 270]
[:mouse_move, 852, 392, 2, 117, 271]
[:mouse_move, 871, 392, 2, 118, 272]
[:mouse_move, 878, 392, 2, 119, 273]
[:mouse_move, 893, 393, 2, 120, 274]
[:mouse_move, 899, 393, 2, 121, 275]
[:mouse_move, 907, 394, 2, 122, 276]
[:mouse_move, 910, 394, 2, 123, 277]
[:mouse_move, 913, 395, 2, 124, 278]
[:mouse_move, 917, 395, 2, 125, 279]
[:mouse_move, 918, 395, 2, 126, 280]
[:mouse_move, 919, 395, 2, 127, 281]
[:mouse_move, 918, 395, 2, 128, 283]
[:mouse_move, 917, 395, 2, 129, 284]
[:mouse_move, 913, 395, 2, 130, 285]
[:mouse_move, 908, 395, 2, 131, 286]
[:mouse_move, 888, 397, 2, 132, 287]
[:mouse_move, 856, 399, 2, 133, 288]
[:mouse_move, 739, 406, 2, 134, 289]
[:mouse_move, 666, 412, 2, 135, 290]
[:mouse_move, 536, 422, 2, 136, 291]
[:mouse_move, 450, 429, 2, 137, 292]
[:mouse_move, 347, 438, 2, 138, 293]
[:mouse_move, 323, 442, 2, 139, 294]
[:mouse_move, 248, 455, 2, 140, 295]
[:mouse_move, 235, 455, 2, 141, 308]
[:mouse_move, 225, 454, 2, 142, 309]
[:mouse_move, 200, 450, 2, 143, 310]
[:mouse_move, 186, 447, 2, 144, 311]
[:mouse_move, 154, 437, 2, 145, 312]
[:mouse_move, 135, 433, 2, 146, 313]
[:mouse_move, 113, 427, 2, 147, 314]
[:mouse_move, 101, 424, 2, 148, 315]
[:mouse_move, 82, 421, 2, 149, 316]
[:mouse_move, 75, 420, 2, 150, 317]
[:mouse_move, 64, 419, 2, 151, 318]
[:mouse_move, 59, 418, 2, 152, 319]
[:mouse_move, 49, 416, 2, 153, 320]
[:mouse_move, 47, 416, 2, 154, 321]
[:mouse_move, 39, 414, 2, 155, 322]
[:mouse_move, 38, 414, 2, 156, 323]
[:mouse_move, 34, 413, 2, 157, 324]
[:mouse_move, 33, 413, 2, 158, 325]
[:mouse_move, 35, 414, 2, 159, 329]
[:mouse_move, 47, 420, 2, 160, 330]
[:mouse_move, 56, 424, 2, 161, 331]
[:mouse_move, 67, 427, 2, 162, 332]
[:mouse_move, 96, 432, 2, 163, 333]
[:mouse_move, 112, 434, 2, 164, 334]
[:mouse_move, 142, 434, 2, 165, 335]
[:mouse_move, 161, 433, 2, 166, 336]
[:mouse_move, 173, 431, 2, 167, 337]
[:mouse_move, 190, 426, 2, 168, 338]
[:mouse_move, 210, 418, 2, 169, 339]
[:mouse_move, 218, 414, 2, 170, 340]
[:mouse_move, 231, 408, 2, 171, 341]
[:mouse_move, 237, 405, 2, 172, 342]
[:mouse_move, 248, 398, 2, 173, 343]
[:mouse_move, 252, 394, 2, 174, 344]
[:mouse_move, 257, 387, 2, 175, 345]
[:mouse_move, 259, 383, 2, 176, 346]
[:mouse_move, 260, 372, 2, 177, 347]
[:mouse_move, 260, 367, 2, 178, 348]
[:mouse_move, 249, 353, 2, 179, 349]
[:mouse_move, 240, 345, 2, 180, 350]
[:mouse_move, 226, 335, 2, 181, 351]
[:mouse_move, 217, 329, 2, 182, 352]
[:mouse_move, 193, 315, 2, 183, 353]
[:mouse_move, 184, 310, 2, 184, 354]
[:mouse_move, 164, 304, 2, 185, 355]
[:mouse_move, 152, 301, 2, 186, 356]
[:mouse_move, 123, 299, 2, 187, 357]
[:mouse_move, 109, 299, 2, 188, 358]
[:mouse_move, 94, 299, 2, 189, 359]
[:mouse_move, 73, 300, 2, 190, 360]
[:mouse_move, 53, 305, 2, 191, 361]
[:mouse_move, 31, 313, 2, 192, 362]
[:mouse_move, 27, 315, 2, 193, 363]
[:mouse_move, 11, 324, 2, 194, 364]
[:mouse_move, 3, 329, 2, 195, 365]
[:mouse_move, 0, 337, 2, 196, 366]
[:mouse_move, 15, 433, 2, 197, 374]
[:mouse_move, 31, 437, 2, 198, 375]
[:mouse_move, 38, 438, 2, 199, 375]
[:mouse_move, 50, 440, 2, 200, 376]
[:mouse_move, 53, 440, 2, 201, 377]
[:mouse_move, 65, 441, 2, 202, 378]
[:mouse_move, 68, 442, 2, 203, 379]
[:mouse_move, 70, 442, 2, 204, 380]
[:mouse_move, 71, 442, 2, 205, 381]
[:mouse_move, 72, 442, 2, 206, 382]
[:mouse_move, 72, 441, 2, 207, 383]
[:mouse_move, 72, 439, 2, 208, 384]
[:mouse_move, 72, 438, 2, 209, 385]
[:mouse_move, 71, 436, 2, 210, 386]
[:mouse_move, 71, 434, 2, 211, 386]
[:mouse_move, 70, 433, 2, 212, 387]
[:mouse_move, 69, 431, 2, 213, 388]
[:mouse_move, 68, 429, 2, 214, 388]
[:mouse_move, 66, 427, 2, 215, 389]
[:mouse_move, 66, 426, 2, 216, 390]
[:mouse_move, 63, 423, 2, 217, 390]
[:mouse_move, 62, 422, 2, 218, 391]
[:mouse_move, 59, 419, 2, 219, 392]
[:mouse_move, 58, 418, 2, 220, 392]
[:mouse_move, 57, 416, 2, 221, 393]
[:mouse_move, 56, 414, 2, 222, 394]
[:mouse_move, 55, 413, 2, 223, 394]
[:mouse_move, 54, 412, 2, 224, 395]
[:mouse_move, 53, 410, 2, 225, 396]
[:mouse_move, 53, 409, 2, 226, 396]
[:mouse_move, 52, 408, 2, 227, 397]
[:mouse_move, 52, 407, 2, 228, 398]
[:mouse_move, 51, 405, 2, 229, 399]
[:mouse_move, 51, 404, 2, 230, 400]
[:mouse_move, 53, 404, 2, 231, 411]
[:mouse_move, 57, 404, 2, 232, 412]
[:mouse_move, 61, 405, 2, 233, 413]
[:mouse_move, 66, 405, 2, 234, 413]
[:mouse_move, 68, 405, 2, 235, 414]
[:mouse_move, 75, 405, 2, 236, 415]
[:mouse_move, 77, 405, 2, 237, 416]
[:mouse_move, 81, 402, 2, 238, 417]
[:mouse_move, 82, 400, 2, 239, 418]
[:mouse_move, 83, 398, 2, 240, 419]
[:mouse_move, 83, 395, 2, 241, 419]
[:mouse_move, 83, 391, 2, 242, 420]
[:mouse_move, 83, 387, 2, 243, 421]
[:mouse_move, 81, 383, 2, 244, 421]
[:mouse_move, 80, 379, 2, 245, 422]
[:mouse_move, 77, 375, 2, 246, 423]
[:mouse_move, 74, 371, 2, 247, 423]
[:mouse_move, 71, 368, 2, 248, 424]
[:mouse_move, 67, 366, 2, 249, 425]
[:mouse_move, 62, 364, 2, 250, 425]
[:mouse_move, 56, 364, 2, 251, 426]
[:mouse_move, 51, 364, 2, 252, 427]
[:mouse_move, 49, 364, 2, 253, 427]
[:mouse_move, 45, 364, 2, 254, 428]
[:mouse_move, 42, 364, 2, 255, 429]
[:mouse_move, 36, 367, 2, 256, 430]
[:mouse_move, 35, 370, 2, 257, 431]
[:mouse_move, 32, 377, 2, 258, 432]
[:mouse_move, 32, 382, 2, 259, 433]
[:mouse_move, 32, 392, 2, 260, 434]
[:mouse_move, 32, 396, 2, 261, 435]
[:mouse_move, 41, 408, 2, 262, 436]
[:mouse_move, 47, 411, 2, 263, 437]
[:mouse_move, 57, 414, 2, 264, 438]
[:mouse_move, 64, 415, 2, 265, 439]
[:mouse_move, 70, 415, 2, 266, 440]
[:mouse_move, 76, 415, 2, 267, 440]
[:mouse_move, 81, 415, 2, 268, 441]
[:mouse_move, 85, 414, 2, 269, 442]
[:mouse_move, 89, 411, 2, 270, 442]
[:mouse_move, 92, 408, 2, 271, 443]
[:mouse_move, 95, 404, 2, 272, 444]
[:mouse_move, 96, 400, 2, 273, 444]
[:mouse_move, 96, 395, 2, 274, 445]
[:mouse_move, 97, 391, 2, 275, 446]
[:mouse_move, 97, 387, 2, 276, 446]
[:mouse_move, 96, 384, 2, 277, 447]
[:mouse_move, 91, 379, 2, 278, 448]
[:mouse_move, 84, 376, 2, 279, 448]
[:mouse_move, 71, 374, 2, 280, 449]
[:mouse_move, 63, 374, 2, 281, 450]
[:mouse_move, 53, 374, 2, 282, 451]
[:mouse_move, 47, 374, 2, 283, 452]
[:mouse_move, 37, 376, 2, 284, 453]
[:mouse_move, 31, 380, 2, 285, 454]
[:mouse_move, 25, 394, 2, 286, 455]
[:mouse_move, 24, 407, 2, 287, 456]
[:mouse_move, 24, 427, 2, 288, 457]
[:key_down_raw, 1073741904, 0, 2, 289, 512]
[:key_up_raw, 1073741904, 0, 2, 290, 516]
[:mouse_move, 48, 426, 2, 291, 580]
[:mouse_move, 62, 426, 2, 292, 581]
[:mouse_move, 77, 425, 2, 293, 581]
[:mouse_move, 92, 425, 2, 294, 581]
[:mouse_move, 111, 424, 2, 295, 582]
[:mouse_move, 134, 424, 2, 296, 583]
[:mouse_move, 186, 423, 2, 297, 583]
[:mouse_move, 248, 420, 2, 298, 584]
[:mouse_move, 313, 417, 2, 299, 585]
[:mouse_move, 375, 411, 2, 300, 585]
[:mouse_move, 434, 403, 2, 301, 586]
[:mouse_move, 456, 397, 2, 302, 587]
[:mouse_move, 472, 393, 2, 303, 587]
[:mouse_move, 483, 388, 2, 304, 588]
[:mouse_move, 490, 385, 2, 305, 589]
[:mouse_move, 514, 378, 2, 306, 590]
[:mouse_move, 520, 375, 2, 307, 591]
[:mouse_move, 524, 373, 2, 308, 592]
[:mouse_move, 524, 372, 2, 309, 593]
[:mouse_move, 514, 372, 2, 310, 594]
[:mouse_move, 510, 372, 2, 311, 595]
[:mouse_move, 503, 373, 2, 312, 596]
[:mouse_move, 501, 374, 2, 313, 597]
[:mouse_move, 497, 374, 2, 314, 598]
[:mouse_move, 496, 375, 2, 315, 599]
[:mouse_move, 495, 375, 2, 316, 600]
[:mouse_move, 494, 376, 2, 317, 601]
[:mouse_move, 493, 376, 2, 318, 602]
[:mouse_move, 492, 376, 2, 319, 602]
[:mouse_move, 491, 377, 2, 320, 603]
[:mouse_move, 490, 377, 2, 321, 604]
[:mouse_move, 490, 378, 2, 322, 604]
[:mouse_move, 489, 378, 2, 323, 605]
[:mouse_move, 489, 379, 2, 324, 606]
[:mouse_move, 488, 379, 2, 325, 606]
[:mouse_move, 488, 380, 2, 326, 608]
[:mouse_move, 491, 381, 2, 327, 610]
[:mouse_move, 494, 382, 2, 328, 610]
[:mouse_move, 498, 384, 2, 329, 611]
[:mouse_move, 503, 385, 2, 330, 612]
[:mouse_move, 522, 387, 2, 331, 613]
[:mouse_move, 527, 387, 2, 332, 614]
[:mouse_move, 542, 387, 2, 333, 614]
[:mouse_move, 553, 387, 2, 334, 615]
[:mouse_move, 562, 387, 2, 335, 616]
[:mouse_move, 576, 387, 2, 336, 617]
[:mouse_move, 585, 387, 2, 337, 618]
[:mouse_move, 598, 387, 2, 338, 619]
[:mouse_move, 605, 387, 2, 339, 620]
[:mouse_move, 616, 388, 2, 340, 621]
[:mouse_move, 621, 388, 2, 341, 622]
[:mouse_move, 632, 390, 2, 342, 623]
[:mouse_move, 637, 391, 2, 343, 624]
[:mouse_move, 649, 393, 2, 344, 625]
[:mouse_move, 660, 395, 2, 345, 626]
[:mouse_move, 672, 397, 2, 346, 627]
[:mouse_move, 679, 398, 2, 347, 628]
[:mouse_move, 686, 398, 2, 348, 629]
[:mouse_move, 692, 398, 2, 349, 629]
[:mouse_move, 699, 398, 2, 350, 630]
[:mouse_move, 707, 398, 2, 351, 631]
[:mouse_move, 714, 398, 2, 352, 631]
[:mouse_move, 720, 398, 2, 353, 632]
[:mouse_move, 726, 398, 2, 354, 633]
[:mouse_move, 731, 398, 2, 355, 633]
[:mouse_move, 733, 397, 2, 356, 634]
[:mouse_move, 737, 397, 2, 357, 635]
[:mouse_move, 744, 396, 2, 358, 635]
[:mouse_move, 747, 396, 2, 359, 636]
[:mouse_move, 749, 396, 2, 360, 637]
[:mouse_move, 754, 396, 2, 361, 637]
[:mouse_move, 756, 396, 2, 362, 638]
[:mouse_move, 758, 396, 2, 363, 639]
[:mouse_move, 760, 395, 2, 364, 639]
[:mouse_move, 762, 395, 2, 365, 640]
[:mouse_move, 763, 395, 2, 366, 641]
[:mouse_move, 764, 395, 2, 367, 642]
[:mouse_move, 765, 395, 2, 368, 643]
[:mouse_move, 764, 395, 2, 369, 658]
[:mouse_move, 763, 397, 2, 370, 658]
[:mouse_move, 758, 401, 2, 371, 659]
[:mouse_move, 749, 406, 2, 372, 660]
[:mouse_move, 736, 412, 2, 373, 660]
[:mouse_move, 717, 420, 2, 374, 661]
[:mouse_move, 673, 432, 2, 375, 662]
[:mouse_move, 632, 443, 2, 376, 662]
[:mouse_move, 579, 455, 2, 377, 663]
[:mouse_move, 517, 465, 2, 378, 664]
[:mouse_move, 407, 483, 2, 379, 664]
[:mouse_move, 369, 488, 2, 380, 665]
[:mouse_move, 296, 497, 2, 381, 666]
[:mouse_move, 270, 499, 2, 382, 666]
[:mouse_move, 216, 503, 2, 383, 667]
[:mouse_move, 200, 503, 2, 384, 668]
[:mouse_move, 143, 500, 2, 385, 669]
[:mouse_move, 138, 497, 2, 386, 670]
[:mouse_move, 115, 489, 2, 387, 671]
[:mouse_move, 113, 487, 2, 388, 672]
[:mouse_move, 105, 483, 2, 389, 673]
[:mouse_move, 99, 480, 2, 390, 674]
[:mouse_move, 93, 476, 2, 391, 675]
[:mouse_move, 87, 472, 2, 392, 676]
[:mouse_move, 79, 469, 2, 393, 677]
[:mouse_move, 74, 465, 2, 394, 678]
[:mouse_move, 65, 460, 2, 395, 679]
[:mouse_move, 61, 457, 2, 396, 680]
[:mouse_move, 57, 454, 2, 397, 681]
[:mouse_move, 54, 450, 2, 398, 681]
[:mouse_move, 51, 446, 2, 399, 682]
[:mouse_move, 47, 442, 2, 400, 683]
[:mouse_move, 44, 438, 2, 401, 683]
[:mouse_move, 40, 434, 2, 402, 684]
[:mouse_move, 36, 430, 2, 403, 685]
[:mouse_move, 32, 426, 2, 404, 685]
[:mouse_move, 29, 422, 2, 405, 686]
[:mouse_move, 25, 418, 2, 406, 687]
[:mouse_move, 22, 414, 2, 407, 687]
[:mouse_move, 18, 410, 2, 408, 688]
[:mouse_move, 15, 406, 2, 409, 689]
[:mouse_move, 13, 405, 2, 410, 689]
[:mouse_move, 10, 402, 2, 411, 690]
[:mouse_move, 8, 400, 2, 412, 691]
[:mouse_move, 5, 398, 2, 413, 691]
[:mouse_move, 3, 396, 2, 414, 692]
[:mouse_move, 2, 395, 2, 415, 693]
[:mouse_move, 1, 393, 2, 416, 694]
[:mouse_move, 0, 393, 2, 417, 695]
[:mouse_move, 3, 393, 2, 418, 701]
[:mouse_move, 7, 393, 2, 419, 701]
[:mouse_move, 12, 393, 2, 420, 702]
[:mouse_move, 21, 394, 2, 421, 703]
[:mouse_move, 39, 396, 2, 422, 704]
[:mouse_move, 44, 396, 2, 423, 705]
[:mouse_move, 61, 397, 2, 424, 706]
[:mouse_move, 70, 399, 2, 425, 707]
[:mouse_move, 79, 399, 2, 426, 708]
[:mouse_move, 87, 400, 2, 427, 708]
[:mouse_move, 95, 400, 2, 428, 709]
[:mouse_move, 104, 401, 2, 429, 711]
[:mouse_move, 118, 403, 2, 430, 712]
[:mouse_move, 125, 403, 2, 431, 712]
[:mouse_move, 140, 404, 2, 432, 713]
[:mouse_move, 147, 404, 2, 433, 714]
[:mouse_move, 163, 404, 2, 434, 715]
[:mouse_move, 171, 404, 2, 435, 716]
[:mouse_move, 178, 404, 2, 436, 716]
[:mouse_move, 194, 404, 2, 437, 718]
[:mouse_move, 202, 404, 2, 438, 718]
[:mouse_move, 217, 404, 2, 439, 720]
[:mouse_move, 231, 404, 2, 440, 721]
[:mouse_move, 238, 404, 2, 441, 722]
[:mouse_move, 245, 404, 2, 442, 722]
[:mouse_move, 252, 404, 2, 443, 723]
[:mouse_move, 257, 404, 2, 444, 724]
[:mouse_move, 268, 404, 2, 445, 725]
[:mouse_move, 271, 405, 2, 446, 726]
[:mouse_move, 278, 406, 2, 447, 727]
[:mouse_move, 281, 407, 2, 448, 728]
[:mouse_move, 285, 408, 2, 449, 729]
[:mouse_move, 286, 408, 2, 450, 730]
[:mouse_move, 287, 409, 2, 451, 731]
[:mouse_move, 288, 409, 2, 452, 732]
[:mouse_move, 289, 409, 2, 453, 735]
[:key_down_raw, 1073741904, 0, 2, 454, 785]
[:key_up_raw, 1073741904, 0, 2, 455, 789]
[:mouse_move, 289, 408, 2, 456, 840]
[:mouse_move, 291, 393, 2, 457, 841]
[:mouse_move, 296, 381, 2, 458, 842]
[:mouse_move, 316, 352, 2, 459, 843]
[:mouse_move, 328, 334, 2, 460, 844]
[:mouse_move, 350, 300, 2, 461, 845]
[:mouse_move, 364, 279, 2, 462, 845]
[:mouse_move, 387, 242, 2, 463, 846]
[:mouse_move, 410, 206, 2, 464, 847]
[:mouse_move, 420, 192, 2, 465, 847]
[:mouse_move, 439, 168, 2, 466, 848]
[:mouse_move, 446, 161, 2, 467, 849]
[:mouse_move, 459, 146, 2, 468, 849]
[:mouse_move, 469, 137, 2, 469, 850]
[:mouse_move, 471, 134, 2, 470, 851]
[:mouse_move, 477, 128, 2, 471, 851]
[:mouse_move, 479, 125, 2, 472, 852]
[:mouse_move, 481, 123, 2, 473, 853]
[:mouse_move, 482, 121, 2, 474, 853]
[:mouse_move, 482, 120, 2, 475, 854]
[:mouse_move, 482, 119, 2, 476, 855]
[:mouse_move, 480, 117, 2, 477, 855]
[:mouse_move, 478, 115, 2, 478, 856]
[:mouse_move, 475, 113, 2, 479, 857]
[:mouse_move, 473, 110, 2, 480, 857]
[:mouse_move, 473, 109, 2, 481, 858]
[:mouse_move, 471, 106, 2, 482, 859]
[:mouse_move, 469, 102, 2, 483, 860]
[:mouse_move, 469, 98, 2, 484, 861]
[:mouse_move, 469, 94, 2, 485, 861]
[:mouse_move, 470, 91, 2, 486, 862]
[:mouse_move, 472, 86, 2, 487, 863]
[:mouse_move, 476, 81, 2, 488, 864]
[:mouse_move, 477, 78, 2, 489, 865]
[:mouse_move, 480, 75, 2, 490, 866]
[:mouse_move, 481, 74, 2, 491, 867]
[:mouse_move, 482, 73, 2, 492, 868]
[:mouse_move, 482, 72, 2, 493, 869]
[:mouse_move, 484, 72, 2, 494, 873]
[:mouse_move, 486, 72, 2, 495, 874]
[:mouse_move, 488, 73, 2, 496, 874]
[:mouse_move, 492, 74, 2, 497, 875]
[:mouse_move, 497, 75, 2, 498, 876]
[:mouse_move, 502, 76, 2, 499, 876]
[:mouse_move, 509, 77, 2, 500, 877]
[:mouse_move, 517, 77, 2, 501, 878]
[:mouse_move, 530, 78, 2, 502, 878]
[:mouse_move, 540, 79, 2, 503, 879]
[:mouse_move, 550, 79, 2, 504, 880]
[:mouse_move, 555, 80, 2, 505, 880]
[:mouse_move, 563, 81, 2, 506, 881]
[:mouse_move, 572, 81, 2, 507, 882]
[:mouse_move, 580, 82, 2, 508, 882]
[:mouse_move, 587, 82, 2, 509, 883]
[:mouse_move, 593, 82, 2, 510, 884]
[:mouse_move, 599, 82, 2, 511, 884]
[:mouse_move, 602, 83, 2, 512, 885]
[:mouse_move, 608, 83, 2, 513, 886]
[:mouse_move, 616, 83, 2, 514, 887]
[:mouse_move, 620, 84, 2, 515, 888]
[:mouse_move, 627, 84, 2, 516, 889]
[:mouse_move, 631, 84, 2, 517, 890]
[:mouse_move, 636, 84, 2, 518, 890]
[:mouse_move, 640, 84, 2, 519, 891]
[:mouse_move, 645, 84, 2, 520, 892]
[:mouse_move, 656, 84, 2, 521, 893]
[:mouse_move, 661, 84, 2, 522, 894]
[:mouse_move, 671, 84, 2, 523, 895]
[:mouse_move, 676, 84, 2, 524, 896]
[:mouse_move, 682, 83, 2, 525, 897]
[:mouse_move, 689, 82, 2, 526, 898]
[:mouse_move, 693, 82, 2, 527, 899]
[:mouse_move, 696, 81, 2, 528, 899]
[:mouse_move, 700, 81, 2, 529, 900]
[:mouse_move, 704, 81, 2, 530, 901]
[:mouse_move, 707, 80, 2, 531, 901]
[:mouse_move, 711, 80, 2, 532, 902]
[:mouse_move, 714, 79, 2, 533, 903]
[:mouse_move, 718, 79, 2, 534, 903]
[:mouse_move, 720, 79, 2, 535, 904]
[:mouse_move, 724, 78, 2, 536, 905]
[:mouse_move, 727, 77, 2, 537, 905]
[:mouse_move, 730, 76, 2, 538, 906]
[:mouse_move, 733, 76, 2, 539, 907]
[:mouse_move, 737, 75, 2, 540, 907]
[:mouse_move, 740, 75, 2, 541, 908]
[:mouse_move, 742, 74, 2, 542, 909]
[:mouse_move, 746, 74, 2, 543, 909]
[:mouse_move, 749, 73, 2, 544, 910]
[:mouse_move, 753, 73, 2, 545, 911]
[:mouse_move, 760, 73, 2, 546, 912]
[:mouse_move, 763, 73, 2, 547, 913]
[:mouse_move, 767, 72, 2, 548, 913]
[:mouse_move, 768, 72, 2, 549, 914]
[:mouse_move, 771, 72, 2, 550, 915]
[:mouse_move, 777, 71, 2, 551, 916]
[:mouse_move, 778, 70, 2, 552, 917]
[:mouse_move, 781, 70, 2, 553, 918]
[:mouse_move, 782, 70, 2, 554, 919]
[:mouse_move, 784, 70, 2, 555, 920]
[:mouse_move, 786, 70, 2, 556, 921]
[:mouse_move, 788, 70, 2, 557, 922]
[:mouse_move, 789, 70, 2, 558, 923]
[:mouse_move, 790, 70, 2, 559, 924]
[:key_down_raw, 1073741906, 0, 2, 560, 990]
[:key_up_raw, 1073741906, 0, 2, 561, 994]
[:mouse_move, 722, 94, 2, 562, 1047]
[:mouse_move, 699, 106, 2, 563, 1048]
[:mouse_move, 679, 118, 2, 564, 1048]
[:mouse_move, 658, 130, 2, 565, 1049]
[:mouse_move, 640, 142, 2, 566, 1050]
[:mouse_move, 616, 164, 2, 567, 1051]
[:mouse_move, 597, 185, 2, 568, 1052]
[:mouse_move, 579, 211, 2, 569, 1053]
[:mouse_move, 572, 222, 2, 570, 1054]
[:mouse_move, 564, 249, 2, 571, 1055]
[:mouse_move, 561, 269, 2, 572, 1056]
[:mouse_move, 558, 307, 2, 573, 1057]
[:mouse_move, 558, 334, 2, 574, 1058]
[:mouse_move, 560, 370, 2, 575, 1059]
[:mouse_move, 556, 369, 2, 576, 1073]
[:mouse_move, 548, 366, 2, 577, 1074]
[:mouse_move, 533, 361, 2, 578, 1075]
[:mouse_move, 512, 354, 2, 579, 1075]
[:mouse_move, 486, 347, 2, 580, 1076]
[:mouse_move, 455, 342, 2, 581, 1077]
[:mouse_move, 416, 339, 2, 582, 1078]
[:mouse_move, 391, 339, 2, 583, 1079]
[:mouse_move, 354, 341, 2, 584, 1080]
[:mouse_move, 339, 345, 2, 585, 1081]
[:mouse_move, 321, 351, 2, 586, 1082]
[:mouse_move, 312, 354, 2, 587, 1083]
[:mouse_move, 305, 358, 2, 588, 1084]
[:mouse_move, 301, 360, 2, 589, 1085]
[:mouse_move, 297, 364, 2, 590, 1086]
[:mouse_move, 296, 367, 2, 591, 1087]
[:mouse_move, 296, 369, 2, 592, 1088]
[:mouse_move, 296, 372, 2, 593, 1088]
[:mouse_move, 297, 375, 2, 594, 1089]
[:mouse_move, 301, 382, 2, 595, 1090]
[:mouse_move, 308, 387, 2, 596, 1090]
[:mouse_move, 316, 392, 2, 597, 1091]
[:mouse_move, 328, 397, 2, 598, 1092]
[:mouse_move, 352, 407, 2, 599, 1092]
[:mouse_move, 370, 411, 2, 600, 1093]
[:mouse_move, 392, 416, 2, 601, 1094]
[:mouse_move, 418, 419, 2, 602, 1094]
[:mouse_move, 449, 422, 2, 603, 1095]
[:mouse_move, 481, 424, 2, 604, 1096]
[:mouse_move, 517, 428, 2, 605, 1096]
[:mouse_move, 549, 432, 2, 606, 1097]
[:mouse_move, 583, 435, 2, 607, 1098]
[:mouse_move, 617, 438, 2, 608, 1098]
[:mouse_move, 651, 439, 2, 609, 1099]
[:mouse_move, 686, 440, 2, 610, 1100]
[:mouse_move, 718, 443, 2, 611, 1100]
[:mouse_move, 750, 444, 2, 612, 1101]
[:mouse_move, 782, 444, 2, 613, 1102]
[:mouse_move, 795, 444, 2, 614, 1102]
[:mouse_move, 822, 444, 2, 615, 1103]
[:mouse_move, 847, 444, 2, 616, 1104]
[:mouse_move, 867, 441, 2, 617, 1104]
[:mouse_move, 885, 438, 2, 618, 1105]
[:mouse_move, 900, 434, 2, 619, 1106]
[:mouse_move, 917, 427, 2, 620, 1107]
[:mouse_move, 934, 420, 2, 621, 1108]
[:mouse_move, 946, 412, 2, 622, 1109]
[:mouse_move, 953, 406, 2, 623, 1110]
[:mouse_move, 965, 392, 2, 624, 1111]
[:mouse_move, 974, 380, 2, 625, 1112]
[:mouse_move, 983, 359, 2, 626, 1113]
[:mouse_move, 986, 347, 2, 627, 1114]
[:mouse_move, 988, 334, 2, 628, 1115]
[:mouse_move, 990, 318, 2, 629, 1115]
[:mouse_move, 991, 301, 2, 630, 1116]
[:mouse_move, 991, 285, 2, 631, 1117]
[:mouse_move, 987, 270, 2, 632, 1117]
[:mouse_move, 973, 244, 2, 633, 1118]
[:mouse_move, 957, 229, 2, 634, 1119]
[:mouse_move, 934, 214, 2, 635, 1119]
[:mouse_move, 886, 190, 2, 636, 1120]
[:mouse_move, 847, 177, 2, 637, 1121]
[:mouse_move, 804, 167, 2, 638, 1121]
[:mouse_move, 755, 159, 2, 639, 1122]
[:mouse_move, 705, 154, 2, 640, 1123]
[:mouse_move, 682, 153, 2, 641, 1123]
[:mouse_move, 599, 151, 2, 642, 1124]
[:mouse_move, 577, 151, 2, 643, 1125]
[:mouse_move, 532, 151, 2, 644, 1125]
[:mouse_move, 492, 152, 2, 645, 1126]
[:mouse_move, 476, 155, 2, 646, 1127]
[:mouse_move, 444, 158, 2, 647, 1127]
[:mouse_move, 418, 163, 2, 648, 1128]
[:mouse_move, 394, 169, 2, 649, 1129]
[:mouse_move, 373, 174, 2, 650, 1129]
[:mouse_move, 353, 181, 2, 651, 1130]
[:mouse_move, 336, 189, 2, 652, 1131]
[:mouse_move, 307, 203, 2, 653, 1132]
[:mouse_move, 302, 207, 2, 654, 1133]
[:mouse_move, 284, 223, 2, 655, 1134]
[:mouse_move, 272, 236, 2, 656, 1135]
[:mouse_move, 261, 259, 2, 657, 1136]
[:mouse_move, 256, 272, 2, 658, 1137]
[:mouse_move, 251, 300, 2, 659, 1138]
[:mouse_move, 250, 314, 2, 660, 1139]
[:mouse_move, 250, 331, 2, 661, 1140]
[:mouse_move, 250, 334, 2, 662, 1141]
[:mouse_move, 251, 342, 2, 663, 1142]
[:mouse_move, 251, 348, 2, 664, 1142]
[:mouse_move, 255, 358, 2, 665, 1143]
[:mouse_move, 258, 365, 2, 666, 1144]
[:mouse_move, 261, 371, 2, 667, 1144]
[:mouse_move, 266, 378, 2, 668, 1145]
[:mouse_move, 273, 386, 2, 669, 1146]
[:mouse_move, 281, 395, 2, 670, 1146]
[:mouse_move, 286, 400, 2, 671, 1147]
[:mouse_move, 293, 408, 2, 672, 1148]
[:mouse_move, 300, 415, 2, 673, 1148]
[:mouse_move, 315, 427, 2, 674, 1149]
[:mouse_move, 325, 432, 2, 675, 1150]
[:mouse_move, 344, 441, 2, 676, 1150]
[:mouse_move, 358, 446, 2, 677, 1151]
[:mouse_move, 379, 452, 2, 678, 1152]
[:mouse_move, 402, 458, 2, 679, 1152]
[:mouse_move, 425, 464, 2, 680, 1153]
[:mouse_move, 454, 470, 2, 681, 1154]
[:mouse_move, 480, 474, 2, 682, 1154]
[:mouse_move, 511, 478, 2, 683, 1155]
[:mouse_move, 541, 480, 2, 684, 1156]
[:mouse_move, 573, 482, 2, 685, 1156]
[:mouse_move, 609, 485, 2, 686, 1157]
[:mouse_move, 647, 488, 2, 687, 1158]
[:mouse_move, 685, 492, 2, 688, 1158]
[:mouse_move, 719, 496, 2, 689, 1159]
[:mouse_move, 734, 497, 2, 690, 1160]
[:mouse_move, 761, 498, 2, 691, 1160]
[:mouse_move, 769, 498, 2, 692, 1161]
[:mouse_move, 784, 498, 2, 693, 1162]
[:mouse_move, 799, 493, 2, 694, 1163]
[:mouse_move, 802, 491, 2, 695, 1164]
[:key_down_raw, 1073742051, 1024, 2, 696, 1225]
[:key_down_raw, 113, 1024, 2, 697, 1226]
