replay_version 2.0
stopped_at 982
seed 100
recorded_at Mon Sep 30 00:11:39 2019
[:mouse_move, 524, 240, 2, 1, 116]
[:mouse_move, 524, 246, 2, 2, 117]
[:mouse_move, 522, 258, 2, 3, 118]
[:mouse_move, 521, 270, 2, 4, 119]
[:mouse_move, 518, 284, 2, 5, 120]
[:mouse_move, 516, 291, 2, 6, 121]
[:mouse_move, 507, 317, 2, 7, 122]
[:mouse_move, 500, 331, 2, 8, 123]
[:mouse_move, 488, 357, 2, 9, 124]
[:mouse_move, 465, 395, 2, 10, 125]
[:mouse_move, 452, 416, 2, 11, 126]
[:mouse_move, 429, 451, 2, 12, 127]
[:mouse_move, 400, 485, 2, 13, 128]
[:mouse_move, 375, 509, 2, 14, 129]
[:mouse_move, 356, 522, 2, 15, 130]
[:mouse_move, 324, 543, 2, 16, 131]
[:mouse_move, 318, 546, 2, 17, 132]
[:mouse_move, 283, 562, 2, 18, 133]
[:mouse_move, 273, 564, 2, 19, 134]
[:mouse_move, 259, 566, 2, 20, 135]
[:mouse_move, 256, 567, 2, 21, 136]
[:mouse_move, 252, 567, 2, 22, 137]
[:mouse_move, 246, 567, 2, 23, 138]
[:mouse_move, 244, 567, 2, 24, 139]
[:mouse_move, 240, 566, 2, 25, 140]
[:mouse_move, 238, 561, 2, 26, 141]
[:mouse_move, 234, 555, 2, 27, 142]
[:mouse_move, 230, 550, 2, 28, 143]
[:mouse_move, 228, 547, 2, 29, 144]
[:mouse_move, 223, 542, 2, 30, 145]
[:mouse_move, 220, 540, 2, 31, 146]
[:mouse_move, 215, 537, 2, 32, 147]
[:mouse_move, 212, 535, 2, 33, 148]
[:mouse_move, 210, 532, 2, 34, 149]
[:mouse_move, 207, 528, 2, 35, 150]
[:mouse_move, 206, 526, 2, 36, 151]
[:mouse_move, 204, 523, 2, 37, 152]
[:mouse_move, 204, 522, 2, 38, 153]
[:mouse_move, 204, 521, 2, 39, 154]
[:mouse_button_pressed, 1, 0, 1, 40, 166]
[:mouse_button_up, 1, 0, 1, 41, 173]
[:mouse_move, 209, 521, 2, 42, 179]
[:mouse_move, 215, 521, 2, 43, 180]
[:mouse_move, 244, 521, 2, 44, 181]
[:mouse_move, 261, 521, 2, 45, 182]
[:mouse_move, 305, 521, 2, 46, 183]
[:mouse_move, 330, 519, 2, 47, 184]
[:mouse_move, 375, 511, 2, 48, 185]
[:mouse_move, 398, 505, 2, 49, 186]
[:mouse_move, 431, 493, 2, 50, 187]
[:mouse_move, 447, 486, 2, 51, 188]
[:mouse_move, 465, 476, 2, 52, 189]
[:mouse_move, 475, 470, 2, 53, 190]
[:mouse_move, 489, 461, 2, 54, 191]
[:mouse_move, 490, 458, 2, 55, 192]
[:mouse_move, 494, 455, 2, 56, 193]
[:mouse_move, 498, 450, 2, 57, 194]
[:mouse_move, 499, 448, 2, 58, 195]
[:mouse_move, 501, 445, 2, 59, 196]
[:mouse_move, 502, 444, 2, 60, 198]
[:mouse_button_pressed, 1, 0, 1, 61, 200]
[:mouse_button_up, 1, 0, 1, 62, 208]
[:mouse_move, 503, 443, 2, 63, 212]
[:mouse_move, 507, 445, 2, 64, 213]
[:mouse_move, 516, 453, 2, 65, 214]
[:mouse_move, 523, 461, 2, 66, 215]
[:mouse_move, 546, 493, 2, 67, 216]
[:mouse_move, 556, 509, 2, 68, 217]
[:mouse_move, 578, 546, 2, 69, 218]
[:mouse_move, 582, 555, 2, 70, 219]
[:mouse_move, 593, 578, 2, 71, 220]
[:mouse_move, 595, 582, 2, 72, 221]
[:mouse_move, 598, 591, 2, 73, 222]
[:mouse_move, 606, 611, 2, 74, 223]
[:mouse_move, 607, 617, 2, 75, 224]
[:mouse_move, 607, 627, 2, 76, 225]
[:mouse_move, 607, 632, 2, 77, 226]
[:mouse_move, 607, 638, 2, 78, 227]
[:mouse_move, 607, 640, 2, 79, 228]
[:mouse_move, 606, 643, 2, 80, 229]
[:mouse_move, 606, 644, 2, 81, 230]
[:mouse_button_pressed, 1, 0, 1, 82, 231]
[:mouse_move, 606, 645, 2, 83, 231]
[:mouse_button_up, 1, 0, 1, 84, 239]
[:mouse_move, 606, 643, 2, 85, 240]
[:mouse_move, 600, 636, 2, 86, 241]
[:mouse_move, 594, 631, 2, 87, 242]
[:mouse_move, 566, 613, 2, 88, 243]
[:mouse_move, 548, 607, 2, 89, 244]
[:mouse_move, 526, 599, 2, 90, 245]
[:mouse_move, 465, 572, 2, 91, 246]
[:mouse_move, 399, 533, 2, 92, 247]
[:mouse_move, 370, 512, 2, 93, 248]
[:mouse_move, 345, 489, 2, 94, 249]
[:mouse_move, 320, 459, 2, 95, 250]
[:mouse_move, 306, 439, 2, 96, 251]
[:mouse_move, 290, 403, 2, 97, 252]
[:mouse_move, 282, 368, 2, 98, 253]
[:mouse_move, 279, 351, 2, 99, 254]
[:mouse_move, 279, 332, 2, 100, 255]
[:mouse_move, 279, 308, 2, 101, 256]
[:mouse_move, 279, 303, 2, 102, 257]
[:mouse_move, 280, 287, 2, 103, 258]
[:mouse_move, 280, 282, 2, 104, 259]
[:mouse_move, 280, 278, 2, 105, 260]
[:mouse_move, 280, 276, 2, 106, 261]
[:mouse_button_pressed, 1, 0, 1, 107, 262]
[:mouse_move, 280, 275, 2, 108, 262]
[:mouse_button_up, 1, 0, 1, 109, 269]
[:key_down_raw, 1073741903, 0, 2, 110, 324]
[:key_down_raw, 1073741903, 0, 2, 111, 349]
[:key_down_raw, 1073741903, 0, 2, 112, 351]
[:key_down_raw, 1073741903, 0, 2, 113, 353]
[:key_down_raw, 1073741903, 0, 2, 114, 355]
[:key_down_raw, 1073741903, 0, 2, 115, 357]
[:key_down_raw, 1073741903, 0, 2, 116, 359]
[:key_down_raw, 1073741903, 0, 2, 117, 361]
[:key_down_raw, 1073741903, 0, 2, 118, 363]
[:key_down_raw, 1073741903, 0, 2, 119, 365]
[:key_down_raw, 1073741903, 0, 2, 120, 367]
[:key_down_raw, 1073741903, 0, 2, 121, 369]
[:key_down_raw, 8, 0, 2, 122, 371]
[:key_up_raw, 1073741903, 0, 2, 123, 382]
[:key_down_raw, 8, 0, 2, 124, 396]
[:key_up_raw, 8, 0, 2, 125, 396]
[:key_down_raw, 1073741903, 0, 2, 126, 400]
[:key_down_raw, 32, 0, 2, 127, 413]
[:key_up_raw, 1073741903, 0, 2, 128, 419]
[:key_down_raw, 1073741904, 0, 2, 129, 421]
[:key_down_raw, 1073741903, 0, 2, 130, 443]
[:key_up_raw, 1073741904, 0, 2, 131, 443]
[:key_down_raw, 1073741903, 0, 2, 132, 468]
[:key_up_raw, 1073741903, 0, 2, 133, 468]
[:key_down_raw, 1073741904, 0, 2, 134, 468]
[:key_down_raw, 1073741904, 0, 2, 135, 494]
[:key_down_raw, 1073741904, 0, 2, 136, 495]
[:key_down_raw, 1073741904, 0, 2, 137, 498]
[:key_down_raw, 1073741904, 0, 2, 138, 499]
[:key_down_raw, 1073741904, 0, 2, 139, 502]
[:key_down_raw, 1073741904, 0, 2, 140, 504]
[:key_down_raw, 1073741904, 0, 2, 141, 506]
[:key_down_raw, 1073741904, 0, 2, 142, 508]
[:key_down_raw, 1073741904, 0, 2, 143, 509]
[:key_down_raw, 1073741904, 0, 2, 144, 512]
[:key_down_raw, 1073741903, 0, 2, 145, 512]
[:key_up_raw, 1073741904, 0, 2, 146, 528]
[:key_down_raw, 1073741903, 0, 2, 147, 537]
[:key_down_raw, 1073741903, 0, 2, 148, 539]
[:key_down_raw, 1073741903, 0, 2, 149, 541]
[:key_down_raw, 1073741903, 0, 2, 150, 543]
[:key_down_raw, 1073741903, 0, 2, 151, 545]
[:key_down_raw, 1073741903, 0, 2, 152, 547]
[:key_down_raw, 1073741903, 0, 2, 153, 549]
[:key_down_raw, 1073741903, 0, 2, 154, 551]
[:key_down_raw, 1073741903, 0, 2, 155, 553]
[:key_down_raw, 1073741903, 0, 2, 156, 555]
[:key_down_raw, 1073741903, 0, 2, 157, 557]
[:key_down_raw, 1073741903, 0, 2, 158, 559]
[:key_down_raw, 1073741903, 0, 2, 159, 561]
[:key_down_raw, 1073741903, 0, 2, 160, 563]
[:key_down_raw, 1073741903, 0, 2, 161, 565]
[:key_down_raw, 1073741903, 0, 2, 162, 567]
[:key_down_raw, 1073741903, 0, 2, 163, 569]
[:key_down_raw, 1073741903, 0, 2, 164, 572]
[:key_down_raw, 1073741903, 0, 2, 165, 573]
[:key_down_raw, 1073741903, 0, 2, 166, 576]
[:key_down_raw, 1073741903, 0, 2, 167, 577]
[:key_down_raw, 1073741903, 0, 2, 168, 579]
[:key_down_raw, 1073741903, 0, 2, 169, 581]
[:key_down_raw, 1073741903, 0, 2, 170, 583]
[:key_down_raw, 1073741903, 0, 2, 171, 586]
[:key_down_raw, 1073741903, 0, 2, 172, 588]
[:key_down_raw, 1073741903, 0, 2, 173, 590]
[:key_down_raw, 1073741903, 0, 2, 174, 592]
[:key_down_raw, 1073741903, 0, 2, 175, 594]
[:key_up_raw, 32, 0, 2, 176, 594]
[:key_down_raw, 1073741903, 0, 2, 177, 596]
[:key_up_raw, 1073741903, 0, 2, 178, 597]
[:key_down_raw, 1073741904, 0, 2, 179, 670]
[:key_down_raw, 1073741904, 0, 2, 180, 695]
[:key_down_raw, 1073741904, 0, 2, 181, 697]
[:key_down_raw, 1073741904, 0, 2, 182, 699]
[:key_down_raw, 1073741904, 0, 2, 183, 701]
[:key_down_raw, 1073741904, 0, 2, 184, 703]
[:key_down_raw, 1073741904, 0, 2, 185, 705]
[:key_down_raw, 1073741904, 0, 2, 186, 707]
[:key_up_raw, 1073741904, 0, 2, 187, 708]
[:key_down_raw, 1073741903, 0, 2, 188, 722]
[:key_up_raw, 1073741903, 0, 2, 189, 733]
[:key_down_raw, 1073741903, 0, 2, 190, 762]
[:key_down_raw, 32, 0, 2, 191, 786]
[:key_down_raw, 32, 0, 2, 192, 811]
[:key_down_raw, 32, 0, 2, 193, 813]
[:key_down_raw, 32, 0, 2, 194, 815]
[:key_down_raw, 32, 0, 2, 195, 817]
[:key_down_raw, 32, 0, 2, 196, 819]
[:key_down_raw, 32, 0, 2, 197, 821]
[:key_down_raw, 32, 0, 2, 198, 823]
[:key_down_raw, 32, 0, 2, 199, 825]
[:key_down_raw, 32, 0, 2, 200, 827]
[:key_down_raw, 32, 0, 2, 201, 829]
[:key_down_raw, 32, 0, 2, 202, 831]
[:key_down_raw, 32, 0, 2, 203, 833]
[:key_down_raw, 32, 0, 2, 204, 835]
[:key_down_raw, 32, 0, 2, 205, 837]
[:key_down_raw, 32, 0, 2, 206, 839]
[:key_down_raw, 32, 0, 2, 207, 841]
[:key_up_raw, 32, 0, 2, 208, 843]
[:key_up_raw, 1073741903, 0, 2, 209, 848]
[:key_down_raw, 1073741903, 0, 2, 210, 871]
[:key_up_raw, 1073741903, 0, 2, 211, 877]
[:key_down_raw, 1073742051, 1024, 2, 212, 981]
[:key_down_raw, 113, 1024, 2, 213, 981]
[:key_up_raw, 113, 1024, 2, 214, 981]
