replay_version 2.0
stopped_at 2797
seed 100
recorded_at 2023-12-26 00:07:03 -0600
[:mouse_button_up, 1, 0, 1, 1, 4]
[:mouse_move, 899, 123, 2, 2, 4]
[:mouse_move, 899, 125, 2, 3, 15]
[:mouse_move, 897, 133, 2, 4, 16]
[:mouse_move, 874, 170, 2, 5, 18]
[:mouse_move, 859, 182, 2, 6, 19]
[:mouse_move, 811, 210, 2, 7, 20]
[:mouse_move, 775, 223, 2, 8, 21]
[:mouse_move, 624, 257, 2, 9, 22]
[:mouse_move, 537, 268, 2, 10, 23]
[:mouse_move, 355, 275, 2, 11, 24]
[:mouse_move, 28, 302, 2, 12, 25]
[:mouse_move, 0, 334, 2, 13, 26]
[:mouse_move, 44, 316, 2, 14, 49]
[:mouse_move, 64, 316, 2, 15, 50]
[:mouse_move, 89, 315, 2, 16, 51]
[:mouse_move, 109, 314, 2, 17, 52]
[:mouse_move, 129, 314, 2, 18, 53]
[:mouse_move, 132, 314, 2, 19, 54]
[:mouse_move, 135, 314, 2, 20, 55]
[:mouse_move, 131, 313, 2, 21, 59]
[:mouse_move, 126, 310, 2, 22, 60]
[:mouse_move, 121, 307, 2, 23, 61]
[:mouse_move, 108, 298, 2, 24, 62]
[:mouse_move, 98, 294, 2, 25, 63]
[:mouse_move, 89, 289, 2, 26, 64]
[:mouse_move, 83, 286, 2, 27, 65]
[:mouse_move, 75, 282, 2, 28, 66]
[:mouse_move, 72, 281, 2, 29, 67]
[:mouse_move, 71, 280, 2, 30, 68]
[:mouse_button_pressed, 1, 0, 1, 31, 70]
[:mouse_button_up, 1, 0, 1, 32, 79]
[:mouse_move, 71, 281, 2, 33, 87]
[:mouse_move, 74, 282, 2, 34, 88]
[:mouse_move, 82, 287, 2, 35, 89]
[:mouse_move, 84, 287, 2, 36, 90]
[:mouse_move, 89, 289, 2, 37, 91]
[:mouse_move, 93, 290, 2, 38, 93]
[:mouse_move, 95, 290, 2, 39, 94]
[:mouse_move, 95, 291, 2, 40, 95]
[:mouse_move, 96, 294, 2, 41, 104]
[:mouse_move, 103, 308, 2, 42, 105]
[:mouse_move, 118, 329, 2, 43, 106]
[:mouse_move, 153, 374, 2, 44, 107]
[:mouse_move, 166, 387, 2, 45, 108]
[:mouse_move, 194, 416, 2, 46, 109]
[:mouse_move, 213, 433, 2, 47, 110]
[:mouse_move, 232, 448, 2, 48, 111]
[:mouse_move, 240, 453, 2, 49, 112]
[:mouse_move, 249, 459, 2, 50, 113]
[:mouse_move, 251, 460, 2, 51, 114]
[:mouse_move, 252, 460, 2, 52, 115]
[:mouse_move, 247, 454, 2, 53, 116]
[:mouse_move, 237, 447, 2, 54, 117]
[:mouse_move, 208, 429, 2, 55, 118]
[:mouse_move, 200, 423, 2, 56, 119]
[:mouse_move, 187, 414, 2, 57, 119]
[:mouse_move, 175, 405, 2, 58, 120]
[:mouse_move, 165, 397, 2, 59, 121]
[:mouse_move, 144, 373, 2, 60, 122]
[:mouse_move, 141, 367, 2, 61, 123]
[:mouse_move, 129, 347, 2, 62, 124]
[:mouse_move, 128, 345, 2, 63, 125]
[:mouse_move, 123, 336, 2, 64, 126]
[:mouse_move, 122, 333, 2, 65, 127]
[:mouse_move, 121, 330, 2, 66, 128]
[:mouse_move, 121, 328, 2, 67, 129]
[:mouse_move, 123, 327, 2, 68, 130]
[:mouse_move, 126, 326, 2, 69, 131]
[:mouse_move, 136, 323, 2, 70, 132]
[:mouse_move, 147, 322, 2, 71, 133]
[:mouse_move, 155, 322, 2, 72, 134]
[:mouse_move, 207, 324, 2, 73, 135]
[:mouse_move, 269, 338, 2, 74, 136]
[:mouse_move, 287, 343, 2, 75, 137]
[:mouse_move, 351, 366, 2, 76, 138]
[:mouse_move, 381, 383, 2, 77, 139]
[:mouse_move, 425, 413, 2, 78, 140]
[:mouse_move, 479, 467, 2, 79, 141]
[:mouse_move, 494, 481, 2, 80, 142]
[:mouse_move, 542, 528, 2, 81, 143]
[:mouse_move, 589, 560, 2, 82, 144]
[:mouse_move, 606, 568, 2, 83, 145]
[:mouse_move, 630, 574, 2, 84, 146]
[:mouse_move, 643, 579, 2, 85, 147]
[:mouse_move, 654, 581, 2, 86, 148]
[:mouse_move, 673, 590, 2, 87, 149]
[:mouse_move, 676, 592, 2, 88, 150]
[:mouse_move, 684, 598, 2, 89, 151]
[:mouse_move, 689, 604, 2, 90, 153]
[:mouse_move, 690, 605, 2, 91, 155]
[:mouse_move, 689, 604, 2, 92, 157]
[:mouse_move, 686, 601, 2, 93, 158]
[:mouse_move, 680, 593, 2, 94, 159]
[:mouse_move, 671, 584, 2, 95, 160]
[:mouse_move, 641, 551, 2, 96, 161]
[:mouse_move, 638, 548, 2, 97, 162]
[:mouse_move, 626, 536, 2, 98, 163]
[:mouse_move, 623, 532, 2, 99, 164]
[:mouse_move, 613, 522, 2, 100, 165]
[:mouse_move, 611, 520, 2, 101, 166]
[:mouse_move, 603, 512, 2, 102, 168]
[:mouse_move, 599, 508, 2, 103, 169]
[:mouse_move, 597, 507, 2, 104, 170]
[:mouse_move, 596, 504, 2, 105, 171]
[:mouse_move, 594, 498, 2, 106, 172]
[:mouse_move, 593, 494, 2, 107, 173]
[:mouse_move, 593, 485, 2, 108, 174]
[:mouse_move, 593, 483, 2, 109, 175]
[:mouse_move, 592, 476, 2, 110, 176]
[:mouse_move, 592, 474, 2, 111, 177]
[:mouse_move, 592, 471, 2, 112, 178]
[:mouse_move, 592, 470, 2, 113, 180]
[:mouse_move, 591, 470, 2, 114, 182]
[:mouse_button_pressed, 1, 0, 1, 115, 197]
[:mouse_button_up, 1, 0, 1, 116, 203]
[:mouse_move, 592, 470, 2, 117, 205]
[:mouse_move, 595, 470, 2, 118, 206]
[:mouse_move, 601, 470, 2, 119, 207]
[:mouse_move, 606, 470, 2, 120, 208]
[:mouse_move, 627, 470, 2, 121, 209]
[:mouse_move, 631, 470, 2, 122, 210]
[:mouse_move, 656, 470, 2, 123, 211]
[:mouse_move, 668, 470, 2, 124, 212]
[:mouse_move, 687, 467, 2, 125, 213]
[:mouse_move, 691, 467, 2, 126, 214]
[:mouse_move, 701, 464, 2, 127, 215]
[:mouse_move, 703, 463, 2, 128, 216]
[:mouse_move, 704, 462, 2, 129, 217]
[:mouse_move, 704, 460, 2, 130, 218]
[:mouse_move, 704, 459, 2, 131, 219]
[:mouse_move, 702, 456, 2, 132, 220]
[:mouse_move, 694, 448, 2, 133, 221]
[:mouse_move, 689, 443, 2, 134, 222]
[:mouse_move, 684, 436, 2, 135, 223]
[:mouse_move, 673, 422, 2, 136, 224]
[:mouse_move, 669, 416, 2, 137, 225]
[:mouse_move, 660, 405, 2, 138, 226]
[:mouse_move, 651, 393, 2, 139, 228]
[:mouse_move, 649, 390, 2, 140, 229]
[:mouse_move, 646, 387, 2, 141, 230]
[:mouse_move, 646, 386, 2, 142, 231]
[:mouse_move, 645, 386, 2, 143, 232]
[:mouse_move, 645, 385, 2, 144, 233]
[:mouse_move, 645, 386, 2, 145, 238]
[:mouse_move, 646, 386, 2, 146, 239]
[:mouse_move, 647, 386, 2, 147, 243]
[:mouse_move, 648, 385, 2, 148, 244]
[:mouse_move, 650, 384, 2, 149, 245]
[:mouse_move, 650, 383, 2, 150, 246]
[:mouse_move, 651, 383, 2, 151, 247]
[:mouse_move, 651, 382, 2, 152, 248]
[:key_down_raw, 113, 0, 2, 153, 311]
[:key_down_raw, 113, 0, 2, 154, 326]
[:key_down_raw, 113, 0, 2, 155, 328]
[:key_down_raw, 113, 0, 2, 156, 330]
[:key_down_raw, 113, 0, 2, 157, 332]
[:key_down_raw, 113, 0, 2, 158, 334]
[:key_down_raw, 113, 0, 2, 159, 336]
[:key_down_raw, 113, 0, 2, 160, 338]
[:key_down_raw, 113, 0, 2, 161, 340]
[:key_down_raw, 113, 0, 2, 162, 342]
[:key_down_raw, 113, 0, 2, 163, 344]
[:key_down_raw, 113, 0, 2, 164, 346]
[:key_down_raw, 113, 0, 2, 165, 348]
[:key_up_raw, 113, 0, 2, 166, 348]
[:key_down_raw, 1073741904, 0, 2, 167, 361]
[:key_down_raw, 1073741904, 0, 2, 168, 375]
[:key_down_raw, 1073741904, 0, 2, 169, 377]
[:key_down_raw, 1073741904, 0, 2, 170, 379]
[:key_down_raw, 1073741904, 0, 2, 171, 381]
[:key_down_raw, 1073741904, 0, 2, 172, 383]
[:key_down_raw, 1073741904, 0, 2, 173, 385]
[:key_down_raw, 1073741904, 0, 2, 174, 387]
[:key_down_raw, 1073741904, 0, 2, 175, 389]
[:key_down_raw, 1073741904, 0, 2, 176, 391]
[:key_down_raw, 1073741904, 0, 2, 177, 393]
[:key_down_raw, 1073741904, 0, 2, 178, 396]
[:key_down_raw, 1073741904, 0, 2, 179, 398]
[:key_down_raw, 1073741904, 0, 2, 180, 400]
[:key_down_raw, 1073741904, 0, 2, 181, 402]
[:key_down_raw, 1073741904, 0, 2, 182, 404]
[:key_down_raw, 1073741904, 0, 2, 183, 406]
[:key_down_raw, 1073741904, 0, 2, 184, 408]
[:key_down_raw, 1073741904, 0, 2, 185, 410]
[:key_down_raw, 1073741904, 0, 2, 186, 412]
[:key_down_raw, 1073741904, 0, 2, 187, 414]
[:key_down_raw, 1073741904, 0, 2, 188, 416]
[:key_down_raw, 1073741904, 0, 2, 189, 418]
[:key_down_raw, 1073741904, 0, 2, 190, 420]
[:key_down_raw, 1073741904, 0, 2, 191, 422]
[:key_down_raw, 1073741904, 0, 2, 192, 424]
[:key_down_raw, 1073741904, 0, 2, 193, 426]
[:key_down_raw, 1073741904, 0, 2, 194, 428]
[:key_down_raw, 1073741904, 0, 2, 195, 430]
[:key_down_raw, 1073741904, 0, 2, 196, 432]
[:key_down_raw, 1073741904, 0, 2, 197, 434]
[:key_down_raw, 1073741904, 0, 2, 198, 436]
[:key_down_raw, 1073741904, 0, 2, 199, 438]
[:key_down_raw, 1073741904, 0, 2, 200, 440]
[:key_down_raw, 1073741904, 0, 2, 201, 442]
[:key_down_raw, 1073741904, 0, 2, 202, 444]
[:key_down_raw, 1073741904, 0, 2, 203, 446]
[:key_down_raw, 1073741904, 0, 2, 204, 448]
[:key_down_raw, 1073741904, 0, 2, 205, 450]
[:key_down_raw, 1073741904, 0, 2, 206, 452]
[:key_up_raw, 1073741904, 0, 2, 207, 454]
[:key_down_raw, 1073741903, 0, 2, 208, 615]
[:key_up_raw, 1073741903, 0, 2, 209, 623]
[:key_down_raw, 1073741904, 0, 2, 210, 641]
[:key_up_raw, 1073741904, 0, 2, 211, 649]
[:key_down_raw, 1073741904, 0, 2, 212, 664]
[:key_up_raw, 1073741904, 0, 2, 213, 671]
[:key_down_raw, 32, 0, 2, 214, 704]
[:key_up_raw, 32, 0, 2, 215, 708]
[:key_down_raw, 32, 0, 2, 216, 759]
[:key_up_raw, 32, 0, 2, 217, 760]
[:key_down_raw, 32, 0, 2, 218, 766]
[:key_up_raw, 32, 0, 2, 219, 769]
[:key_down_raw, 32, 0, 2, 220, 784]
[:key_up_raw, 32, 0, 2, 221, 792]
[:key_down_raw, 13, 0, 2, 222, 825]
[:key_up_raw, 13, 0, 2, 223, 826]
[:key_down_raw, 32, 0, 2, 224, 857]
[:key_up_raw, 32, 0, 2, 225, 872]
[:key_down_raw, 117, 0, 2, 226, 887]
[:key_up_raw, 117, 0, 2, 227, 893]
[:key_down_raw, 108, 0, 2, 228, 907]
[:key_up_raw, 108, 0, 2, 229, 912]
[:key_down_raw, 1073741906, 0, 2, 230, 924]
[:key_up_raw, 1073741906, 0, 2, 231, 929]
[:key_down_raw, 1073741906, 0, 2, 232, 962]
[:key_up_raw, 1073741906, 0, 2, 233, 969]
[:key_down_raw, 1073741906, 0, 2, 234, 976]
[:key_up_raw, 1073741906, 0, 2, 235, 980]
[:key_down_raw, 1073741903, 0, 2, 236, 1033]
[:key_down_raw, 1073741903, 0, 2, 237, 1048]
[:key_down_raw, 1073741903, 0, 2, 238, 1050]
[:key_down_raw, 1073741903, 0, 2, 239, 1052]
[:key_down_raw, 1073741903, 0, 2, 240, 1054]
[:key_up_raw, 1073741903, 0, 2, 241, 1056]
[:key_down_raw, 1073741906, 0, 2, 242, 1058]
[:key_up_raw, 1073741906, 0, 2, 243, 1063]
[:key_down_raw, 1073741906, 0, 2, 244, 1071]
[:key_up_raw, 1073741906, 0, 2, 245, 1076]
[:key_down_raw, 1073741904, 0, 2, 246, 1104]
[:key_down_raw, 1073741904, 0, 2, 247, 1119]
[:key_down_raw, 1073741904, 0, 2, 248, 1122]
[:key_down_raw, 1073741904, 0, 2, 249, 1124]
[:key_down_raw, 1073741904, 0, 2, 250, 1126]
[:key_down_raw, 1073741904, 0, 2, 251, 1128]
[:key_down_raw, 1073741904, 0, 2, 252, 1130]
[:key_down_raw, 1073741904, 0, 2, 253, 1132]
[:key_down_raw, 1073741904, 0, 2, 254, 1134]
[:key_down_raw, 1073741904, 0, 2, 255, 1136]
[:key_down_raw, 1073741904, 0, 2, 256, 1138]
[:key_down_raw, 1073741904, 0, 2, 257, 1140]
[:key_down_raw, 1073741904, 0, 2, 258, 1142]
[:key_down_raw, 1073741904, 0, 2, 259, 1144]
[:key_down_raw, 1073741904, 0, 2, 260, 1146]
[:key_down_raw, 1073741904, 0, 2, 261, 1148]
[:key_down_raw, 1073741904, 0, 2, 262, 1150]
[:key_down_raw, 1073741904, 0, 2, 263, 1152]
[:key_down_raw, 1073741904, 0, 2, 264, 1154]
[:key_down_raw, 1073741904, 0, 2, 265, 1156]
[:key_down_raw, 1073741904, 0, 2, 266, 1158]
[:key_down_raw, 1073741904, 0, 2, 267, 1160]
[:key_down_raw, 1073741904, 0, 2, 268, 1162]
[:key_down_raw, 1073741904, 0, 2, 269, 1164]
[:key_up_raw, 1073741904, 0, 2, 270, 1166]
[:mouse_move, 651, 394, 2, 271, 1210]
[:mouse_move, 656, 405, 2, 272, 1211]
[:mouse_move, 697, 478, 2, 273, 1212]
[:mouse_move, 711, 499, 2, 274, 1213]
[:mouse_move, 723, 524, 2, 275, 1214]
[:mouse_move, 726, 530, 2, 276, 1215]
[:mouse_move, 733, 546, 2, 277, 1216]
[:mouse_move, 736, 550, 2, 278, 1217]
[:mouse_move, 737, 554, 2, 279, 1218]
[:mouse_move, 739, 556, 2, 280, 1219]
[:mouse_move, 739, 557, 2, 281, 1220]
[:mouse_move, 739, 558, 2, 282, 1222]
[:mouse_move, 739, 559, 2, 283, 1223]
[:mouse_move, 734, 562, 2, 284, 1224]
[:mouse_move, 730, 563, 2, 285, 1225]
[:mouse_move, 723, 567, 2, 286, 1226]
[:mouse_move, 719, 569, 2, 287, 1227]
[:mouse_move, 715, 571, 2, 288, 1228]
[:mouse_move, 714, 571, 2, 289, 1229]
[:mouse_move, 713, 571, 2, 290, 1230]
[:mouse_button_pressed, 1, 0, 1, 291, 1234]
[:mouse_button_up, 1, 0, 1, 292, 1240]
[:mouse_move, 715, 570, 2, 293, 1241]
[:mouse_move, 717, 566, 2, 294, 1242]
[:mouse_move, 718, 565, 2, 295, 1243]
[:mouse_move, 722, 561, 2, 296, 1244]
[:mouse_move, 733, 553, 2, 297, 1245]
[:mouse_move, 742, 550, 2, 298, 1246]
[:mouse_move, 784, 535, 2, 299, 1247]
[:mouse_move, 841, 506, 2, 300, 1248]
[:mouse_move, 907, 448, 2, 301, 1249]
[:mouse_move, 951, 402, 2, 302, 1250]
[:mouse_move, 995, 351, 2, 303, 1251]
[:mouse_move, 1003, 341, 2, 304, 1252]
[:mouse_move, 1024, 316, 2, 305, 1253]
[:mouse_move, 1035, 304, 2, 306, 1254]
[:mouse_move, 1056, 281, 2, 307, 1255]
[:mouse_move, 1058, 281, 2, 308, 1256]
[:mouse_move, 1064, 275, 2, 309, 1257]
[:mouse_move, 1065, 274, 2, 310, 1258]
[:mouse_move, 1067, 272, 2, 311, 1259]
[:mouse_move, 1068, 272, 2, 312, 1261]
[:mouse_move, 1068, 271, 2, 313, 1262]
[:mouse_button_pressed, 1, 0, 1, 314, 1269]
[:mouse_button_up, 1, 0, 1, 315, 1278]
[:mouse_move, 1068, 272, 2, 316, 1283]
[:mouse_move, 1065, 283, 2, 317, 1284]
[:mouse_move, 1064, 291, 2, 318, 1285]
[:mouse_move, 1060, 341, 2, 319, 1287]
[:mouse_move, 1060, 346, 2, 320, 1288]
[:mouse_move, 1060, 358, 2, 321, 1289]
[:mouse_move, 1060, 365, 2, 322, 1290]
[:mouse_move, 1060, 371, 2, 323, 1291]
[:mouse_move, 1060, 374, 2, 324, 1292]
[:mouse_move, 1060, 375, 2, 325, 1293]
[:mouse_move, 1060, 378, 2, 326, 1294]
[:mouse_move, 1060, 379, 2, 327, 1295]
[:mouse_move, 1059, 381, 2, 328, 1296]
[:mouse_move, 1058, 382, 2, 329, 1297]
[:mouse_move, 1057, 383, 2, 330, 1298]
[:mouse_move, 1056, 387, 2, 331, 1299]
[:mouse_move, 1054, 390, 2, 332, 1300]
[:mouse_move, 1051, 398, 2, 333, 1301]
[:mouse_move, 1050, 402, 2, 334, 1302]
[:mouse_move, 1047, 412, 2, 335, 1303]
[:mouse_move, 1047, 417, 2, 336, 1304]
[:mouse_move, 1047, 428, 2, 337, 1305]
[:mouse_move, 1047, 430, 2, 338, 1306]
[:mouse_move, 1047, 435, 2, 339, 1307]
[:mouse_move, 1047, 437, 2, 340, 1308]
[:mouse_move, 1047, 438, 2, 341, 1309]
[:mouse_move, 1047, 439, 2, 342, 1311]
[:mouse_move, 1047, 440, 2, 343, 1317]
[:mouse_move, 1047, 441, 2, 344, 1318]
[:mouse_move, 1047, 442, 2, 345, 1322]
[:mouse_move, 1046, 443, 2, 346, 1325]
[:mouse_move, 1044, 445, 2, 347, 1326]
[:mouse_move, 1044, 446, 2, 348, 1327]
[:mouse_move, 1041, 448, 2, 349, 1328]
[:mouse_move, 1039, 449, 2, 350, 1329]
[:mouse_move, 1034, 452, 2, 351, 1330]
[:mouse_move, 1031, 453, 2, 352, 1331]
[:mouse_move, 1020, 457, 2, 353, 1332]
[:key_down_raw, 1073741903, 0, 2, 354, 1385]
[:key_down_raw, 1073741903, 0, 2, 355, 1400]
[:key_down_raw, 1073741903, 0, 2, 356, 1402]
[:key_down_raw, 1073741903, 0, 2, 357, 1404]
[:key_down_raw, 1073741903, 0, 2, 358, 1406]
[:key_down_raw, 1073741903, 0, 2, 359, 1408]
[:key_down_raw, 1073741903, 0, 2, 360, 1410]
[:key_down_raw, 1073741903, 0, 2, 361, 1412]
[:key_down_raw, 1073741903, 0, 2, 362, 1414]
[:key_down_raw, 1073741903, 0, 2, 363, 1416]
[:key_down_raw, 1073741903, 0, 2, 364, 1418]
[:key_down_raw, 1073741903, 0, 2, 365, 1420]
[:key_down_raw, 1073741903, 0, 2, 366, 1422]
[:key_down_raw, 1073741903, 0, 2, 367, 1424]
[:key_down_raw, 1073741903, 0, 2, 368, 1426]
[:key_down_raw, 1073741903, 0, 2, 369, 1428]
[:key_down_raw, 1073741903, 0, 2, 370, 1430]
[:key_down_raw, 1073741903, 0, 2, 371, 1432]
[:key_down_raw, 1073741903, 0, 2, 372, 1434]
[:key_down_raw, 1073741903, 0, 2, 373, 1436]
[:key_down_raw, 1073741903, 0, 2, 374, 1438]
[:key_down_raw, 1073741903, 0, 2, 375, 1440]
[:key_down_raw, 1073741903, 0, 2, 376, 1442]
[:key_down_raw, 1073741903, 0, 2, 377, 1444]
[:key_down_raw, 1073741903, 0, 2, 378, 1446]
[:key_down_raw, 1073741903, 0, 2, 379, 1448]
[:key_down_raw, 1073741903, 0, 2, 380, 1450]
[:key_down_raw, 1073741903, 0, 2, 381, 1452]
[:key_down_raw, 1073741903, 0, 2, 382, 1454]
[:key_down_raw, 1073741903, 0, 2, 383, 1456]
[:key_down_raw, 1073741903, 0, 2, 384, 1458]
[:key_down_raw, 1073741903, 0, 2, 385, 1460]
[:key_down_raw, 1073741903, 0, 2, 386, 1462]
[:key_down_raw, 1073741903, 0, 2, 387, 1464]
[:key_down_raw, 1073741903, 0, 2, 388, 1466]
[:key_down_raw, 1073741903, 0, 2, 389, 1468]
[:key_down_raw, 1073741903, 0, 2, 390, 1471]
[:key_down_raw, 1073741903, 0, 2, 391, 1473]
[:key_down_raw, 1073741903, 0, 2, 392, 1475]
[:key_down_raw, 1073741903, 0, 2, 393, 1477]
[:key_down_raw, 1073741903, 0, 2, 394, 1479]
[:key_down_raw, 1073741903, 0, 2, 395, 1481]
[:key_down_raw, 1073741903, 0, 2, 396, 1483]
[:key_down_raw, 1073741903, 0, 2, 397, 1485]
[:key_down_raw, 1073741903, 0, 2, 398, 1487]
[:key_down_raw, 1073741903, 0, 2, 399, 1489]
[:key_down_raw, 1073741903, 0, 2, 400, 1491]
[:key_down_raw, 1073741903, 0, 2, 401, 1493]
[:key_down_raw, 1073741903, 0, 2, 402, 1495]
[:key_down_raw, 1073741903, 0, 2, 403, 1497]
[:key_down_raw, 1073741903, 0, 2, 404, 1499]
[:key_down_raw, 1073741903, 0, 2, 405, 1501]
[:key_down_raw, 1073741903, 0, 2, 406, 1503]
[:key_down_raw, 1073741903, 0, 2, 407, 1505]
[:key_down_raw, 1073741903, 0, 2, 408, 1507]
[:key_down_raw, 1073741903, 0, 2, 409, 1509]
[:key_down_raw, 1073741903, 0, 2, 410, 1511]
[:key_down_raw, 1073741903, 0, 2, 411, 1513]
[:key_down_raw, 1073741903, 0, 2, 412, 1515]
[:key_down_raw, 1073741903, 0, 2, 413, 1517]
[:key_down_raw, 1073741903, 0, 2, 414, 1519]
[:key_down_raw, 1073741903, 0, 2, 415, 1521]
[:key_down_raw, 1073741903, 0, 2, 416, 1523]
[:key_down_raw, 1073741903, 0, 2, 417, 1525]
[:key_down_raw, 1073741903, 0, 2, 418, 1527]
[:key_down_raw, 1073741903, 0, 2, 419, 1529]
[:key_down_raw, 1073741903, 0, 2, 420, 1531]
[:key_down_raw, 1073741903, 0, 2, 421, 1533]
[:key_down_raw, 1073741903, 0, 2, 422, 1536]
[:key_down_raw, 1073741903, 0, 2, 423, 1538]
[:key_down_raw, 1073741903, 0, 2, 424, 1540]
[:key_down_raw, 1073741903, 0, 2, 425, 1542]
[:key_down_raw, 1073741903, 0, 2, 426, 1544]
[:key_down_raw, 1073741903, 0, 2, 427, 1546]
[:key_down_raw, 1073741903, 0, 2, 428, 1548]
[:key_down_raw, 1073741903, 0, 2, 429, 1550]
[:key_down_raw, 1073741903, 0, 2, 430, 1552]
[:key_down_raw, 1073741903, 0, 2, 431, 1554]
[:key_down_raw, 1073741903, 0, 2, 432, 1556]
[:key_down_raw, 1073741903, 0, 2, 433, 1558]
[:key_down_raw, 1073741903, 0, 2, 434, 1560]
[:key_down_raw, 1073741903, 0, 2, 435, 1562]
[:key_down_raw, 1073741903, 0, 2, 436, 1564]
[:key_down_raw, 1073741903, 0, 2, 437, 1566]
[:key_down_raw, 1073741903, 0, 2, 438, 1568]
[:key_down_raw, 1073741903, 0, 2, 439, 1570]
[:key_down_raw, 1073741903, 0, 2, 440, 1572]
[:key_down_raw, 1073741903, 0, 2, 441, 1574]
[:key_down_raw, 1073741903, 0, 2, 442, 1576]
[:key_down_raw, 1073741903, 0, 2, 443, 1578]
[:key_down_raw, 1073741903, 0, 2, 444, 1580]
[:key_down_raw, 1073741903, 0, 2, 445, 1582]
[:key_down_raw, 1073741903, 0, 2, 446, 1584]
[:key_down_raw, 1073741903, 0, 2, 447, 1586]
[:key_down_raw, 1073741903, 0, 2, 448, 1588]
[:key_down_raw, 1073741903, 0, 2, 449, 1590]
[:key_down_raw, 1073741903, 0, 2, 450, 1592]
[:key_down_raw, 1073741903, 0, 2, 451, 1594]
[:key_down_raw, 1073741903, 0, 2, 452, 1596]
[:key_down_raw, 1073741903, 0, 2, 453, 1598]
[:key_down_raw, 1073741903, 0, 2, 454, 1600]
[:key_down_raw, 1073741903, 0, 2, 455, 1602]
[:key_down_raw, 1073741903, 0, 2, 456, 1604]
[:key_down_raw, 1073741903, 0, 2, 457, 1606]
[:key_down_raw, 1073741903, 0, 2, 458, 1608]
[:key_down_raw, 1073741903, 0, 2, 459, 1611]
[:key_down_raw, 1073741903, 0, 2, 460, 1613]
[:key_down_raw, 1073741903, 0, 2, 461, 1615]
[:key_down_raw, 1073741903, 0, 2, 462, 1617]
[:key_down_raw, 1073741903, 0, 2, 463, 1619]
[:key_down_raw, 1073741903, 0, 2, 464, 1621]
[:key_down_raw, 1073741903, 0, 2, 465, 1623]
[:key_down_raw, 1073741903, 0, 2, 466, 1625]
[:key_down_raw, 1073741903, 0, 2, 467, 1627]
[:key_down_raw, 1073741903, 0, 2, 468, 1629]
[:key_down_raw, 1073741903, 0, 2, 469, 1631]
[:key_down_raw, 1073741903, 0, 2, 470, 1633]
[:key_down_raw, 1073741903, 0, 2, 471, 1635]
[:key_down_raw, 1073741903, 0, 2, 472, 1637]
[:key_down_raw, 1073741903, 0, 2, 473, 1639]
[:key_down_raw, 1073741903, 0, 2, 474, 1641]
[:key_down_raw, 1073741903, 0, 2, 475, 1643]
[:key_down_raw, 1073741903, 0, 2, 476, 1645]
[:key_down_raw, 1073741903, 0, 2, 477, 1647]
[:key_down_raw, 1073741903, 0, 2, 478, 1649]
[:key_up_raw, 1073741903, 0, 2, 479, 1650]
[:key_down_raw, 1073741903, 0, 2, 480, 1668]
[:key_down_raw, 1073741903, 0, 2, 481, 1683]
[:key_down_raw, 1073741903, 0, 2, 482, 1685]
[:key_down_raw, 1073741903, 0, 2, 483, 1687]
[:key_down_raw, 1073741903, 0, 2, 484, 1689]
[:key_down_raw, 1073741903, 0, 2, 485, 1691]
[:key_down_raw, 1073741903, 0, 2, 486, 1693]
[:key_down_raw, 1073741903, 0, 2, 487, 1695]
[:key_down_raw, 1073741903, 0, 2, 488, 1697]
[:key_down_raw, 1073741903, 0, 2, 489, 1699]
[:key_down_raw, 1073741903, 0, 2, 490, 1702]
[:key_down_raw, 1073741903, 0, 2, 491, 1704]
[:key_down_raw, 1073741903, 0, 2, 492, 1706]
[:key_down_raw, 1073741903, 0, 2, 493, 1708]
[:key_down_raw, 1073741903, 0, 2, 494, 1710]
[:key_down_raw, 1073741903, 0, 2, 495, 1712]
[:key_down_raw, 1073741903, 0, 2, 496, 1714]
[:key_down_raw, 1073741903, 0, 2, 497, 1716]
[:key_up_raw, 1073741903, 0, 2, 498, 1716]
[:key_down_raw, 1073741906, 0, 2, 499, 1728]
[:key_up_raw, 1073741906, 0, 2, 500, 1733]
[:key_down_raw, 1073741903, 0, 2, 501, 1735]
[:key_down_raw, 1073741903, 0, 2, 502, 1750]
[:key_down_raw, 1073741903, 0, 2, 503, 1752]
[:key_down_raw, 1073741903, 0, 2, 504, 1754]
[:key_down_raw, 1073741903, 0, 2, 505, 1756]
[:key_down_raw, 1073741903, 0, 2, 506, 1758]
[:key_down_raw, 1073741903, 0, 2, 507, 1760]
[:key_up_raw, 1073741903, 0, 2, 508, 1762]
[:key_down_raw, 1073741903, 0, 2, 509, 1804]
[:key_down_raw, 1073741903, 0, 2, 510, 1819]
[:key_down_raw, 1073741903, 0, 2, 511, 1821]
[:key_down_raw, 1073741903, 0, 2, 512, 1823]
[:key_down_raw, 1073741903, 0, 2, 513, 1825]
[:key_down_raw, 1073741903, 0, 2, 514, 1827]
[:key_down_raw, 1073741903, 0, 2, 515, 1829]
[:key_down_raw, 1073741903, 0, 2, 516, 1831]
[:key_down_raw, 1073741903, 0, 2, 517, 1833]
[:key_down_raw, 1073741903, 0, 2, 518, 1835]
[:key_down_raw, 1073741903, 0, 2, 519, 1837]
[:key_down_raw, 1073741903, 0, 2, 520, 1839]
[:key_down_raw, 1073741903, 0, 2, 521, 1842]
[:key_down_raw, 1073741903, 0, 2, 522, 1844]
[:key_down_raw, 1073741903, 0, 2, 523, 1846]
[:key_down_raw, 1073741903, 0, 2, 524, 1848]
[:key_down_raw, 1073741903, 0, 2, 525, 1850]
[:key_down_raw, 1073741903, 0, 2, 526, 1852]
[:key_down_raw, 1073741903, 0, 2, 527, 1854]
[:key_down_raw, 1073741903, 0, 2, 528, 1856]
[:key_down_raw, 1073741903, 0, 2, 529, 1858]
[:key_down_raw, 1073741903, 0, 2, 530, 1860]
[:key_down_raw, 1073741903, 0, 2, 531, 1862]
[:key_down_raw, 1073741903, 0, 2, 532, 1864]
[:key_down_raw, 1073741903, 0, 2, 533, 1866]
[:key_down_raw, 1073741903, 0, 2, 534, 1868]
[:key_down_raw, 1073741903, 0, 2, 535, 1870]
[:key_down_raw, 1073741903, 0, 2, 536, 1872]
[:key_down_raw, 1073741903, 0, 2, 537, 1874]
[:key_down_raw, 1073741903, 0, 2, 538, 1876]
[:key_down_raw, 1073741903, 0, 2, 539, 1878]
[:key_down_raw, 1073741903, 0, 2, 540, 1880]
[:key_down_raw, 1073741903, 0, 2, 541, 1882]
[:key_down_raw, 1073741903, 0, 2, 542, 1884]
[:key_down_raw, 1073741903, 0, 2, 543, 1886]
[:key_down_raw, 1073741903, 0, 2, 544, 1888]
[:key_down_raw, 1073741903, 0, 2, 545, 1890]
[:key_down_raw, 1073741903, 0, 2, 546, 1892]
[:key_down_raw, 1073741903, 0, 2, 547, 1894]
[:key_down_raw, 1073741903, 0, 2, 548, 1896]
[:key_down_raw, 1073741903, 0, 2, 549, 1898]
[:key_down_raw, 1073741903, 0, 2, 550, 1900]
[:key_down_raw, 1073741903, 0, 2, 551, 1902]
[:key_down_raw, 1073741903, 0, 2, 552, 1904]
[:key_down_raw, 1073741903, 0, 2, 553, 1906]
[:key_down_raw, 1073741903, 0, 2, 554, 1908]
[:key_down_raw, 1073741903, 0, 2, 555, 1910]
[:key_down_raw, 1073741903, 0, 2, 556, 1912]
[:key_down_raw, 1073741903, 0, 2, 557, 1914]
[:key_down_raw, 1073741903, 0, 2, 558, 1917]
[:key_down_raw, 1073741903, 0, 2, 559, 1919]
[:key_down_raw, 1073741903, 0, 2, 560, 1921]
[:key_down_raw, 1073741903, 0, 2, 561, 1923]
[:key_down_raw, 1073741903, 0, 2, 562, 1925]
[:key_down_raw, 1073741903, 0, 2, 563, 1927]
[:key_down_raw, 1073741903, 0, 2, 564, 1929]
[:key_down_raw, 1073741903, 0, 2, 565, 1931]
[:key_down_raw, 1073741903, 0, 2, 566, 1933]
[:key_down_raw, 1073741903, 0, 2, 567, 1935]
[:key_down_raw, 1073741903, 0, 2, 568, 1937]
[:key_down_raw, 1073741903, 0, 2, 569, 1939]
[:key_down_raw, 1073741903, 0, 2, 570, 1941]
[:key_down_raw, 1073741903, 0, 2, 571, 1943]
[:key_down_raw, 1073741903, 0, 2, 572, 1945]
[:key_down_raw, 1073741903, 0, 2, 573, 1947]
[:key_down_raw, 1073741903, 0, 2, 574, 1949]
[:key_down_raw, 1073741903, 0, 2, 575, 1951]
[:key_down_raw, 1073741903, 0, 2, 576, 1953]
[:key_down_raw, 1073741903, 0, 2, 577, 1955]
[:key_down_raw, 1073741903, 0, 2, 578, 1957]
[:key_down_raw, 1073741903, 0, 2, 579, 1959]
[:key_down_raw, 1073741903, 0, 2, 580, 1961]
[:key_down_raw, 1073741903, 0, 2, 581, 1963]
[:key_down_raw, 1073741903, 0, 2, 582, 1965]
[:key_down_raw, 1073741903, 0, 2, 583, 1967]
[:key_down_raw, 1073741903, 0, 2, 584, 1969]
[:key_down_raw, 1073741903, 0, 2, 585, 1971]
[:key_down_raw, 1073741903, 0, 2, 586, 1973]
[:key_down_raw, 1073741903, 0, 2, 587, 1975]
[:key_down_raw, 1073741903, 0, 2, 588, 1977]
[:key_down_raw, 1073741903, 0, 2, 589, 1979]
[:key_down_raw, 1073741903, 0, 2, 590, 1981]
[:key_down_raw, 1073741903, 0, 2, 591, 1983]
[:key_down_raw, 1073741903, 0, 2, 592, 1985]
[:key_down_raw, 1073741903, 0, 2, 593, 1987]
[:key_down_raw, 1073741903, 0, 2, 594, 1990]
[:key_down_raw, 1073741903, 0, 2, 595, 1992]
[:key_down_raw, 1073741903, 0, 2, 596, 1994]
[:key_down_raw, 1073741903, 0, 2, 597, 1996]
[:key_down_raw, 1073741903, 0, 2, 598, 1998]
[:key_down_raw, 1073741903, 0, 2, 599, 2000]
[:key_down_raw, 1073741903, 0, 2, 600, 2002]
[:key_down_raw, 1073741903, 0, 2, 601, 2004]
[:key_down_raw, 1073741903, 0, 2, 602, 2006]
[:key_down_raw, 1073741903, 0, 2, 603, 2008]
[:key_down_raw, 1073741903, 0, 2, 604, 2010]
[:key_down_raw, 1073741903, 0, 2, 605, 2012]
[:key_down_raw, 1073741903, 0, 2, 606, 2014]
[:key_down_raw, 1073741903, 0, 2, 607, 2016]
[:key_down_raw, 1073741903, 0, 2, 608, 2018]
[:key_down_raw, 1073741903, 0, 2, 609, 2020]
[:key_down_raw, 1073741903, 0, 2, 610, 2022]
[:key_down_raw, 1073741903, 0, 2, 611, 2024]
[:key_down_raw, 1073741903, 0, 2, 612, 2026]
[:key_down_raw, 1073741906, 0, 2, 613, 2026]
[:key_up_raw, 1073741906, 0, 2, 614, 2029]
[:key_up_raw, 1073741903, 0, 2, 615, 2070]
[:key_down_raw, 1073741904, 0, 2, 616, 2077]
[:key_down_raw, 1073741904, 0, 2, 617, 2093]
[:key_down_raw, 1073741904, 0, 2, 618, 2095]
[:key_down_raw, 1073741904, 0, 2, 619, 2097]
[:key_down_raw, 1073741904, 0, 2, 620, 2099]
[:key_down_raw, 1073741904, 0, 2, 621, 2101]
[:key_down_raw, 1073741904, 0, 2, 622, 2103]
[:key_down_raw, 1073741904, 0, 2, 623, 2105]
[:key_down_raw, 1073741904, 0, 2, 624, 2107]
[:key_down_raw, 1073741904, 0, 2, 625, 2109]
[:key_down_raw, 1073741904, 0, 2, 626, 2111]
[:key_down_raw, 1073741904, 0, 2, 627, 2113]
[:key_down_raw, 1073741904, 0, 2, 628, 2115]
[:key_down_raw, 1073741904, 0, 2, 629, 2117]
[:key_down_raw, 1073741904, 0, 2, 630, 2119]
[:key_down_raw, 1073741904, 0, 2, 631, 2121]
[:key_down_raw, 1073741904, 0, 2, 632, 2123]
[:key_down_raw, 1073741904, 0, 2, 633, 2125]
[:key_down_raw, 1073741904, 0, 2, 634, 2127]
[:key_down_raw, 1073741904, 0, 2, 635, 2129]
[:key_down_raw, 1073741904, 0, 2, 636, 2131]
[:key_down_raw, 1073741904, 0, 2, 637, 2133]
[:key_down_raw, 1073741904, 0, 2, 638, 2135]
[:key_down_raw, 1073741904, 0, 2, 639, 2137]
[:key_down_raw, 1073741904, 0, 2, 640, 2139]
[:key_down_raw, 1073741904, 0, 2, 641, 2141]
[:key_down_raw, 1073741904, 0, 2, 642, 2143]
[:key_down_raw, 1073741904, 0, 2, 643, 2145]
[:key_down_raw, 1073741904, 0, 2, 644, 2147]
[:key_down_raw, 1073741904, 0, 2, 645, 2149]
[:key_down_raw, 1073741904, 0, 2, 646, 2151]
[:key_down_raw, 1073741904, 0, 2, 647, 2153]
[:key_down_raw, 1073741904, 0, 2, 648, 2155]
[:key_down_raw, 1073741904, 0, 2, 649, 2157]
[:key_down_raw, 1073741904, 0, 2, 650, 2159]
[:key_down_raw, 1073741904, 0, 2, 651, 2161]
[:key_down_raw, 1073741904, 0, 2, 652, 2163]
[:key_down_raw, 1073741904, 0, 2, 653, 2165]
[:key_down_raw, 1073741904, 0, 2, 654, 2168]
[:key_down_raw, 1073741904, 0, 2, 655, 2170]
[:key_down_raw, 1073741904, 0, 2, 656, 2172]
[:key_down_raw, 1073741904, 0, 2, 657, 2174]
[:key_down_raw, 1073741904, 0, 2, 658, 2176]
[:key_down_raw, 1073741904, 0, 2, 659, 2178]
[:key_down_raw, 1073741904, 0, 2, 660, 2180]
[:key_down_raw, 1073741904, 0, 2, 661, 2182]
[:key_down_raw, 1073741904, 0, 2, 662, 2184]
[:key_up_raw, 1073741904, 0, 2, 663, 2185]
[:key_down_raw, 1073741903, 0, 2, 664, 2343]
[:key_down_raw, 1073741903, 0, 2, 665, 2358]
[:key_down_raw, 1073741903, 0, 2, 666, 2360]
[:key_down_raw, 1073741903, 0, 2, 667, 2362]
[:key_down_raw, 1073741903, 0, 2, 668, 2364]
[:key_down_raw, 1073741903, 0, 2, 669, 2367]
[:key_down_raw, 1073741903, 0, 2, 670, 2369]
[:key_down_raw, 1073741903, 0, 2, 671, 2371]
[:key_down_raw, 1073741903, 0, 2, 672, 2373]
[:key_down_raw, 1073741903, 0, 2, 673, 2375]
[:key_down_raw, 1073741903, 0, 2, 674, 2377]
[:key_down_raw, 1073741903, 0, 2, 675, 2379]
[:key_down_raw, 1073741903, 0, 2, 676, 2381]
[:key_down_raw, 1073741903, 0, 2, 677, 2383]
[:key_down_raw, 1073741903, 0, 2, 678, 2385]
[:key_down_raw, 1073741903, 0, 2, 679, 2387]
[:key_down_raw, 1073741903, 0, 2, 680, 2389]
[:key_down_raw, 1073741903, 0, 2, 681, 2391]
[:key_down_raw, 1073741903, 0, 2, 682, 2393]
[:key_down_raw, 1073741903, 0, 2, 683, 2395]
[:key_down_raw, 1073741903, 0, 2, 684, 2397]
[:key_down_raw, 1073741903, 0, 2, 685, 2399]
[:key_down_raw, 1073741903, 0, 2, 686, 2401]
[:key_down_raw, 1073741903, 0, 2, 687, 2403]
[:key_down_raw, 1073741903, 0, 2, 688, 2405]
[:key_down_raw, 1073741903, 0, 2, 689, 2407]
[:key_down_raw, 1073741903, 0, 2, 690, 2409]
[:key_down_raw, 1073741903, 0, 2, 691, 2411]
[:key_down_raw, 1073741903, 0, 2, 692, 2413]
[:key_down_raw, 1073741903, 0, 2, 693, 2415]
[:key_down_raw, 1073741903, 0, 2, 694, 2417]
[:key_down_raw, 1073741903, 0, 2, 695, 2419]
[:key_down_raw, 1073741903, 0, 2, 696, 2421]
[:key_down_raw, 1073741903, 0, 2, 697, 2423]
[:key_down_raw, 1073741903, 0, 2, 698, 2425]
[:key_down_raw, 1073741903, 0, 2, 699, 2427]
[:key_down_raw, 1073741903, 0, 2, 700, 2429]
[:key_down_raw, 1073741903, 0, 2, 701, 2431]
[:key_down_raw, 1073741903, 0, 2, 702, 2433]
[:key_down_raw, 1073741903, 0, 2, 703, 2435]
[:key_down_raw, 1073741903, 0, 2, 704, 2437]
[:key_down_raw, 1073741903, 0, 2, 705, 2439]
[:key_down_raw, 1073741903, 0, 2, 706, 2441]
[:key_down_raw, 1073741903, 0, 2, 707, 2443]
[:key_down_raw, 1073741903, 0, 2, 708, 2445]
[:key_down_raw, 1073741906, 0, 2, 709, 2445]
[:key_up_raw, 1073741906, 0, 2, 710, 2451]
[:key_up_raw, 1073741903, 0, 2, 711, 2524]
[:key_down_raw, 1073741904, 0, 2, 712, 2668]
[:key_down_raw, 1073741904, 0, 2, 713, 2683]
[:key_down_raw, 1073741904, 0, 2, 714, 2685]
[:key_down_raw, 1073741904, 0, 2, 715, 2687]
[:key_down_raw, 1073741904, 0, 2, 716, 2689]
[:key_down_raw, 1073741904, 0, 2, 717, 2691]
[:key_up_raw, 1073741904, 0, 2, 718, 2692]
[:key_down_raw, 1073741904, 0, 2, 719, 2710]
[:key_down_raw, 1073741904, 0, 2, 720, 2725]
[:key_down_raw, 1073741904, 0, 2, 721, 2727]
[:key_up_raw, 1073741904, 0, 2, 722, 2729]
