replay_version 2.0
stopped_at 753
seed 100
recorded_at Sun Sep 29 22:37:16 2019
[:mouse_move, 991, 8, 2, 1, 51]
[:mouse_move, 985, 8, 2, 2, 52]
[:mouse_move, 975, 8, 2, 3, 53]
[:mouse_move, 971, 9, 2, 4, 54]
[:mouse_move, 960, 15, 2, 5, 55]
[:mouse_move, 953, 18, 2, 6, 56]
[:mouse_move, 911, 41, 2, 7, 57]
[:mouse_move, 889, 53, 2, 8, 58]
[:mouse_move, 833, 85, 2, 9, 59]
[:mouse_move, 798, 101, 2, 10, 60]
[:mouse_move, 697, 151, 2, 11, 61]
[:mouse_move, 679, 160, 2, 12, 62]
[:mouse_move, 643, 179, 2, 13, 63]
[:mouse_move, 601, 202, 2, 14, 64]
[:mouse_move, 579, 214, 2, 15, 65]
[:mouse_move, 539, 235, 2, 16, 66]
[:mouse_move, 522, 244, 2, 17, 67]
[:mouse_move, 487, 258, 2, 18, 68]
[:mouse_move, 470, 263, 2, 19, 69]
[:mouse_move, 436, 271, 2, 20, 70]
[:mouse_move, 417, 274, 2, 21, 71]
[:mouse_move, 382, 277, 2, 22, 72]
[:mouse_move, 366, 278, 2, 23, 73]
[:mouse_move, 339, 279, 2, 24, 74]
[:mouse_move, 334, 279, 2, 25, 75]
[:mouse_move, 320, 280, 2, 26, 76]
[:mouse_move, 313, 281, 2, 27, 77]
[:mouse_move, 306, 282, 2, 28, 78]
[:mouse_move, 304, 283, 2, 29, 79]
[:mouse_move, 302, 284, 2, 30, 80]
[:mouse_move, 302, 285, 2, 31, 81]
[:mouse_move, 310, 288, 2, 32, 82]
[:mouse_move, 320, 292, 2, 33, 83]
[:mouse_move, 355, 301, 2, 34, 84]
[:mouse_move, 376, 307, 2, 35, 85]
[:mouse_move, 410, 313, 2, 36, 86]
[:mouse_move, 419, 314, 2, 37, 87]
[:mouse_move, 435, 316, 2, 38, 88]
[:mouse_move, 444, 317, 2, 39, 89]
[:mouse_move, 450, 318, 2, 40, 90]
[:mouse_move, 457, 318, 2, 41, 91]
[:mouse_move, 459, 319, 2, 42, 92]
[:mouse_move, 462, 320, 2, 43, 93]
[:mouse_move, 463, 322, 2, 44, 94]
[:mouse_move, 465, 334, 2, 45, 95]
[:mouse_move, 465, 350, 2, 46, 96]
[:mouse_move, 465, 420, 2, 47, 97]
[:mouse_move, 462, 516, 2, 48, 98]
[:mouse_move, 460, 647, 2, 49, 99]
[:mouse_move, 460, 679, 2, 50, 100]
[:mouse_move, 450, 679, 2, 51, 113]
[:mouse_move, 441, 680, 2, 52, 114]
[:mouse_move, 417, 684, 2, 53, 115]
[:mouse_move, 402, 687, 2, 54, 116]
[:mouse_move, 368, 695, 2, 55, 117]
[:mouse_move, 356, 699, 2, 56, 118]
[:mouse_move, 336, 704, 2, 57, 119]
[:mouse_move, 300, 713, 2, 58, 120]
[:mouse_move, 294, 715, 2, 59, 121]
[:mouse_move, 273, 717, 2, 60, 122]
[:mouse_move, 270, 717, 2, 61, 123]
[:mouse_move, 260, 717, 2, 62, 124]
[:mouse_move, 258, 717, 2, 63, 125]
[:mouse_move, 255, 717, 2, 64, 126]
[:mouse_move, 254, 717, 2, 65, 128]
[:mouse_move, 257, 717, 2, 66, 131]
[:mouse_move, 264, 718, 2, 67, 132]
[:mouse_move, 268, 718, 2, 68, 133]
[:mouse_move, 279, 719, 2, 69, 134]
[:mouse_move, 285, 719, 2, 70, 135]
[:mouse_move, 298, 719, 2, 71, 136]
[:mouse_move, 304, 719, 2, 72, 137]
[:mouse_move, 315, 718, 2, 73, 138]
[:mouse_move, 321, 717, 2, 74, 139]
[:mouse_move, 334, 715, 2, 75, 140]
[:mouse_move, 340, 713, 2, 76, 141]
[:mouse_move, 351, 710, 2, 77, 142]
[:mouse_move, 358, 708, 2, 78, 143]
[:mouse_move, 371, 704, 2, 79, 144]
[:mouse_move, 378, 702, 2, 80, 145]
[:mouse_move, 384, 700, 2, 81, 146]
[:mouse_move, 391, 697, 2, 82, 147]
[:mouse_move, 394, 697, 2, 83, 148]
[:mouse_move, 400, 696, 2, 84, 149]
[:mouse_move, 401, 696, 2, 85, 150]
[:mouse_move, 404, 695, 2, 86, 151]
[:mouse_move, 405, 695, 2, 87, 152]
[:mouse_move, 409, 695, 2, 88, 153]
[:mouse_move, 412, 695, 2, 89, 154]
[:mouse_move, 419, 695, 2, 90, 155]
[:mouse_move, 423, 695, 2, 91, 156]
[:mouse_move, 432, 695, 2, 92, 157]
[:mouse_move, 436, 695, 2, 93, 158]
[:mouse_move, 445, 695, 2, 94, 159]
[:mouse_move, 448, 695, 2, 95, 160]
[:mouse_move, 457, 695, 2, 96, 161]
[:mouse_move, 462, 695, 2, 97, 162]
[:mouse_move, 474, 695, 2, 98, 163]
[:mouse_move, 485, 695, 2, 99, 164]
[:mouse_move, 502, 695, 2, 100, 165]
[:mouse_move, 507, 695, 2, 101, 166]
[:mouse_move, 532, 695, 2, 102, 167]
[:mouse_move, 541, 694, 2, 103, 168]
[:mouse_move, 563, 693, 2, 104, 169]
[:mouse_move, 574, 693, 2, 105, 170]
[:mouse_move, 597, 693, 2, 106, 171]
[:mouse_move, 609, 693, 2, 107, 172]
[:mouse_move, 621, 693, 2, 108, 173]
[:mouse_move, 646, 693, 2, 109, 174]
[:mouse_move, 659, 693, 2, 110, 175]
[:mouse_move, 685, 693, 2, 111, 176]
[:mouse_move, 700, 693, 2, 112, 177]
[:mouse_move, 727, 693, 2, 113, 178]
[:mouse_move, 741, 693, 2, 114, 179]
[:mouse_move, 758, 693, 2, 115, 180]
[:mouse_move, 769, 693, 2, 116, 181]
[:mouse_move, 791, 693, 2, 117, 182]
[:mouse_move, 799, 693, 2, 118, 183]
[:mouse_move, 814, 693, 2, 119, 184]
[:mouse_move, 820, 693, 2, 120, 185]
[:mouse_move, 832, 693, 2, 121, 186]
[:mouse_move, 837, 693, 2, 122, 187]
[:mouse_move, 847, 693, 2, 123, 188]
[:mouse_move, 853, 693, 2, 124, 189]
[:mouse_move, 863, 691, 2, 125, 190]
[:mouse_move, 868, 690, 2, 126, 191]
[:mouse_move, 875, 689, 2, 127, 192]
[:mouse_move, 881, 689, 2, 128, 193]
[:mouse_move, 889, 689, 2, 129, 194]
[:mouse_move, 892, 689, 2, 130, 195]
[:mouse_move, 897, 689, 2, 131, 196]
[:mouse_move, 899, 689, 2, 132, 197]
[:mouse_move, 904, 690, 2, 133, 198]
[:mouse_move, 905, 690, 2, 134, 199]
[:mouse_move, 906, 690, 2, 135, 200]
[:mouse_move, 908, 690, 2, 136, 201]
[:mouse_move, 909, 690, 2, 137, 202]
[:mouse_move, 910, 690, 2, 138, 203]
[:mouse_move, 910, 688, 2, 139, 221]
[:mouse_move, 897, 665, 2, 140, 222]
[:mouse_move, 858, 611, 2, 141, 223]
[:mouse_move, 832, 577, 2, 142, 224]
[:mouse_move, 801, 537, 2, 143, 225]
[:mouse_move, 783, 514, 2, 144, 226]
[:mouse_move, 754, 477, 2, 145, 227]
[:mouse_move, 730, 449, 2, 146, 228]
[:mouse_move, 715, 433, 2, 147, 229]
[:mouse_move, 701, 417, 2, 148, 230]
[:mouse_move, 694, 409, 2, 149, 231]
[:mouse_move, 684, 395, 2, 150, 232]
[:mouse_move, 680, 390, 2, 151, 233]
[:mouse_move, 675, 380, 2, 152, 234]
[:mouse_move, 671, 372, 2, 153, 236]
[:mouse_move, 671, 370, 2, 154, 237]
[:mouse_move, 670, 366, 2, 155, 238]
[:mouse_move, 669, 364, 2, 156, 239]
[:mouse_move, 667, 360, 2, 157, 240]
[:mouse_move, 666, 356, 2, 158, 241]
[:mouse_move, 663, 348, 2, 159, 242]
[:mouse_move, 663, 345, 2, 160, 243]
[:mouse_move, 660, 334, 2, 161, 244]
[:mouse_move, 659, 332, 2, 162, 245]
[:mouse_move, 657, 325, 2, 163, 246]
[:mouse_move, 656, 322, 2, 164, 247]
[:mouse_move, 655, 317, 2, 165, 248]
[:mouse_move, 655, 315, 2, 166, 249]
[:mouse_move, 655, 312, 2, 167, 250]
[:mouse_move, 655, 311, 2, 168, 251]
[:mouse_move, 655, 310, 2, 169, 252]
[:mouse_button_pressed, 1, 0, 1, 170, 253]
[:mouse_move, 654, 310, 2, 171, 253]
[:mouse_button_up, 1, 0, 1, 172, 261]
[:mouse_move, 654, 311, 2, 173, 296]
[:mouse_move, 654, 314, 2, 174, 297]
[:mouse_move, 654, 336, 2, 175, 298]
[:mouse_move, 652, 351, 2, 176, 299]
[:mouse_move, 639, 399, 2, 177, 300]
[:mouse_move, 627, 425, 2, 178, 301]
[:mouse_move, 595, 482, 2, 179, 302]
[:mouse_move, 573, 510, 2, 180, 303]
[:mouse_move, 525, 555, 2, 181, 304]
[:mouse_move, 501, 574, 2, 182, 305]
[:mouse_move, 468, 592, 2, 183, 306]
[:mouse_move, 447, 602, 2, 184, 307]
[:mouse_move, 410, 615, 2, 185, 308]
[:mouse_move, 394, 620, 2, 186, 309]
[:mouse_move, 389, 621, 2, 187, 310]
[:mouse_move, 368, 627, 2, 188, 311]
[:mouse_move, 361, 630, 2, 189, 312]
[:mouse_move, 348, 634, 2, 190, 313]
[:mouse_move, 342, 636, 2, 191, 314]
[:mouse_move, 332, 641, 2, 192, 315]
[:mouse_move, 327, 643, 2, 193, 316]
[:mouse_move, 318, 650, 2, 194, 317]
[:mouse_move, 313, 653, 2, 195, 318]
[:mouse_move, 303, 662, 2, 196, 319]
[:mouse_move, 299, 667, 2, 197, 320]
[:mouse_move, 291, 676, 2, 198, 321]
[:mouse_move, 288, 680, 2, 199, 322]
[:mouse_move, 284, 685, 2, 200, 323]
[:mouse_move, 282, 688, 2, 201, 324]
[:mouse_move, 281, 691, 2, 202, 325]
[:mouse_move, 280, 691, 2, 203, 326]
[:mouse_move, 280, 692, 2, 204, 327]
[:mouse_move, 285, 692, 2, 205, 329]
[:mouse_move, 292, 691, 2, 206, 330]
[:mouse_move, 305, 690, 2, 207, 331]
[:mouse_move, 319, 690, 2, 208, 332]
[:mouse_move, 345, 690, 2, 209, 333]
[:mouse_move, 358, 692, 2, 210, 334]
[:mouse_move, 383, 699, 2, 211, 335]
[:mouse_move, 412, 708, 2, 212, 336]
[:mouse_move, 432, 713, 2, 213, 337]
[:mouse_move, 472, 719, 2, 214, 338]
[:mouse_move, 670, 719, 2, 215, 346]
[:mouse_move, 682, 717, 2, 216, 347]
[:mouse_move, 689, 717, 2, 217, 347]
[:mouse_move, 700, 715, 2, 218, 348]
[:mouse_move, 710, 715, 2, 219, 349]
[:mouse_move, 727, 712, 2, 220, 350]
[:mouse_move, 735, 711, 2, 221, 351]
[:mouse_move, 749, 708, 2, 222, 352]
[:mouse_move, 756, 706, 2, 223, 353]
[:mouse_move, 768, 704, 2, 224, 354]
[:mouse_move, 771, 703, 2, 225, 355]
[:mouse_move, 778, 701, 2, 226, 356]
[:mouse_move, 781, 701, 2, 227, 357]
[:mouse_move, 785, 700, 2, 228, 358]
[:mouse_move, 789, 700, 2, 229, 359]
[:mouse_move, 793, 700, 2, 230, 360]
[:mouse_move, 794, 700, 2, 231, 361]
[:mouse_move, 798, 700, 2, 232, 362]
[:mouse_move, 802, 700, 2, 233, 363]
[:mouse_move, 805, 700, 2, 234, 364]
[:mouse_move, 808, 700, 2, 235, 365]
[:mouse_move, 811, 700, 2, 236, 366]
[:mouse_move, 813, 700, 2, 237, 366]
[:mouse_move, 815, 700, 2, 238, 367]
[:mouse_move, 817, 700, 2, 239, 368]
[:mouse_move, 819, 699, 2, 240, 368]
[:mouse_move, 820, 699, 2, 241, 369]
[:mouse_move, 822, 699, 2, 242, 370]
[:mouse_move, 823, 699, 2, 243, 371]
[:mouse_move, 824, 699, 2, 244, 372]
[:mouse_move, 824, 698, 2, 245, 393]
[:mouse_move, 823, 697, 2, 246, 393]
[:mouse_move, 820, 692, 2, 247, 394]
[:mouse_move, 816, 687, 2, 248, 395]
[:mouse_move, 808, 673, 2, 249, 395]
[:mouse_move, 799, 656, 2, 250, 396]
[:mouse_move, 789, 634, 2, 251, 397]
[:mouse_move, 777, 610, 2, 252, 397]
[:mouse_move, 764, 581, 2, 253, 398]
[:mouse_move, 747, 549, 2, 254, 399]
[:mouse_move, 728, 515, 2, 255, 399]
[:mouse_move, 719, 502, 2, 256, 400]
[:mouse_move, 703, 478, 2, 257, 401]
[:mouse_move, 689, 459, 2, 258, 401]
[:mouse_move, 684, 453, 2, 259, 402]
[:mouse_move, 674, 440, 2, 260, 403]
[:mouse_move, 666, 430, 2, 261, 403]
[:mouse_move, 659, 423, 2, 262, 404]
[:mouse_move, 654, 417, 2, 263, 405]
[:mouse_move, 648, 410, 2, 264, 406]
[:mouse_move, 646, 408, 2, 265, 407]
[:mouse_move, 642, 405, 2, 266, 408]
[:mouse_move, 641, 403, 2, 267, 409]
[:mouse_move, 640, 403, 2, 268, 410]
[:mouse_move, 639, 403, 2, 269, 411]
[:mouse_move, 638, 405, 2, 270, 418]
[:mouse_move, 638, 406, 2, 271, 418]
[:mouse_move, 638, 408, 2, 272, 419]
[:mouse_move, 638, 410, 2, 273, 420]
[:mouse_move, 637, 411, 2, 274, 420]
[:mouse_move, 637, 413, 2, 275, 421]
[:mouse_move, 636, 414, 2, 276, 422]
[:mouse_move, 636, 416, 2, 277, 422]
[:mouse_move, 635, 417, 2, 278, 423]
[:mouse_move, 634, 418, 2, 279, 424]
[:mouse_move, 633, 420, 2, 280, 424]
[:mouse_move, 633, 421, 2, 281, 425]
[:mouse_move, 632, 422, 2, 282, 426]
[:mouse_move, 632, 423, 2, 283, 426]
[:mouse_move, 631, 423, 2, 284, 427]
[:mouse_move, 631, 424, 2, 285, 428]
[:mouse_move, 631, 425, 2, 286, 429]
[:mouse_button_pressed, 1, 0, 1, 287, 430]
[:mouse_move, 630, 425, 2, 288, 430]
[:mouse_button_up, 1, 0, 1, 289, 439]
[:mouse_move, 626, 430, 2, 290, 454]
[:mouse_move, 619, 439, 2, 291, 455]
[:mouse_move, 592, 466, 2, 292, 456]
[:mouse_move, 572, 487, 2, 293, 457]
[:mouse_move, 512, 541, 2, 294, 458]
[:mouse_move, 479, 569, 2, 295, 459]
[:mouse_move, 420, 614, 2, 296, 460]
[:mouse_move, 409, 621, 2, 297, 461]
[:mouse_move, 381, 636, 2, 298, 462]
[:mouse_move, 367, 642, 2, 299, 463]
[:mouse_move, 348, 649, 2, 300, 464]
[:mouse_move, 340, 652, 2, 301, 465]
[:mouse_move, 328, 655, 2, 302, 466]
[:mouse_move, 324, 656, 2, 303, 467]
[:mouse_move, 318, 658, 2, 304, 468]
[:mouse_move, 315, 659, 2, 305, 469]
[:mouse_move, 312, 660, 2, 306, 470]
[:mouse_move, 311, 661, 2, 307, 471]
[:mouse_move, 309, 662, 2, 308, 473]
[:mouse_move, 308, 665, 2, 309, 474]
[:mouse_move, 307, 667, 2, 310, 475]
[:mouse_move, 306, 670, 2, 311, 476]
[:mouse_move, 303, 676, 2, 312, 477]
[:mouse_move, 303, 677, 2, 313, 478]
[:mouse_move, 302, 681, 2, 314, 479]
[:mouse_move, 301, 683, 2, 315, 480]
[:mouse_move, 301, 685, 2, 316, 481]
[:mouse_move, 302, 686, 2, 317, 484]
[:mouse_move, 306, 686, 2, 318, 485]
[:mouse_move, 309, 686, 2, 319, 486]
[:mouse_move, 316, 686, 2, 320, 487]
[:mouse_move, 324, 686, 2, 321, 488]
[:mouse_move, 340, 687, 2, 322, 489]
[:mouse_move, 349, 687, 2, 323, 490]
[:mouse_move, 371, 687, 2, 324, 491]
[:mouse_move, 376, 687, 2, 325, 492]
[:mouse_move, 396, 687, 2, 326, 493]
[:mouse_move, 413, 687, 2, 327, 494]
[:mouse_move, 433, 687, 2, 328, 495]
[:mouse_move, 445, 687, 2, 329, 496]
[:mouse_move, 472, 685, 2, 330, 497]
[:mouse_move, 486, 684, 2, 331, 498]
[:mouse_move, 501, 682, 2, 332, 499]
[:mouse_move, 518, 680, 2, 333, 500]
[:mouse_move, 528, 680, 2, 334, 501]
[:mouse_move, 554, 678, 2, 335, 502]
[:mouse_move, 564, 678, 2, 336, 503]
[:mouse_move, 584, 678, 2, 337, 504]
[:mouse_move, 597, 677, 2, 338, 505]
[:mouse_move, 626, 675, 2, 339, 506]
[:mouse_move, 642, 673, 2, 340, 507]
[:mouse_move, 674, 670, 2, 341, 508]
[:mouse_move, 681, 669, 2, 342, 509]
[:mouse_move, 707, 668, 2, 343, 510]
[:mouse_move, 725, 668, 2, 344, 511]
[:mouse_move, 739, 668, 2, 345, 512]
[:mouse_move, 748, 668, 2, 346, 513]
[:mouse_move, 772, 668, 2, 347, 514]
[:mouse_move, 782, 668, 2, 348, 515]
[:mouse_move, 796, 668, 2, 349, 516]
[:mouse_move, 805, 668, 2, 350, 517]
[:mouse_move, 820, 667, 2, 351, 518]
[:mouse_move, 822, 667, 2, 352, 519]
[:mouse_move, 831, 667, 2, 353, 520]
[:mouse_move, 833, 667, 2, 354, 521]
[:mouse_move, 835, 667, 2, 355, 522]
[:mouse_move, 836, 667, 2, 356, 523]
[:mouse_move, 836, 666, 2, 357, 536]
[:mouse_move, 829, 659, 2, 358, 537]
[:mouse_move, 822, 653, 2, 359, 538]
[:mouse_move, 803, 635, 2, 360, 539]
[:mouse_move, 790, 626, 2, 361, 540]
[:mouse_move, 766, 610, 2, 362, 541]
[:mouse_move, 755, 604, 2, 363, 542]
[:mouse_move, 739, 599, 2, 364, 543]
[:mouse_move, 724, 595, 2, 365, 544]
[:mouse_move, 717, 593, 2, 366, 545]
[:mouse_move, 715, 593, 2, 367, 546]
[:mouse_move, 710, 593, 2, 368, 547]
[:mouse_move, 705, 592, 2, 369, 548]
[:mouse_move, 703, 592, 2, 370, 549]
[:mouse_move, 702, 592, 2, 371, 550]
[:mouse_move, 701, 592, 2, 372, 551]
[:mouse_button_pressed, 1, 0, 1, 373, 564]
[:mouse_button_up, 1, 0, 1, 374, 572]
[:mouse_move, 698, 592, 2, 375, 593]
[:mouse_move, 693, 592, 2, 376, 594]
[:mouse_move, 678, 590, 2, 377, 595]
[:mouse_move, 660, 589, 2, 378, 596]
[:mouse_move, 633, 589, 2, 379, 597]
[:mouse_move, 601, 589, 2, 380, 598]
[:mouse_move, 553, 597, 2, 381, 599]
[:mouse_move, 528, 601, 2, 382, 600]
[:mouse_move, 495, 609, 2, 383, 601]
[:mouse_move, 475, 613, 2, 384, 602]
[:mouse_move, 435, 621, 2, 385, 603]
[:mouse_move, 416, 624, 2, 386, 604]
[:mouse_move, 385, 632, 2, 387, 605]
[:mouse_move, 378, 634, 2, 388, 606]
[:mouse_move, 356, 641, 2, 389, 607]
[:mouse_move, 349, 644, 2, 390, 608]
[:mouse_move, 342, 647, 2, 391, 609]
[:mouse_move, 333, 654, 2, 392, 610]
[:mouse_move, 326, 660, 2, 393, 611]
[:mouse_move, 323, 663, 2, 394, 612]
[:mouse_move, 322, 665, 2, 395, 613]
[:mouse_move, 319, 669, 2, 396, 614]
[:mouse_move, 318, 671, 2, 397, 615]
[:mouse_move, 317, 673, 2, 398, 616]
[:mouse_move, 317, 674, 2, 399, 618]
[:mouse_move, 317, 675, 2, 400, 620]
[:mouse_move, 317, 676, 2, 401, 622]
[:mouse_move, 319, 676, 2, 402, 624]
[:mouse_move, 321, 677, 2, 403, 625]
[:mouse_move, 331, 678, 2, 404, 626]
[:mouse_move, 338, 678, 2, 405, 627]
[:mouse_move, 357, 680, 2, 406, 628]
[:mouse_move, 369, 680, 2, 407, 629]
[:mouse_move, 396, 682, 2, 408, 630]
[:mouse_move, 409, 683, 2, 409, 631]
[:mouse_move, 437, 684, 2, 410, 632]
[:mouse_move, 450, 685, 2, 411, 633]
[:mouse_move, 465, 686, 2, 412, 634]
[:mouse_move, 491, 686, 2, 413, 635]
[:mouse_move, 506, 686, 2, 414, 636]
[:mouse_move, 533, 686, 2, 415, 637]
[:mouse_move, 546, 686, 2, 416, 638]
[:mouse_move, 575, 684, 2, 417, 639]
[:mouse_move, 590, 682, 2, 418, 640]
[:mouse_move, 617, 677, 2, 419, 641]
[:mouse_move, 631, 675, 2, 420, 642]
[:mouse_move, 656, 671, 2, 421, 643]
[:mouse_move, 669, 670, 2, 422, 644]
[:mouse_move, 697, 667, 2, 423, 645]
[:mouse_move, 711, 667, 2, 424, 646]
[:mouse_move, 743, 666, 2, 425, 647]
[:mouse_move, 769, 666, 2, 426, 648]
[:mouse_move, 794, 666, 2, 427, 649]
[:mouse_move, 808, 666, 2, 428, 650]
[:mouse_move, 840, 666, 2, 429, 651]
[:mouse_move, 854, 666, 2, 430, 652]
[:mouse_move, 880, 666, 2, 431, 653]
[:mouse_move, 891, 667, 2, 432, 654]
[:mouse_move, 905, 668, 2, 433, 655]
[:mouse_move, 908, 668, 2, 434, 656]
[:mouse_move, 918, 669, 2, 435, 657]
[:mouse_move, 921, 670, 2, 436, 658]
[:mouse_move, 926, 671, 2, 437, 659]
[:mouse_move, 928, 671, 2, 438, 660]
[:mouse_move, 931, 671, 2, 439, 661]
[:mouse_move, 932, 672, 2, 440, 662]
[:mouse_move, 933, 672, 2, 441, 663]
[:mouse_move, 934, 672, 2, 442, 664]
[:mouse_move, 935, 672, 2, 443, 672]
[:mouse_move, 935, 670, 2, 444, 676]
[:mouse_move, 933, 666, 2, 445, 677]
[:mouse_move, 927, 651, 2, 446, 678]
[:mouse_move, 925, 646, 2, 447, 679]
[:mouse_move, 921, 637, 2, 448, 680]
[:mouse_move, 919, 633, 2, 449, 681]
[:mouse_move, 916, 627, 2, 450, 682]
[:key_down_raw, 1073742051, 1024, 2, 451, 752]
[:key_down_raw, 113, 1024, 2, 452, 752]
