replay_version 2.1
stopped_at 1265
seed 100
recorded_at 2026-05-05 20:44:04 -0500
[:mouse_button_up, 1, 0, 1, 1, 3]
[:mouse_move, 909, 133, 2, 2, 28]
[:mouse_move, 909, 134, 2, 3, 29]
[:mouse_move, 909, 136, 2, 4, 30]
[:mouse_move, 909, 138, 2, 5, 31]
[:mouse_move, 909, 140, 2, 6, 32]
[:mouse_move, 909, 142, 2, 7, 33]
[:mouse_move, 909, 145, 2, 8, 34]
[:mouse_move, 909, 149, 2, 9, 35]
[:mouse_move, 908, 156, 2, 10, 36]
[:mouse_move, 904, 168, 2, 11, 37]
[:mouse_move, 895, 183, 2, 12, 38]
[:mouse_move, 883, 203, 2, 13, 39]
[:mouse_move, 867, 225, 2, 14, 40]
[:mouse_move, 853, 245, 2, 15, 41]
[:mouse_move, 848, 254, 2, 16, 42]
[:mouse_move, 840, 263, 2, 17, 43]
[:mouse_move, 836, 269, 2, 18, 44]
[:mouse_move, 828, 276, 2, 19, 45]
[:mouse_move, 819, 282, 2, 20, 46]
[:mouse_move, 804, 287, 2, 21, 47]
[:mouse_move, 783, 291, 2, 22, 48]
[:mouse_move, 756, 295, 2, 23, 49]
[:mouse_move, 742, 297, 2, 24, 50]
[:mouse_move, 734, 297, 2, 25, 51]
[:mouse_move, 723, 296, 2, 26, 52]
[:mouse_move, 717, 292, 2, 27, 53]
[:mouse_move, 713, 283, 2, 28, 54]
[:mouse_move, 712, 266, 2, 29, 55]
[:mouse_move, 712, 244, 2, 30, 56]
[:mouse_move, 712, 241, 2, 31, 57]
[:mouse_button_pressed, 1, 0, 1, 32, 77]
[:mouse_move, 709, 241, 2, 33, 78]
[:mouse_move, 702, 240, 2, 34, 79]
[:mouse_move, 690, 238, 2, 35, 80]
[:mouse_move, 672, 237, 2, 36, 81]
[:mouse_move, 652, 235, 2, 37, 82]
[:mouse_move, 631, 235, 2, 38, 83]
[:mouse_move, 612, 236, 2, 39, 84]
[:mouse_move, 595, 238, 2, 40, 85]
[:mouse_move, 582, 240, 2, 41, 86]
[:mouse_move, 575, 241, 2, 42, 87]
[:mouse_move, 568, 242, 2, 43, 88]
[:mouse_move, 565, 242, 2, 44, 89]
[:mouse_move, 563, 242, 2, 45, 90]
[:mouse_move, 561, 243, 2, 46, 91]
[:mouse_move, 559, 243, 2, 47, 92]
[:mouse_move, 558, 244, 2, 48, 93]
[:mouse_move, 557, 244, 2, 49, 94]
[:mouse_move, 547, 249, 2, 50, 95]
[:mouse_move, 543, 251, 2, 51, 97]
[:mouse_move, 538, 254, 2, 52, 98]
[:mouse_move, 534, 256, 2, 53, 99]
[:mouse_move, 529, 259, 2, 54, 100]
[:mouse_move, 524, 262, 2, 55, 101]
[:mouse_move, 519, 266, 2, 56, 102]
[:mouse_move, 515, 270, 2, 57, 103]
[:mouse_move, 512, 273, 2, 58, 104]
[:mouse_move, 509, 276, 2, 59, 105]
[:mouse_move, 508, 278, 2, 60, 106]
[:mouse_move, 507, 280, 2, 61, 107]
[:mouse_move, 506, 281, 2, 62, 108]
[:mouse_move, 506, 283, 2, 63, 109]
[:mouse_move, 505, 284, 2, 64, 110]
[:mouse_move, 505, 285, 2, 65, 111]
[:mouse_move, 510, 281, 2, 66, 117]
[:mouse_move, 518, 272, 2, 67, 118]
[:mouse_move, 529, 260, 2, 68, 119]
[:mouse_move, 537, 251, 2, 69, 120]
[:mouse_move, 544, 242, 2, 70, 121]
[:mouse_move, 554, 233, 2, 71, 122]
[:mouse_move, 565, 225, 2, 72, 123]
[:mouse_move, 576, 218, 2, 73, 124]
[:mouse_move, 582, 215, 2, 74, 125]
[:mouse_move, 592, 211, 2, 75, 126]
[:mouse_move, 604, 207, 2, 76, 127]
[:mouse_move, 614, 205, 2, 77, 128]
[:mouse_move, 629, 203, 2, 78, 128]
[:mouse_move, 643, 200, 2, 79, 129]
[:mouse_move, 655, 198, 2, 80, 130]
[:mouse_move, 662, 197, 2, 81, 131]
[:mouse_move, 674, 194, 2, 82, 132]
[:mouse_move, 682, 193, 2, 83, 133]
[:mouse_move, 687, 192, 2, 84, 134]
[:mouse_move, 693, 191, 2, 85, 135]
[:mouse_move, 698, 190, 2, 86, 136]
[:mouse_move, 701, 189, 2, 87, 137]
[:mouse_move, 702, 189, 2, 88, 138]
[:mouse_move, 703, 189, 2, 89, 139]
[:mouse_move, 704, 189, 2, 90, 142]
[:mouse_move, 704, 188, 2, 91, 144]
[:mouse_move, 702, 188, 2, 92, 145]
[:mouse_move, 698, 188, 2, 93, 146]
[:mouse_move, 689, 188, 2, 94, 147]
[:mouse_move, 677, 187, 2, 95, 148]
[:mouse_move, 660, 187, 2, 96, 149]
[:mouse_move, 641, 187, 2, 97, 150]
[:mouse_move, 624, 187, 2, 98, 151]
[:mouse_move, 609, 188, 2, 99, 152]
[:mouse_move, 599, 189, 2, 100, 153]
[:mouse_move, 589, 190, 2, 101, 154]
[:mouse_move, 582, 191, 2, 102, 155]
[:mouse_move, 577, 192, 2, 103, 156]
[:mouse_move, 574, 193, 2, 104, 157]
[:mouse_move, 572, 194, 2, 105, 158]
[:mouse_move, 570, 194, 2, 106, 159]
[:mouse_move, 568, 195, 2, 107, 160]
[:mouse_move, 564, 196, 2, 108, 161]
[:mouse_move, 560, 197, 2, 109, 162]
[:mouse_move, 556, 198, 2, 110, 163]
[:mouse_move, 552, 199, 2, 111, 164]
[:mouse_move, 551, 199, 2, 112, 165]
[:mouse_move, 545, 202, 2, 113, 166]
[:mouse_move, 541, 204, 2, 114, 167]
[:mouse_move, 538, 205, 2, 115, 168]
[:mouse_move, 534, 207, 2, 116, 169]
[:mouse_move, 531, 208, 2, 117, 170]
[:mouse_move, 528, 210, 2, 118, 171]
[:mouse_move, 525, 211, 2, 119, 172]
[:mouse_move, 522, 213, 2, 120, 173]
[:mouse_move, 517, 214, 2, 121, 174]
[:mouse_move, 514, 216, 2, 122, 175]
[:mouse_move, 508, 218, 2, 123, 176]
[:mouse_move, 506, 218, 2, 124, 177]
[:mouse_move, 504, 219, 2, 125, 178]
[:mouse_move, 503, 219, 2, 126, 179]
[:mouse_move, 502, 219, 2, 127, 180]
[:mouse_move, 501, 219, 2, 128, 184]
[:mouse_move, 501, 218, 2, 129, 185]
[:mouse_move, 501, 217, 2, 130, 188]
[:mouse_move, 500, 217, 2, 131, 189]
[:mouse_move, 500, 216, 2, 132, 190]
[:mouse_move, 500, 215, 2, 133, 195]
[:mouse_move, 501, 215, 2, 134, 212]
[:mouse_move, 502, 214, 2, 135, 214]
[:mouse_move, 503, 214, 2, 136, 215]
[:mouse_move, 504, 213, 2, 137, 216]
[:mouse_move, 507, 211, 2, 138, 217]
[:mouse_move, 510, 210, 2, 139, 218]
[:mouse_move, 513, 208, 2, 140, 219]
[:mouse_move, 517, 206, 2, 141, 220]
[:mouse_move, 522, 204, 2, 142, 221]
[:mouse_move, 524, 203, 2, 143, 222]
[:mouse_move, 527, 202, 2, 144, 223]
[:mouse_move, 530, 201, 2, 145, 224]
[:mouse_move, 532, 200, 2, 146, 225]
[:mouse_move, 536, 199, 2, 147, 226]
[:mouse_move, 540, 198, 2, 148, 227]
[:mouse_move, 541, 197, 2, 149, 228]
[:mouse_move, 551, 194, 2, 150, 229]
[:mouse_move, 558, 191, 2, 151, 230]
[:mouse_move, 562, 189, 2, 152, 231]
[:mouse_move, 569, 187, 2, 153, 232]
[:mouse_move, 577, 185, 2, 154, 233]
[:mouse_move, 585, 182, 2, 155, 234]
[:mouse_move, 591, 180, 2, 156, 235]
[:mouse_move, 599, 177, 2, 157, 236]
[:mouse_move, 605, 176, 2, 158, 237]
[:mouse_move, 610, 173, 2, 159, 238]
[:mouse_move, 615, 172, 2, 160, 239]
[:mouse_move, 619, 171, 2, 161, 240]
[:mouse_move, 623, 170, 2, 162, 241]
[:mouse_move, 627, 170, 2, 163, 242]
[:mouse_move, 632, 169, 2, 164, 243]
[:mouse_move, 636, 168, 2, 165, 244]
[:mouse_move, 642, 167, 2, 166, 245]
[:mouse_move, 647, 166, 2, 167, 246]
[:mouse_move, 652, 166, 2, 168, 247]
[:mouse_move, 657, 166, 2, 169, 248]
[:mouse_move, 664, 166, 2, 170, 249]
[:mouse_move, 666, 166, 2, 171, 250]
[:mouse_move, 672, 167, 2, 172, 251]
[:mouse_move, 676, 167, 2, 173, 252]
[:mouse_move, 682, 167, 2, 174, 253]
[:mouse_move, 686, 168, 2, 175, 254]
[:mouse_move, 687, 168, 2, 176, 255]
[:mouse_move, 693, 168, 2, 177, 256]
[:mouse_move, 697, 169, 2, 178, 257]
[:mouse_move, 701, 169, 2, 179, 258]
[:mouse_move, 704, 170, 2, 180, 259]
[:mouse_move, 716, 170, 2, 181, 260]
[:mouse_move, 721, 170, 2, 182, 261]
[:mouse_move, 727, 171, 2, 183, 262]
[:mouse_move, 735, 171, 2, 184, 263]
[:mouse_move, 738, 171, 2, 185, 264]
[:mouse_move, 744, 172, 2, 186, 265]
[:mouse_move, 748, 173, 2, 187, 266]
[:mouse_move, 752, 174, 2, 188, 267]
[:mouse_move, 754, 174, 2, 189, 268]
[:mouse_move, 761, 174, 2, 190, 269]
[:mouse_move, 765, 174, 2, 191, 270]
[:mouse_move, 771, 175, 2, 192, 271]
[:mouse_move, 776, 175, 2, 193, 272]
[:mouse_move, 777, 175, 2, 194, 273]
[:mouse_move, 788, 176, 2, 195, 274]
[:mouse_move, 794, 176, 2, 196, 275]
[:mouse_move, 799, 176, 2, 197, 276]
[:mouse_move, 803, 176, 2, 198, 277]
[:mouse_move, 808, 177, 2, 199, 278]
[:mouse_move, 814, 177, 2, 200, 279]
[:mouse_move, 817, 178, 2, 201, 280]
[:mouse_move, 821, 178, 2, 202, 281]
[:mouse_move, 825, 179, 2, 203, 283]
[:mouse_move, 826, 179, 2, 204, 284]
[:mouse_move, 828, 179, 2, 205, 285]
[:mouse_move, 830, 180, 2, 206, 287]
[:mouse_move, 831, 180, 2, 207, 289]
[:mouse_move, 832, 180, 2, 208, 292]
[:mouse_move, 833, 180, 2, 209, 294]
[:mouse_move, 834, 180, 2, 210, 295]
[:mouse_move, 835, 181, 2, 211, 296]
[:mouse_move, 836, 181, 2, 212, 297]
[:mouse_move, 837, 181, 2, 213, 298]
[:mouse_move, 838, 182, 2, 214, 299]
[:mouse_move, 839, 182, 2, 215, 301]
[:mouse_button_up, 1, 0, 1, 216, 379]
[:mouse_move, 840, 182, 2, 217, 391]
[:mouse_move, 853, 182, 2, 218, 392]
[:mouse_move, 890, 181, 2, 219, 393]
[:mouse_move, 928, 181, 2, 220, 394]
[:mouse_move, 955, 181, 2, 221, 395]
[:mouse_move, 978, 181, 2, 222, 396]
[:mouse_move, 995, 180, 2, 223, 397]
[:mouse_move, 1020, 175, 2, 224, 398]
[:mouse_move, 1033, 171, 2, 225, 399]
[:mouse_move, 1044, 165, 2, 226, 400]
[:mouse_move, 1049, 161, 2, 227, 401]
[:mouse_move, 1057, 156, 2, 228, 402]
[:mouse_move, 1060, 153, 2, 229, 403]
[:mouse_move, 1068, 149, 2, 230, 404]
[:mouse_move, 1070, 148, 2, 231, 405]
[:mouse_move, 1073, 146, 2, 232, 406]
[:mouse_move, 1074, 146, 2, 233, 407]
[:mouse_move, 1075, 146, 2, 234, 408]
[:mouse_move, 1076, 145, 2, 235, 409]
[:mouse_move, 1078, 145, 2, 236, 410]
[:mouse_move, 1080, 144, 2, 237, 411]
[:mouse_move, 1084, 143, 2, 238, 412]
[:mouse_move, 1090, 141, 2, 239, 413]
[:mouse_move, 1099, 137, 2, 240, 414]
[:mouse_move, 1109, 133, 2, 241, 415]
[:mouse_move, 1115, 130, 2, 242, 416]
[:mouse_move, 1128, 125, 2, 243, 417]
[:mouse_move, 1130, 124, 2, 244, 418]
[:mouse_move, 1136, 122, 2, 245, 419]
[:mouse_move, 1139, 121, 2, 246, 420]
[:mouse_move, 1140, 121, 2, 247, 421]
[:mouse_move, 1141, 120, 2, 248, 422]
[:mouse_button_pressed, 1, 0, 1, 249, 424]
[:mouse_button_up, 1, 0, 1, 250, 433]
[:mouse_move, 1138, 120, 2, 251, 434]
[:mouse_move, 1120, 120, 2, 252, 435]
[:mouse_move, 1096, 120, 2, 253, 436]
[:mouse_move, 1058, 121, 2, 254, 437]
[:mouse_move, 1009, 127, 2, 255, 438]
[:mouse_move, 928, 143, 2, 256, 439]
[:mouse_move, 824, 166, 2, 257, 440]
[:mouse_move, 761, 179, 2, 258, 441]
[:mouse_move, 735, 182, 2, 259, 442]
[:mouse_move, 721, 183, 2, 260, 443]
[:mouse_move, 708, 184, 2, 261, 444]
[:mouse_move, 705, 184, 2, 262, 445]
[:mouse_button_pressed, 1, 0, 1, 263, 462]
[:mouse_move, 702, 184, 2, 264, 464]
[:mouse_move, 697, 183, 2, 265, 465]
[:mouse_move, 694, 182, 2, 266, 466]
[:mouse_move, 690, 182, 2, 267, 467]
[:mouse_move, 682, 180, 2, 268, 468]
[:mouse_move, 671, 179, 2, 269, 469]
[:mouse_move, 659, 177, 2, 270, 470]
[:mouse_move, 650, 177, 2, 271, 471]
[:mouse_move, 640, 176, 2, 272, 472]
[:mouse_move, 634, 175, 2, 273, 473]
[:mouse_move, 627, 174, 2, 274, 474]
[:mouse_move, 623, 174, 2, 275, 475]
[:mouse_move, 612, 173, 2, 276, 476]
[:mouse_move, 602, 173, 2, 277, 477]
[:mouse_move, 590, 172, 2, 278, 478]
[:mouse_move, 580, 172, 2, 279, 479]
[:mouse_move, 568, 173, 2, 280, 480]
[:mouse_move, 563, 173, 2, 281, 481]
[:mouse_move, 549, 173, 2, 282, 482]
[:mouse_move, 540, 174, 2, 283, 483]
[:mouse_move, 531, 175, 2, 284, 484]
[:mouse_move, 519, 176, 2, 285, 485]
[:mouse_move, 508, 176, 2, 286, 486]
[:mouse_move, 500, 177, 2, 287, 487]
[:mouse_move, 490, 179, 2, 288, 488]
[:mouse_move, 481, 180, 2, 289, 489]
[:mouse_move, 471, 181, 2, 290, 490]
[:mouse_move, 467, 182, 2, 291, 491]
[:mouse_move, 463, 182, 2, 292, 492]
[:mouse_move, 459, 183, 2, 293, 493]
[:mouse_move, 458, 183, 2, 294, 494]
[:mouse_move, 457, 184, 2, 295, 495]
[:mouse_move, 456, 184, 2, 296, 496]
[:mouse_move, 454, 184, 2, 297, 497]
[:mouse_move, 453, 184, 2, 298, 500]
[:mouse_move, 453, 183, 2, 299, 501]
[:mouse_move, 453, 182, 2, 300, 503]
[:mouse_move, 453, 180, 2, 301, 504]
[:mouse_move, 453, 179, 2, 302, 505]
[:mouse_move, 453, 176, 2, 303, 506]
[:mouse_move, 454, 172, 2, 304, 507]
[:mouse_move, 457, 167, 2, 305, 508]
[:mouse_move, 461, 160, 2, 306, 510]
[:mouse_move, 465, 152, 2, 307, 510]
[:mouse_move, 470, 146, 2, 308, 512]
[:mouse_move, 475, 140, 2, 309, 512]
[:mouse_move, 484, 131, 2, 310, 514]
[:mouse_move, 493, 125, 2, 311, 514]
[:mouse_move, 503, 118, 2, 312, 516]
[:mouse_move, 509, 115, 2, 313, 516]
[:mouse_move, 515, 111, 2, 314, 518]
[:mouse_move, 523, 107, 2, 315, 518]
[:mouse_move, 526, 106, 2, 316, 520]
[:mouse_move, 532, 104, 2, 317, 520]
[:mouse_move, 538, 102, 2, 318, 522]
[:mouse_move, 544, 100, 2, 319, 522]
[:mouse_move, 551, 98, 2, 320, 524]
[:mouse_move, 556, 96, 2, 321, 524]
[:mouse_move, 563, 93, 2, 322, 526]
[:mouse_move, 568, 92, 2, 323, 526]
[:mouse_move, 578, 89, 2, 324, 528]
[:mouse_move, 582, 88, 2, 325, 528]
[:mouse_move, 585, 87, 2, 326, 530]
[:mouse_move, 589, 86, 2, 327, 530]
[:mouse_move, 592, 86, 2, 328, 532]
[:mouse_move, 595, 85, 2, 329, 532]
[:mouse_move, 599, 84, 2, 330, 534]
[:mouse_move, 603, 84, 2, 331, 534]
[:mouse_move, 609, 82, 2, 332, 536]
[:mouse_move, 611, 82, 2, 333, 537]
[:mouse_move, 613, 81, 2, 334, 538]
[:mouse_move, 615, 80, 2, 335, 538]
[:mouse_move, 618, 79, 2, 336, 540]
[:mouse_move, 624, 77, 2, 337, 541]
[:mouse_move, 634, 75, 2, 338, 542]
[:mouse_move, 642, 74, 2, 339, 542]
[:mouse_move, 650, 73, 2, 340, 544]
[:mouse_move, 656, 72, 2, 341, 544]
[:mouse_move, 663, 70, 2, 342, 546]
[:mouse_move, 675, 68, 2, 343, 546]
[:mouse_move, 676, 68, 2, 344, 548]
[:mouse_move, 686, 68, 2, 345, 548]
[:mouse_move, 691, 67, 2, 346, 550]
[:mouse_move, 701, 67, 2, 347, 550]
[:mouse_move, 703, 67, 2, 348, 552]
[:mouse_move, 716, 69, 2, 349, 552]
[:mouse_move, 726, 71, 2, 350, 554]
[:mouse_move, 731, 72, 2, 351, 554]
[:mouse_move, 736, 73, 2, 352, 556]
[:mouse_move, 740, 74, 2, 353, 556]
[:mouse_move, 745, 75, 2, 354, 558]
[:mouse_move, 749, 76, 2, 355, 559]
[:mouse_move, 753, 78, 2, 356, 559]
[:mouse_move, 754, 78, 2, 357, 561]
[:mouse_move, 755, 78, 2, 358, 561]
[:mouse_move, 756, 79, 2, 359, 563]
[:mouse_move, 759, 81, 2, 360, 563]
[:mouse_move, 761, 82, 2, 361, 565]
[:mouse_move, 762, 83, 2, 362, 567]
[:mouse_move, 763, 83, 2, 363, 570]
[:mouse_move, 764, 84, 2, 364, 572]
[:mouse_move, 765, 84, 2, 365, 572]
[:mouse_move, 766, 85, 2, 366, 574]
[:mouse_move, 768, 87, 2, 367, 576]
[:mouse_move, 769, 87, 2, 368, 576]
[:mouse_move, 771, 89, 2, 369, 578]
[:mouse_move, 772, 90, 2, 370, 578]
[:mouse_move, 773, 92, 2, 371, 580]
[:mouse_move, 775, 93, 2, 372, 580]
[:mouse_move, 776, 94, 2, 373, 582]
[:mouse_move, 776, 95, 2, 374, 583]
[:mouse_move, 778, 97, 2, 375, 584]
[:mouse_move, 778, 98, 2, 376, 586]
[:mouse_move, 779, 99, 2, 377, 610]
[:mouse_move, 780, 99, 2, 378, 612]
[:mouse_move, 782, 100, 2, 379, 614]
[:mouse_move, 783, 102, 2, 380, 615]
[:mouse_move, 786, 106, 2, 381, 615]
[:mouse_move, 790, 110, 2, 382, 617]
[:mouse_move, 796, 118, 2, 383, 617]
[:mouse_move, 798, 121, 2, 384, 619]
[:mouse_move, 803, 128, 2, 385, 620]
[:mouse_move, 805, 132, 2, 386, 620]
[:mouse_move, 808, 136, 2, 387, 622]
[:mouse_move, 810, 139, 2, 388, 622]
[:mouse_move, 813, 142, 2, 389, 624]
[:mouse_move, 815, 144, 2, 390, 624]
[:mouse_move, 818, 148, 2, 391, 626]
[:mouse_move, 819, 150, 2, 392, 626]
[:mouse_move, 821, 154, 2, 393, 628]
[:mouse_move, 822, 156, 2, 394, 629]
[:mouse_move, 824, 158, 2, 395, 629]
[:mouse_move, 824, 159, 2, 396, 631]
[:mouse_move, 827, 161, 2, 397, 631]
[:mouse_move, 827, 162, 2, 398, 633]
[:mouse_move, 828, 163, 2, 399, 633]
[:mouse_move, 829, 163, 2, 400, 636]
[:mouse_move, 827, 163, 2, 401, 667]
[:mouse_move, 826, 163, 2, 402, 667]
[:mouse_move, 821, 162, 2, 403, 669]
[:mouse_move, 817, 161, 2, 404, 669]
[:mouse_move, 814, 160, 2, 405, 671]
[:mouse_move, 804, 158, 2, 406, 672]
[:mouse_move, 793, 153, 2, 407, 673]
[:mouse_move, 787, 151, 2, 408, 674]
[:mouse_move, 776, 147, 2, 409, 674]
[:mouse_move, 765, 144, 2, 410, 676]
[:mouse_move, 755, 141, 2, 411, 676]
[:mouse_move, 753, 140, 2, 412, 678]
[:mouse_move, 746, 137, 2, 413, 679]
[:mouse_move, 739, 135, 2, 414, 680]
[:mouse_move, 734, 133, 2, 415, 681]
[:mouse_move, 728, 131, 2, 416, 681]
[:mouse_move, 722, 130, 2, 417, 683]
[:mouse_move, 716, 127, 2, 418, 684]
[:mouse_move, 709, 126, 2, 419, 685]
[:mouse_move, 706, 125, 2, 420, 686]
[:mouse_move, 700, 123, 2, 421, 686]
[:mouse_move, 694, 121, 2, 422, 688]
[:mouse_move, 687, 120, 2, 423, 688]
[:mouse_move, 680, 117, 2, 424, 690]
[:mouse_move, 677, 116, 2, 425, 690]
[:mouse_move, 673, 115, 2, 426, 692]
[:mouse_move, 668, 113, 2, 427, 692]
[:mouse_move, 664, 112, 2, 428, 694]
[:mouse_move, 662, 112, 2, 429, 694]
[:mouse_move, 661, 112, 2, 430, 696]
[:mouse_move, 660, 112, 2, 431, 699]
[:mouse_move, 659, 112, 2, 432, 706]
[:mouse_move, 658, 112, 2, 433, 708]
[:mouse_move, 657, 113, 2, 434, 708]
[:mouse_move, 656, 114, 2, 435, 710]
[:mouse_move, 652, 115, 2, 436, 710]
[:mouse_move, 649, 117, 2, 437, 712]
[:mouse_move, 635, 122, 2, 438, 712]
[:mouse_move, 614, 133, 2, 439, 714]
[:mouse_move, 595, 142, 2, 440, 714]
[:mouse_move, 581, 150, 2, 441, 716]
[:mouse_move, 574, 153, 2, 442, 716]
[:mouse_move, 569, 156, 2, 443, 718]
[:mouse_move, 562, 160, 2, 444, 718]
[:mouse_move, 556, 163, 2, 445, 720]
[:mouse_move, 548, 167, 2, 446, 720]
[:mouse_move, 541, 170, 2, 447, 722]
[:mouse_move, 532, 173, 2, 448, 723]
[:mouse_move, 525, 177, 2, 449, 723]
[:mouse_move, 518, 180, 2, 450, 725]
[:mouse_move, 512, 182, 2, 451, 726]
[:mouse_move, 508, 184, 2, 452, 727]
[:mouse_move, 505, 186, 2, 453, 727]
[:mouse_move, 503, 187, 2, 454, 729]
[:mouse_move, 501, 189, 2, 455, 730]
[:mouse_move, 500, 190, 2, 456, 732]
[:mouse_move, 501, 189, 2, 457, 740]
[:mouse_move, 502, 189, 2, 458, 742]
[:mouse_move, 505, 187, 2, 459, 743]
[:mouse_move, 520, 181, 2, 460, 743]
[:mouse_move, 542, 174, 2, 461, 745]
[:mouse_move, 582, 166, 2, 462, 746]
[:mouse_move, 612, 159, 2, 463, 746]
[:mouse_move, 633, 155, 2, 464, 748]
[:mouse_move, 648, 152, 2, 465, 749]
[:mouse_move, 662, 149, 2, 466, 749]
[:mouse_move, 676, 147, 2, 467, 751]
[:mouse_move, 695, 145, 2, 468, 751]
[:mouse_move, 707, 144, 2, 469, 753]
[:mouse_move, 719, 143, 2, 470, 753]
[:mouse_move, 731, 143, 2, 471, 755]
[:mouse_move, 748, 143, 2, 472, 755]
[:mouse_move, 761, 144, 2, 473, 757]
[:mouse_move, 773, 145, 2, 474, 758]
[:mouse_move, 781, 145, 2, 475, 759]
[:mouse_move, 797, 147, 2, 476, 760]
[:mouse_move, 802, 148, 2, 477, 761]
[:mouse_move, 807, 148, 2, 478, 762]
[:mouse_move, 815, 149, 2, 479, 763]
[:mouse_move, 818, 150, 2, 480, 763]
[:mouse_move, 821, 151, 2, 481, 765]
[:mouse_move, 823, 152, 2, 482, 765]
[:mouse_move, 824, 153, 2, 483, 767]
[:mouse_move, 825, 153, 2, 484, 767]
[:mouse_move, 824, 154, 2, 485, 772]
[:mouse_move, 821, 154, 2, 486, 773]
[:mouse_move, 814, 154, 2, 487, 774]
[:mouse_move, 808, 154, 2, 488, 775]
[:mouse_move, 795, 154, 2, 489, 775]
[:mouse_move, 771, 150, 2, 490, 777]
[:mouse_move, 752, 148, 2, 491, 778]
[:mouse_move, 735, 145, 2, 492, 779]
[:mouse_move, 721, 143, 2, 493, 780]
[:mouse_move, 697, 140, 2, 494, 781]
[:mouse_move, 683, 139, 2, 495, 782]
[:mouse_move, 670, 137, 2, 496, 783]
[:mouse_move, 665, 137, 2, 497, 783]
[:mouse_move, 652, 135, 2, 498, 783]
[:mouse_move, 638, 134, 2, 499, 785]
[:mouse_move, 620, 134, 2, 500, 785]
[:mouse_move, 614, 134, 2, 501, 787]
[:mouse_move, 604, 135, 2, 502, 787]
[:mouse_move, 598, 135, 2, 503, 789]
[:mouse_move, 589, 136, 2, 504, 790]
[:mouse_move, 583, 137, 2, 505, 791]
[:mouse_move, 580, 138, 2, 506, 792]
[:mouse_move, 579, 138, 2, 507, 793]
[:mouse_move, 578, 138, 2, 508, 794]
[:mouse_move, 577, 138, 2, 509, 795]
[:mouse_move, 576, 139, 2, 510, 795]
[:mouse_move, 575, 139, 2, 511, 799]
[:mouse_move, 574, 139, 2, 512, 803]
[:mouse_move, 571, 140, 2, 513, 804]
[:mouse_move, 561, 143, 2, 514, 805]
[:mouse_move, 554, 145, 2, 515, 806]
[:mouse_move, 552, 146, 2, 516, 807]
[:mouse_move, 549, 146, 2, 517, 808]
[:mouse_move, 545, 147, 2, 518, 809]
[:mouse_move, 534, 149, 2, 519, 810]
[:mouse_move, 528, 149, 2, 520, 811]
[:mouse_move, 522, 151, 2, 521, 812]
[:mouse_move, 518, 152, 2, 522, 813]
[:mouse_move, 511, 154, 2, 523, 814]
[:mouse_move, 496, 161, 2, 524, 815]
[:mouse_move, 489, 165, 2, 525, 816]
[:mouse_move, 484, 168, 2, 526, 817]
[:mouse_move, 482, 169, 2, 527, 818]
[:mouse_move, 481, 170, 2, 528, 819]
[:mouse_move, 480, 170, 2, 529, 820]
[:mouse_move, 480, 171, 2, 530, 820]
[:mouse_move, 480, 170, 2, 531, 823]
[:mouse_move, 481, 170, 2, 532, 823]
[:mouse_move, 483, 169, 2, 533, 826]
[:mouse_move, 487, 167, 2, 534, 827]
[:mouse_move, 490, 165, 2, 535, 828]
[:mouse_move, 497, 162, 2, 536, 829]
[:mouse_move, 508, 158, 2, 537, 830]
[:mouse_move, 516, 154, 2, 538, 831]
[:mouse_move, 556, 143, 2, 539, 832]
[:mouse_move, 583, 137, 2, 540, 833]
[:mouse_move, 610, 132, 2, 541, 834]
[:mouse_move, 631, 129, 2, 542, 835]
[:mouse_move, 660, 125, 2, 543, 836]
[:mouse_move, 678, 123, 2, 544, 837]
[:mouse_move, 692, 122, 2, 545, 838]
[:mouse_move, 703, 122, 2, 546, 839]
[:mouse_move, 714, 122, 2, 547, 840]
[:mouse_move, 720, 122, 2, 548, 841]
[:mouse_move, 729, 122, 2, 549, 842]
[:mouse_move, 731, 122, 2, 550, 843]
[:mouse_move, 732, 122, 2, 551, 844]
[:mouse_move, 733, 122, 2, 552, 845]
[:mouse_button_up, 1, 0, 1, 553, 864]
[:mouse_move, 756, 119, 2, 554, 864]
[:mouse_move, 887, 107, 2, 555, 864]
[:mouse_move, 1009, 105, 2, 556, 866]
[:mouse_move, 1050, 107, 2, 557, 867]
[:mouse_move, 1071, 109, 2, 558, 868]
[:mouse_move, 1085, 110, 2, 559, 869]
[:mouse_move, 1094, 115, 2, 560, 870]
[:mouse_move, 1098, 130, 2, 561, 871]
[:mouse_move, 1101, 147, 2, 562, 872]
[:mouse_move, 1110, 165, 2, 563, 873]
[:mouse_move, 1119, 173, 2, 564, 874]
[:mouse_move, 1126, 174, 2, 565, 875]
[:mouse_move, 1130, 174, 2, 566, 876]
[:mouse_move, 1132, 174, 2, 567, 877]
[:mouse_move, 1133, 174, 2, 568, 878]
[:mouse_move, 1134, 174, 2, 569, 879]
[:mouse_move, 1134, 175, 2, 570, 880]
[:mouse_button_pressed, 1, 0, 1, 571, 880]
[:mouse_button_up, 1, 0, 1, 572, 882]
[:mouse_move, 1122, 179, 2, 573, 885]
[:mouse_move, 1068, 189, 2, 574, 886]
[:mouse_move, 1018, 192, 2, 575, 887]
[:mouse_move, 889, 176, 2, 576, 888]
[:mouse_move, 753, 154, 2, 577, 889]
[:mouse_move, 697, 144, 2, 578, 890]
[:mouse_move, 677, 132, 2, 579, 891]
[:mouse_move, 676, 130, 2, 580, 892]
[:mouse_button_pressed, 1, 0, 1, 581, 900]
[:mouse_move, 673, 129, 2, 582, 900]
[:mouse_move, 644, 125, 2, 583, 900]
[:mouse_move, 608, 124, 2, 584, 902]
[:mouse_move, 587, 124, 2, 585, 903]
[:mouse_move, 576, 125, 2, 586, 904]
[:mouse_move, 569, 125, 2, 587, 905]
[:mouse_move, 558, 125, 2, 588, 906]
[:mouse_move, 544, 126, 2, 589, 907]
[:mouse_move, 537, 126, 2, 590, 908]
[:mouse_move, 535, 126, 2, 591, 909]
[:mouse_move, 530, 127, 2, 592, 912]
[:mouse_move, 505, 134, 2, 593, 913]
[:mouse_move, 493, 139, 2, 594, 914]
[:mouse_move, 492, 139, 2, 595, 915]
[:mouse_move, 493, 139, 2, 596, 917]
[:mouse_move, 499, 137, 2, 597, 918]
[:mouse_move, 514, 131, 2, 598, 919]
[:mouse_move, 542, 123, 2, 599, 920]
[:mouse_move, 568, 118, 2, 600, 921]
[:mouse_move, 590, 113, 2, 601, 922]
[:mouse_move, 611, 111, 2, 602, 923]
[:mouse_move, 631, 109, 2, 603, 924]
[:mouse_move, 652, 108, 2, 604, 925]
[:mouse_move, 671, 107, 2, 605, 926]
[:mouse_move, 687, 106, 2, 606, 927]
[:mouse_move, 704, 107, 2, 607, 928]
[:mouse_move, 718, 108, 2, 608, 929]
[:mouse_move, 732, 109, 2, 609, 930]
[:mouse_move, 743, 111, 2, 610, 931]
[:mouse_move, 751, 113, 2, 611, 932]
[:mouse_move, 758, 114, 2, 612, 933]
[:mouse_move, 770, 117, 2, 613, 934]
[:mouse_move, 776, 117, 2, 614, 935]
[:mouse_move, 778, 118, 2, 615, 936]
[:mouse_move, 779, 119, 2, 616, 937]
[:mouse_move, 780, 119, 2, 617, 938]
[:mouse_move, 780, 120, 2, 618, 940]
[:mouse_move, 779, 120, 2, 619, 944]
[:mouse_move, 769, 120, 2, 620, 944]
[:mouse_move, 760, 119, 2, 621, 946]
[:mouse_move, 747, 114, 2, 622, 946]
[:mouse_move, 733, 111, 2, 623, 948]
[:mouse_move, 724, 110, 2, 624, 949]
[:mouse_move, 715, 109, 2, 625, 950]
[:mouse_move, 706, 109, 2, 626, 951]
[:mouse_move, 688, 109, 2, 627, 952]
[:mouse_move, 670, 109, 2, 628, 953]
[:mouse_move, 642, 107, 2, 629, 954]
[:mouse_move, 615, 107, 2, 630, 955]
[:mouse_move, 601, 107, 2, 631, 956]
[:mouse_move, 593, 107, 2, 632, 957]
[:mouse_move, 587, 107, 2, 633, 958]
[:mouse_move, 582, 106, 2, 634, 959]
[:mouse_move, 577, 106, 2, 635, 960]
[:mouse_move, 572, 106, 2, 636, 961]
[:mouse_move, 566, 106, 2, 637, 962]
[:mouse_move, 562, 106, 2, 638, 963]
[:mouse_move, 561, 106, 2, 639, 964]
[:mouse_move, 559, 107, 2, 640, 978]
[:mouse_move, 551, 110, 2, 641, 978]
[:mouse_move, 540, 115, 2, 642, 980]
[:mouse_move, 533, 118, 2, 643, 980]
[:mouse_move, 530, 120, 2, 644, 982]
[:mouse_move, 528, 121, 2, 645, 983]
[:mouse_move, 524, 123, 2, 646, 984]
[:mouse_move, 518, 125, 2, 647, 985]
[:mouse_move, 515, 127, 2, 648, 986]
[:mouse_move, 513, 127, 2, 649, 987]
[:mouse_move, 512, 127, 2, 650, 988]
[:mouse_move, 511, 128, 2, 651, 989]
[:mouse_move, 511, 127, 2, 652, 1000]
[:mouse_move, 513, 127, 2, 653, 1002]
[:mouse_move, 517, 127, 2, 654, 1003]
[:mouse_move, 524, 124, 2, 655, 1004]
[:mouse_move, 530, 122, 2, 656, 1005]
[:mouse_move, 535, 121, 2, 657, 1006]
[:mouse_move, 542, 119, 2, 658, 1007]
[:mouse_move, 549, 118, 2, 659, 1008]
[:mouse_move, 552, 117, 2, 660, 1009]
[:mouse_move, 556, 117, 2, 661, 1010]
[:mouse_move, 561, 116, 2, 662, 1011]
[:mouse_move, 567, 114, 2, 663, 1012]
[:mouse_move, 574, 113, 2, 664, 1013]
[:mouse_move, 581, 112, 2, 665, 1014]
[:mouse_move, 587, 111, 2, 666, 1015]
[:mouse_move, 591, 111, 2, 667, 1016]
[:mouse_move, 594, 110, 2, 668, 1017]
[:mouse_move, 599, 110, 2, 669, 1018]
[:mouse_move, 607, 110, 2, 670, 1019]
[:mouse_move, 617, 109, 2, 671, 1020]
[:mouse_move, 627, 109, 2, 672, 1021]
[:mouse_move, 634, 109, 2, 673, 1022]
[:mouse_move, 641, 108, 2, 674, 1023]
[:mouse_move, 646, 108, 2, 675, 1024]
[:mouse_move, 651, 107, 2, 676, 1025]
[:mouse_move, 654, 107, 2, 677, 1026]
[:mouse_move, 656, 107, 2, 678, 1027]
[:mouse_move, 657, 107, 2, 679, 1028]
[:mouse_move, 658, 107, 2, 680, 1029]
[:mouse_button_up, 1, 0, 1, 681, 1047]
[:mouse_move, 715, 97, 2, 682, 1047]
[:mouse_move, 895, 87, 2, 683, 1047]
[:mouse_move, 1055, 104, 2, 684, 1049]
[:mouse_move, 1150, 155, 2, 685, 1049]
[:mouse_move, 1180, 180, 2, 686, 1051]
[:mouse_move, 1182, 181, 2, 687, 1052]
[:mouse_move, 1183, 183, 2, 688, 1053]
[:mouse_move, 1183, 193, 2, 689, 1054]
[:mouse_move, 1182, 216, 2, 690, 1055]
[:mouse_move, 1180, 230, 2, 691, 1056]
[:mouse_move, 1178, 234, 2, 692, 1057]
[:mouse_move, 1178, 235, 2, 693, 1058]
[:mouse_button_pressed, 1, 0, 1, 694, 1060]
[:mouse_button_up, 1, 0, 1, 695, 1062]
[:mouse_move, 1132, 273, 2, 696, 1068]
[:mouse_move, 984, 395, 2, 697, 1069]
[:mouse_move, 806, 535, 2, 698, 1070]
[:mouse_move, 758, 563, 2, 699, 1071]
[:mouse_move, 742, 572, 2, 700, 1072]
[:mouse_move, 709, 592, 2, 701, 1073]
[:mouse_move, 686, 613, 2, 702, 1074]
[:mouse_move, 668, 631, 2, 703, 1075]
[:mouse_move, 655, 642, 2, 704, 1076]
[:mouse_move, 648, 646, 2, 705, 1077]
[:mouse_move, 645, 647, 2, 706, 1078]
[:mouse_move, 644, 647, 2, 707, 1079]
[:mouse_move, 642, 647, 2, 708, 1080]
[:mouse_button_pressed, 1, 0, 1, 709, 1087]
[:mouse_move, 644, 639, 2, 710, 1088]
[:mouse_move, 646, 632, 2, 711, 1089]
[:mouse_move, 648, 626, 2, 712, 1090]
[:mouse_move, 648, 622, 2, 713, 1091]
[:mouse_move, 649, 618, 2, 714, 1092]
[:mouse_move, 649, 617, 2, 715, 1093]
[:mouse_move, 650, 610, 2, 716, 1094]
[:mouse_move, 653, 598, 2, 717, 1095]
[:mouse_move, 657, 582, 2, 718, 1096]
[:mouse_move, 661, 563, 2, 719, 1097]
[:mouse_move, 663, 551, 2, 720, 1098]
[:mouse_move, 666, 528, 2, 721, 1099]
[:mouse_move, 670, 511, 2, 722, 1100]
[:mouse_move, 673, 489, 2, 723, 1101]
[:mouse_move, 673, 473, 2, 724, 1102]
[:mouse_move, 672, 456, 2, 725, 1103]
[:mouse_move, 672, 442, 2, 726, 1104]
[:mouse_move, 672, 423, 2, 727, 1105]
[:mouse_move, 670, 407, 2, 728, 1106]
[:mouse_move, 665, 390, 2, 729, 1107]
[:mouse_move, 664, 387, 2, 730, 1108]
[:mouse_move, 665, 390, 2, 731, 1109]
[:mouse_move, 649, 383, 2, 732, 1111]
[:mouse_move, 631, 375, 2, 733, 1112]
[:mouse_move, 605, 355, 2, 734, 1113]
[:mouse_move, 603, 353, 2, 735, 1113]
[:mouse_move, 592, 335, 2, 736, 1114]
[:mouse_move, 594, 316, 2, 737, 1115]
[:mouse_move, 605, 304, 2, 738, 1116]
[:mouse_move, 617, 301, 2, 739, 1117]
[:mouse_move, 640, 299, 2, 740, 1118]
[:mouse_move, 660, 299, 2, 741, 1119]
[:mouse_move, 687, 313, 2, 742, 1120]
[:mouse_move, 703, 331, 2, 743, 1121]
[:mouse_move, 718, 369, 2, 744, 1122]
[:mouse_move, 720, 397, 2, 745, 1123]
[:mouse_move, 720, 401, 2, 746, 1123]
[:mouse_move, 713, 434, 2, 747, 1124]
[:mouse_move, 702, 472, 2, 748, 1125]
[:mouse_move, 692, 494, 2, 749, 1126]
[:mouse_move, 643, 529, 2, 750, 1127]
[:mouse_move, 635, 534, 2, 751, 1127]
[:mouse_move, 604, 552, 2, 752, 1128]
[:mouse_move, 564, 566, 2, 753, 1129]
[:mouse_move, 540, 568, 2, 754, 1130]
[:mouse_move, 528, 560, 2, 755, 1131]
[:mouse_move, 522, 550, 2, 756, 1132]
[:mouse_move, 522, 544, 2, 757, 1133]
[:mouse_move, 522, 539, 2, 758, 1134]
[:mouse_move, 528, 536, 2, 759, 1135]
[:mouse_move, 534, 533, 2, 760, 1136]
[:mouse_move, 543, 529, 2, 761, 1137]
[:mouse_move, 549, 526, 2, 762, 1138]
[:mouse_move, 555, 522, 2, 763, 1139]
[:mouse_move, 561, 518, 2, 764, 1140]
[:mouse_move, 570, 513, 2, 765, 1141]
[:mouse_move, 583, 508, 2, 766, 1142]
[:mouse_move, 598, 502, 2, 767, 1143]
[:mouse_move, 622, 494, 2, 768, 1144]
[:mouse_move, 662, 488, 2, 769, 1145]
[:mouse_move, 703, 484, 2, 770, 1146]
[:mouse_move, 709, 483, 2, 771, 1147]
[:mouse_button_up, 1, 0, 1, 772, 1148]
[:mouse_move, 749, 479, 2, 773, 1148]
[:mouse_move, 856, 448, 2, 774, 1148]
[:mouse_move, 889, 431, 2, 775, 1150]
[:mouse_move, 923, 410, 2, 776, 1150]
[:mouse_move, 942, 400, 2, 777, 1152]
[:mouse_move, 952, 398, 2, 778, 1153]
[:mouse_move, 955, 398, 2, 779, 1154]
[:mouse_move, 961, 400, 2, 780, 1155]
[:mouse_move, 966, 404, 2, 781, 1156]
[:mouse_move, 970, 409, 2, 782, 1157]
[:mouse_move, 975, 417, 2, 783, 1158]
[:mouse_move, 984, 429, 2, 784, 1159]
[:mouse_move, 987, 433, 2, 785, 1160]
[:mouse_move, 989, 438, 2, 786, 1161]
[:mouse_move, 990, 443, 2, 787, 1162]
[:mouse_move, 1008, 463, 2, 788, 1169]
[:mouse_move, 1015, 471, 2, 789, 1170]
[:mouse_move, 1021, 480, 2, 790, 1171]
[:mouse_move, 1039, 511, 2, 791, 1172]
[:mouse_move, 1044, 520, 2, 792, 1173]
[:mouse_move, 1046, 522, 2, 793, 1174]
[:mouse_move, 1046, 524, 2, 794, 1175]
[:scancode_down_raw, 53, 0, 2, 795, 1232]
[:textinput, "`", 0, 1, 796, 1232]
[:scancode_up_raw, 53, 0, 2, 797, 1232]
[:mouse_move, 1045, 524, 2, 798, 1245]
[:mouse_move, 1044, 524, 2, 799, 1245]
[:mouse_move, 1043, 524, 2, 800, 1247]
[:mouse_move, 1041, 524, 2, 801, 1248]
[:mouse_move, 1040, 524, 2, 802, 1250]
[:mouse_button_pressed, 1, 0, 1, 803, 1254]
[:mouse_button_up, 1, 0, 1, 804, 1257]
[:scancode_down_raw, 53, 0, 2, 805, 1263]
[:textinput, "`", 0, 1, 806, 1263]
