replay_version 2.0
stopped_at 3480
seed 100
recorded_at 2023-03-28 12:46:00 -0500
[:mouse_button_up, 1, 0, 1, 1, 3]
[:mouse_move, 913, 144, 2, 2, 3]
[:mouse_move, 913, 145, 2, 3, 11]
[:mouse_move, 916, 156, 2, 4, 12]
[:mouse_move, 921, 167, 2, 5, 13]
[:mouse_move, 932, 193, 2, 6, 14]
[:mouse_move, 939, 211, 2, 7, 15]
[:mouse_move, 959, 258, 2, 8, 16]
[:mouse_move, 987, 335, 2, 9, 18]
[:mouse_move, 992, 356, 2, 10, 19]
[:mouse_move, 998, 390, 2, 11, 20]
[:mouse_move, 1000, 409, 2, 12, 21]
[:mouse_move, 1001, 423, 2, 13, 22]
[:mouse_move, 1001, 436, 2, 14, 23]
[:mouse_move, 1001, 445, 2, 15, 24]
[:mouse_move, 1000, 448, 2, 16, 25]
[:mouse_move, 999, 449, 2, 17, 26]
[:mouse_move, 998, 449, 2, 18, 28]
[:mouse_move, 997, 449, 2, 19, 29]
[:mouse_move, 996, 439, 2, 20, 131]
[:mouse_move, 986, 425, 2, 21, 132]
[:mouse_move, 983, 422, 2, 22, 133]
[:mouse_move, 979, 418, 2, 23, 134]
[:mouse_move, 975, 416, 2, 24, 135]
[:mouse_move, 965, 412, 2, 25, 136]
[:mouse_move, 930, 403, 2, 26, 137]
[:mouse_move, 907, 396, 2, 27, 138]
[:mouse_move, 818, 369, 2, 28, 139]
[:mouse_move, 768, 351, 2, 29, 140]
[:mouse_move, 581, 280, 2, 30, 141]
[:mouse_move, 537, 263, 2, 31, 142]
[:mouse_move, 340, 194, 2, 32, 143]
[:mouse_move, 264, 167, 2, 33, 144]
[:mouse_move, 219, 152, 2, 34, 145]
[:mouse_move, 138, 124, 2, 35, 146]
[:mouse_move, 106, 111, 2, 36, 147]
[:mouse_move, 100, 108, 2, 37, 148]
[:mouse_move, 83, 97, 2, 38, 149]
[:mouse_move, 79, 95, 2, 39, 150]
[:mouse_move, 76, 91, 2, 40, 151]
[:mouse_move, 75, 91, 2, 41, 152]
[:mouse_move, 75, 90, 2, 42, 153]
[:mouse_move, 75, 89, 2, 43, 154]
[:mouse_move, 75, 88, 2, 44, 156]
[:mouse_move, 76, 88, 2, 45, 158]
[:mouse_move, 76, 85, 2, 46, 160]
[:mouse_move, 74, 84, 2, 47, 161]
[:mouse_move, 65, 76, 2, 48, 162]
[:mouse_move, 63, 75, 2, 49, 163]
[:mouse_move, 55, 68, 2, 50, 164]
[:mouse_move, 52, 66, 2, 51, 165]
[:mouse_move, 49, 63, 2, 52, 166]
[:mouse_move, 47, 62, 2, 53, 167]
[:mouse_move, 46, 60, 2, 54, 168]
[:mouse_move, 45, 58, 2, 55, 169]
[:mouse_move, 43, 55, 2, 56, 170]
[:mouse_move, 42, 54, 2, 57, 171]
[:mouse_move, 41, 52, 2, 58, 172]
[:mouse_move, 40, 51, 2, 59, 173]
[:mouse_move, 38, 50, 2, 60, 174]
[:mouse_move, 37, 48, 2, 61, 175]
[:mouse_move, 35, 47, 2, 62, 176]
[:mouse_move, 34, 46, 2, 63, 177]
[:mouse_move, 33, 45, 2, 64, 178]
[:mouse_move, 32, 45, 2, 65, 179]
[:mouse_move, 32, 44, 2, 66, 180]
[:mouse_move, 31, 44, 2, 67, 181]
[:mouse_button_pressed, 1, 0, 1, 68, 183]
[:mouse_button_up, 1, 0, 1, 69, 190]
[:mouse_move, 33, 44, 2, 70, 192]
[:mouse_move, 45, 47, 2, 71, 193]
[:mouse_move, 57, 51, 2, 72, 194]
[:mouse_move, 70, 53, 2, 73, 195]
[:mouse_move, 101, 61, 2, 74, 196]
[:mouse_move, 137, 73, 2, 75, 197]
[:mouse_move, 158, 79, 2, 76, 198]
[:mouse_move, 201, 100, 2, 77, 199]
[:mouse_move, 225, 117, 2, 78, 200]
[:mouse_move, 286, 160, 2, 79, 201]
[:mouse_move, 310, 183, 2, 80, 202]
[:mouse_move, 352, 224, 2, 81, 203]
[:mouse_move, 359, 232, 2, 82, 204]
[:mouse_move, 389, 260, 2, 83, 205]
[:mouse_move, 402, 270, 2, 84, 206]
[:mouse_move, 412, 279, 2, 85, 207]
[:mouse_move, 418, 283, 2, 86, 208]
[:mouse_move, 422, 285, 2, 87, 209]
[:mouse_move, 425, 287, 2, 88, 210]
[:mouse_move, 426, 288, 2, 89, 211]
[:mouse_move, 426, 289, 2, 90, 212]
[:mouse_move, 427, 289, 2, 91, 213]
[:mouse_button_pressed, 1, 0, 1, 92, 221]
[:mouse_button_up, 1, 0, 1, 93, 228]
[:mouse_move, 426, 289, 2, 94, 230]
[:mouse_move, 424, 288, 2, 95, 231]
[:mouse_move, 408, 279, 2, 96, 232]
[:mouse_move, 394, 272, 2, 97, 233]
[:mouse_move, 348, 249, 2, 98, 234]
[:mouse_move, 322, 236, 2, 99, 235]
[:mouse_move, 234, 182, 2, 100, 236]
[:mouse_move, 198, 154, 2, 101, 237]
[:mouse_move, 176, 134, 2, 102, 238]
[:mouse_move, 158, 117, 2, 103, 239]
[:mouse_move, 140, 100, 2, 104, 240]
[:mouse_move, 123, 80, 2, 105, 241]
[:mouse_move, 116, 71, 2, 106, 242]
[:mouse_move, 104, 56, 2, 107, 243]
[:mouse_move, 103, 55, 2, 108, 244]
[:mouse_move, 97, 48, 2, 109, 245]
[:mouse_move, 95, 45, 2, 110, 246]
[:mouse_move, 93, 42, 2, 111, 247]
[:mouse_move, 92, 41, 2, 112, 248]
[:mouse_move, 90, 38, 2, 113, 249]
[:mouse_move, 90, 36, 2, 114, 250]
[:mouse_move, 89, 33, 2, 115, 251]
[:mouse_move, 89, 32, 2, 116, 252]
[:mouse_move, 88, 29, 2, 117, 253]
[:mouse_move, 87, 28, 2, 118, 254]
[:mouse_move, 87, 27, 2, 119, 255]
[:mouse_move, 86, 25, 2, 120, 256]
[:mouse_move, 85, 24, 2, 121, 257]
[:mouse_button_pressed, 1, 0, 1, 122, 260]
[:mouse_button_up, 1, 0, 1, 123, 268]
[:mouse_move, 88, 24, 2, 124, 278]
[:mouse_move, 93, 27, 2, 125, 279]
[:mouse_move, 105, 34, 2, 126, 280]
[:mouse_move, 115, 40, 2, 127, 281]
[:mouse_move, 134, 51, 2, 128, 282]
[:mouse_move, 146, 59, 2, 129, 283]
[:mouse_move, 179, 82, 2, 130, 284]
[:mouse_move, 194, 95, 2, 131, 285]
[:mouse_move, 230, 126, 2, 132, 286]
[:mouse_move, 238, 134, 2, 133, 287]
[:mouse_move, 269, 160, 2, 134, 288]
[:mouse_move, 273, 164, 2, 135, 289]
[:mouse_move, 291, 176, 2, 136, 290]
[:mouse_move, 305, 184, 2, 137, 291]
[:mouse_move, 315, 190, 2, 138, 292]
[:mouse_move, 317, 192, 2, 139, 293]
[:mouse_move, 325, 198, 2, 140, 294]
[:mouse_move, 329, 202, 2, 141, 295]
[:mouse_move, 330, 204, 2, 142, 296]
[:mouse_move, 341, 215, 2, 143, 297]
[:mouse_move, 345, 218, 2, 144, 298]
[:mouse_move, 352, 226, 2, 145, 299]
[:mouse_move, 356, 231, 2, 146, 300]
[:mouse_move, 368, 242, 2, 147, 301]
[:mouse_move, 372, 245, 2, 148, 302]
[:mouse_move, 382, 257, 2, 149, 303]
[:mouse_move, 390, 263, 2, 150, 304]
[:mouse_move, 402, 276, 2, 151, 305]
[:mouse_move, 404, 279, 2, 152, 306]
[:mouse_move, 412, 287, 2, 153, 307]
[:mouse_move, 415, 291, 2, 154, 308]
[:mouse_move, 421, 296, 2, 155, 309]
[:mouse_move, 423, 297, 2, 156, 310]
[:mouse_move, 426, 299, 2, 157, 311]
[:mouse_move, 427, 300, 2, 158, 312]
[:mouse_move, 428, 301, 2, 159, 313]
[:mouse_move, 429, 301, 2, 160, 314]
[:mouse_move, 430, 301, 2, 161, 316]
[:mouse_move, 431, 301, 2, 162, 318]
[:mouse_move, 432, 301, 2, 163, 320]
[:mouse_move, 433, 301, 2, 164, 321]
[:mouse_move, 434, 301, 2, 165, 322]
[:mouse_move, 436, 300, 2, 166, 324]
[:mouse_move, 438, 299, 2, 167, 326]
[:mouse_move, 439, 299, 2, 168, 328]
[:mouse_move, 440, 298, 2, 169, 329]
[:mouse_move, 441, 298, 2, 170, 331]
[:mouse_move, 442, 298, 2, 171, 332]
[:mouse_button_pressed, 1, 0, 1, 172, 348]
[:mouse_button_up, 1, 0, 1, 173, 356]
[:mouse_move, 442, 297, 2, 174, 357]
[:mouse_move, 441, 295, 2, 175, 358]
[:mouse_move, 434, 286, 2, 176, 359]
[:mouse_move, 428, 281, 2, 177, 360]
[:mouse_move, 402, 261, 2, 178, 361]
[:mouse_move, 388, 252, 2, 179, 362]
[:mouse_move, 338, 217, 2, 180, 363]
[:mouse_move, 314, 195, 2, 181, 364]
[:mouse_move, 277, 157, 2, 182, 365]
[:mouse_move, 268, 148, 2, 183, 366]
[:mouse_move, 247, 129, 2, 184, 367]
[:mouse_move, 225, 108, 2, 185, 368]
[:mouse_move, 218, 103, 2, 186, 369]
[:mouse_move, 212, 97, 2, 187, 370]
[:mouse_move, 208, 95, 2, 188, 371]
[:mouse_move, 199, 88, 2, 189, 372]
[:mouse_move, 195, 86, 2, 190, 373]
[:mouse_move, 188, 82, 2, 191, 374]
[:mouse_move, 182, 79, 2, 192, 375]
[:mouse_move, 176, 75, 2, 193, 376]
[:mouse_move, 164, 66, 2, 194, 377]
[:mouse_move, 163, 65, 2, 195, 378]
[:mouse_move, 160, 61, 2, 196, 379]
[:mouse_move, 155, 57, 2, 197, 380]
[:mouse_move, 153, 55, 2, 198, 381]
[:mouse_move, 150, 51, 2, 199, 382]
[:mouse_move, 147, 49, 2, 200, 383]
[:mouse_move, 144, 45, 2, 201, 384]
[:mouse_move, 143, 44, 2, 202, 385]
[:mouse_move, 141, 42, 2, 203, 386]
[:mouse_move, 140, 42, 2, 204, 387]
[:mouse_move, 139, 41, 2, 205, 388]
[:mouse_move, 138, 40, 2, 206, 389]
[:mouse_move, 137, 39, 2, 207, 391]
[:mouse_button_pressed, 1, 0, 1, 208, 393]
[:mouse_button_up, 1, 0, 1, 209, 401]
[:mouse_move, 138, 39, 2, 210, 402]
[:mouse_move, 139, 40, 2, 211, 403]
[:mouse_move, 155, 50, 2, 212, 404]
[:mouse_move, 205, 82, 2, 213, 406]
[:mouse_move, 246, 111, 2, 214, 407]
[:mouse_move, 274, 133, 2, 215, 408]
[:mouse_move, 342, 195, 2, 216, 409]
[:mouse_move, 353, 210, 2, 217, 410]
[:mouse_move, 378, 242, 2, 218, 411]
[:mouse_move, 389, 258, 2, 219, 412]
[:mouse_move, 409, 282, 2, 220, 413]
[:mouse_move, 410, 284, 2, 221, 414]
[:mouse_move, 418, 292, 2, 222, 415]
[:mouse_move, 420, 295, 2, 223, 416]
[:mouse_move, 422, 297, 2, 224, 417]
[:mouse_move, 423, 297, 2, 225, 418]
[:mouse_move, 424, 298, 2, 226, 419]
[:mouse_move, 425, 299, 2, 227, 420]
[:mouse_move, 428, 300, 2, 228, 421]
[:mouse_move, 430, 301, 2, 229, 422]
[:mouse_move, 433, 303, 2, 230, 423]
[:mouse_move, 434, 304, 2, 231, 424]
[:mouse_move, 435, 304, 2, 232, 425]
[:mouse_move, 437, 306, 2, 233, 426]
[:mouse_move, 438, 306, 2, 234, 427]
[:mouse_move, 441, 309, 2, 235, 428]
[:mouse_move, 442, 310, 2, 236, 429]
[:mouse_move, 445, 311, 2, 237, 430]
[:mouse_move, 446, 312, 2, 238, 431]
[:mouse_move, 448, 312, 2, 239, 432]
[:mouse_move, 449, 312, 2, 240, 433]
[:mouse_move, 450, 312, 2, 241, 434]
[:mouse_move, 451, 312, 2, 242, 436]
[:mouse_move, 452, 312, 2, 243, 439]
[:mouse_move, 453, 311, 2, 244, 440]
[:mouse_move, 454, 310, 2, 245, 442]
[:mouse_move, 454, 309, 2, 246, 444]
[:mouse_move, 455, 309, 2, 247, 446]
[:mouse_move, 455, 308, 2, 248, 455]
[:mouse_move, 455, 307, 2, 249, 460]
[:mouse_move, 455, 306, 2, 250, 461]
[:mouse_move, 456, 305, 2, 251, 463]
[:mouse_move, 456, 304, 2, 252, 466]
[:mouse_move, 456, 303, 2, 253, 467]
[:mouse_move, 456, 302, 2, 254, 469]
[:mouse_move, 457, 301, 2, 255, 471]
[:mouse_move, 457, 300, 2, 256, 478]
[:mouse_move, 457, 299, 2, 257, 482]
[:mouse_move, 457, 298, 2, 258, 484]
[:mouse_button_pressed, 1, 0, 1, 259, 490]
[:mouse_button_up, 1, 0, 1, 260, 496]
[:mouse_move, 457, 297, 2, 261, 501]
[:mouse_move, 449, 293, 2, 262, 502]
[:mouse_move, 436, 285, 2, 263, 503]
[:mouse_move, 413, 267, 2, 264, 504]
[:mouse_move, 400, 256, 2, 265, 505]
[:mouse_move, 356, 212, 2, 266, 506]
[:mouse_move, 338, 190, 2, 267, 507]
[:mouse_move, 316, 163, 2, 268, 508]
[:mouse_move, 305, 150, 2, 269, 509]
[:mouse_move, 288, 130, 2, 270, 510]
[:mouse_move, 281, 122, 2, 271, 511]
[:mouse_move, 274, 115, 2, 272, 512]
[:mouse_move, 261, 103, 2, 273, 513]
[:mouse_move, 254, 95, 2, 274, 514]
[:mouse_move, 242, 82, 2, 275, 515]
[:mouse_move, 234, 75, 2, 276, 516]
[:mouse_move, 222, 64, 2, 277, 517]
[:mouse_move, 216, 58, 2, 278, 518]
[:mouse_move, 206, 49, 2, 279, 519]
[:mouse_move, 200, 44, 2, 280, 520]
[:mouse_move, 194, 38, 2, 281, 521]
[:mouse_move, 192, 37, 2, 282, 522]
[:mouse_move, 189, 34, 2, 283, 523]
[:mouse_move, 188, 33, 2, 284, 524]
[:mouse_move, 186, 33, 2, 285, 525]
[:mouse_move, 185, 32, 2, 286, 526]
[:mouse_move, 184, 32, 2, 287, 527]
[:mouse_move, 183, 32, 2, 288, 528]
[:mouse_move, 182, 32, 2, 289, 529]
[:mouse_move, 181, 32, 2, 290, 530]
[:mouse_move, 179, 32, 2, 291, 531]
[:mouse_move, 179, 31, 2, 292, 532]
[:mouse_button_pressed, 1, 0, 1, 293, 535]
[:mouse_move, 178, 31, 2, 294, 535]
[:mouse_button_up, 1, 0, 1, 295, 543]
[:mouse_move, 186, 37, 2, 296, 544]
[:mouse_move, 196, 45, 2, 297, 545]
[:mouse_move, 222, 70, 2, 298, 546]
[:mouse_move, 254, 102, 2, 299, 547]
[:mouse_move, 312, 154, 2, 300, 548]
[:mouse_move, 343, 183, 2, 301, 549]
[:mouse_move, 411, 253, 2, 302, 550]
[:mouse_move, 422, 268, 2, 303, 551]
[:mouse_move, 436, 286, 2, 304, 552]
[:mouse_move, 449, 303, 2, 305, 553]
[:mouse_move, 463, 321, 2, 306, 554]
[:mouse_move, 465, 324, 2, 307, 555]
[:mouse_move, 470, 328, 2, 308, 556]
[:mouse_move, 472, 328, 2, 309, 558]
[:mouse_move, 472, 329, 2, 310, 559]
[:mouse_move, 473, 329, 2, 311, 561]
[:mouse_move, 474, 329, 2, 312, 564]
[:mouse_move, 475, 329, 2, 313, 566]
[:mouse_move, 476, 329, 2, 314, 567]
[:mouse_move, 476, 325, 2, 315, 571]
[:mouse_move, 476, 321, 2, 316, 572]
[:mouse_move, 476, 317, 2, 317, 573]
[:mouse_move, 476, 314, 2, 318, 574]
[:mouse_move, 474, 311, 2, 319, 575]
[:mouse_move, 474, 309, 2, 320, 576]
[:mouse_move, 473, 307, 2, 321, 577]
[:mouse_move, 473, 305, 2, 322, 578]
[:mouse_move, 471, 303, 2, 323, 579]
[:mouse_move, 471, 302, 2, 324, 581]
[:mouse_move, 471, 301, 2, 325, 582]
[:mouse_move, 470, 301, 2, 326, 590]
[:mouse_button_pressed, 1, 0, 1, 327, 603]
[:mouse_button_up, 1, 0, 1, 328, 611]
[:mouse_move, 472, 301, 2, 329, 612]
[:mouse_move, 476, 301, 2, 330, 613]
[:mouse_move, 487, 299, 2, 331, 614]
[:mouse_move, 540, 286, 2, 332, 615]
[:mouse_move, 589, 273, 2, 333, 616]
[:mouse_move, 618, 267, 2, 334, 617]
[:mouse_move, 627, 265, 2, 335, 618]
[:mouse_move, 654, 260, 2, 336, 619]
[:mouse_move, 667, 257, 2, 337, 620]
[:mouse_move, 675, 257, 2, 338, 621]
[:key_down_raw, 1073741904, 0, 2, 339, 682]
[:key_down_raw, 1073741904, 0, 2, 340, 697]
[:key_down_raw, 1073741904, 0, 2, 341, 699]
[:key_down_raw, 1073741904, 0, 2, 342, 701]
[:key_down_raw, 1073741904, 0, 2, 343, 703]
[:key_down_raw, 32, 0, 2, 344, 704]
[:key_up_raw, 32, 0, 2, 345, 713]
[:key_down_raw, 32, 0, 2, 346, 729]
[:key_up_raw, 1073741904, 0, 2, 347, 731]
[:key_up_raw, 32, 0, 2, 348, 738]
[:key_down_raw, 32, 0, 2, 349, 745]
[:key_down_raw, 1073741904, 0, 2, 350, 750]
[:key_up_raw, 32, 0, 2, 351, 752]
[:key_down_raw, 1073741904, 0, 2, 352, 765]
[:key_down_raw, 1073741904, 0, 2, 353, 767]
[:key_down_raw, 1073741904, 0, 2, 354, 769]
[:key_down_raw, 1073741904, 0, 2, 355, 771]
[:key_down_raw, 1073741904, 0, 2, 356, 773]
[:key_down_raw, 1073741904, 0, 2, 357, 775]
[:key_down_raw, 1073741904, 0, 2, 358, 777]
[:key_up_raw, 1073741904, 0, 2, 359, 779]
[:key_down_raw, 1073741904, 0, 2, 360, 791]
[:key_up_raw, 1073741904, 0, 2, 361, 796]
[:key_down_raw, 1073741904, 0, 2, 362, 806]
[:key_up_raw, 1073741904, 0, 2, 363, 813]
[:key_down_raw, 1073741904, 0, 2, 364, 827]
[:key_down_raw, 1073741904, 0, 2, 365, 842]
[:key_down_raw, 1073741904, 0, 2, 366, 844]
[:key_down_raw, 1073741904, 0, 2, 367, 846]
[:key_down_raw, 1073741904, 0, 2, 368, 848]
[:key_up_raw, 1073741904, 0, 2, 369, 849]
[:key_down_raw, 1073741904, 0, 2, 370, 862]
[:key_up_raw, 1073741904, 0, 2, 371, 867]
[:key_down_raw, 1073741903, 0, 2, 372, 876]
[:key_down_raw, 1073741903, 0, 2, 373, 891]
[:key_down_raw, 1073741903, 0, 2, 374, 893]
[:key_down_raw, 1073741903, 0, 2, 375, 895]
[:key_down_raw, 1073741903, 0, 2, 376, 897]
[:key_down_raw, 1073741903, 0, 2, 377, 899]
[:key_down_raw, 1073741903, 0, 2, 378, 901]
[:key_down_raw, 1073741903, 0, 2, 379, 903]
[:key_down_raw, 1073741903, 0, 2, 380, 905]
[:key_down_raw, 32, 0, 2, 381, 907]
[:key_up_raw, 32, 0, 2, 382, 913]
[:key_down_raw, 32, 0, 2, 383, 920]
[:key_up_raw, 1073741903, 0, 2, 384, 920]
[:key_down_raw, 32, 0, 2, 385, 935]
[:key_up_raw, 32, 0, 2, 386, 936]
[:key_down_raw, 32, 0, 2, 387, 941]
[:key_down_raw, 1073741904, 0, 2, 388, 942]
[:key_up_raw, 32, 0, 2, 389, 946]
[:key_up_raw, 1073741904, 0, 2, 390, 948]
[:key_down_raw, 1073741904, 0, 2, 391, 957]
[:key_up_raw, 1073741904, 0, 2, 392, 963]
[:key_down_raw, 1073741904, 0, 2, 393, 971]
[:key_up_raw, 1073741904, 0, 2, 394, 976]
[:key_down_raw, 1073741904, 0, 2, 395, 996]
[:key_down_raw, 1073741904, 0, 2, 396, 1011]
[:key_down_raw, 1073741904, 0, 2, 397, 1013]
[:key_up_raw, 1073741904, 0, 2, 398, 1014]
[:key_down_raw, 1073741904, 0, 2, 399, 1029]
[:key_up_raw, 1073741904, 0, 2, 400, 1033]
[:key_down_raw, 1073741903, 0, 2, 401, 1042]
[:key_down_raw, 1073741903, 0, 2, 402, 1057]
[:key_down_raw, 1073741903, 0, 2, 403, 1059]
[:key_down_raw, 1073741903, 0, 2, 404, 1061]
[:key_down_raw, 1073741903, 0, 2, 405, 1063]
[:key_down_raw, 1073741903, 0, 2, 406, 1065]
[:key_down_raw, 1073741903, 0, 2, 407, 1067]
[:key_down_raw, 1073741903, 0, 2, 408, 1069]
[:key_down_raw, 1073741903, 0, 2, 409, 1071]
[:key_down_raw, 1073741903, 0, 2, 410, 1073]
[:key_down_raw, 1073741903, 0, 2, 411, 1075]
[:key_down_raw, 1073741903, 0, 2, 412, 1077]
[:key_down_raw, 1073741903, 0, 2, 413, 1079]
[:key_down_raw, 1073741903, 0, 2, 414, 1081]
[:key_down_raw, 1073741903, 0, 2, 415, 1083]
[:key_down_raw, 1073741903, 0, 2, 416, 1085]
[:key_down_raw, 1073741903, 0, 2, 417, 1087]
[:key_down_raw, 1073741903, 0, 2, 418, 1089]
[:key_down_raw, 1073741903, 0, 2, 419, 1091]
[:key_down_raw, 1073741903, 0, 2, 420, 1093]
[:key_down_raw, 1073741903, 0, 2, 421, 1095]
[:key_down_raw, 1073741903, 0, 2, 422, 1097]
[:key_down_raw, 1073741903, 0, 2, 423, 1099]
[:key_down_raw, 1073741903, 0, 2, 424, 1101]
[:key_down_raw, 1073741903, 0, 2, 425, 1103]
[:key_down_raw, 1073741903, 0, 2, 426, 1105]
[:key_down_raw, 1073741903, 0, 2, 427, 1107]
[:key_down_raw, 1073741903, 0, 2, 428, 1109]
[:key_down_raw, 1073741903, 0, 2, 429, 1111]
[:key_down_raw, 1073741903, 0, 2, 430, 1113]
[:key_down_raw, 1073741903, 0, 2, 431, 1115]
[:key_down_raw, 1073741903, 0, 2, 432, 1117]
[:key_down_raw, 1073741903, 0, 2, 433, 1119]
[:key_down_raw, 1073741903, 0, 2, 434, 1121]
[:key_down_raw, 1073741903, 0, 2, 435, 1123]
[:key_down_raw, 1073741903, 0, 2, 436, 1125]
[:key_down_raw, 1073741903, 0, 2, 437, 1127]
[:key_down_raw, 1073741903, 0, 2, 438, 1129]
[:key_down_raw, 1073741903, 0, 2, 439, 1131]
[:key_down_raw, 1073741903, 0, 2, 440, 1133]
[:key_down_raw, 1073741903, 0, 2, 441, 1135]
[:key_down_raw, 1073741903, 0, 2, 442, 1137]
[:key_down_raw, 1073741903, 0, 2, 443, 1139]
[:key_down_raw, 1073741903, 0, 2, 444, 1141]
[:key_down_raw, 1073741903, 0, 2, 445, 1143]
[:key_down_raw, 1073741903, 0, 2, 446, 1145]
[:key_down_raw, 1073741903, 0, 2, 447, 1147]
[:key_down_raw, 1073741903, 0, 2, 448, 1149]
[:key_down_raw, 1073741903, 0, 2, 449, 1151]
[:key_down_raw, 1073741903, 0, 2, 450, 1153]
[:key_down_raw, 1073741903, 0, 2, 451, 1155]
[:key_down_raw, 1073741903, 0, 2, 452, 1157]
[:key_down_raw, 1073741903, 0, 2, 453, 1159]
[:key_down_raw, 1073741903, 0, 2, 454, 1161]
[:key_down_raw, 1073741903, 0, 2, 455, 1163]
[:key_down_raw, 1073741903, 0, 2, 456, 1165]
[:key_down_raw, 1073741903, 0, 2, 457, 1167]
[:key_down_raw, 1073741903, 0, 2, 458, 1169]
[:key_down_raw, 1073741903, 0, 2, 459, 1171]
[:key_down_raw, 1073741903, 0, 2, 460, 1173]
[:key_down_raw, 1073741903, 0, 2, 461, 1175]
[:key_down_raw, 1073741903, 0, 2, 462, 1177]
[:key_down_raw, 1073741903, 0, 2, 463, 1179]
[:key_down_raw, 1073741903, 0, 2, 464, 1181]
[:key_down_raw, 1073741903, 0, 2, 465, 1183]
[:key_down_raw, 1073741903, 0, 2, 466, 1185]
[:key_down_raw, 1073741903, 0, 2, 467, 1187]
[:key_down_raw, 1073741903, 0, 2, 468, 1189]
[:key_down_raw, 1073741903, 0, 2, 469, 1191]
[:key_down_raw, 1073741903, 0, 2, 470, 1193]
[:key_down_raw, 1073741903, 0, 2, 471, 1195]
[:key_down_raw, 1073741903, 0, 2, 472, 1197]
[:key_down_raw, 1073741904, 0, 2, 473, 1199]
[:key_up_raw, 1073741903, 0, 2, 474, 1199]
[:key_down_raw, 1073741904, 0, 2, 475, 1214]
[:key_down_raw, 1073741904, 0, 2, 476, 1216]
[:key_down_raw, 1073741904, 0, 2, 477, 1218]
[:key_down_raw, 1073741904, 0, 2, 478, 1220]
[:key_down_raw, 1073741904, 0, 2, 479, 1222]
[:key_down_raw, 1073741904, 0, 2, 480, 1224]
[:key_down_raw, 1073741904, 0, 2, 481, 1226]
[:key_down_raw, 1073741904, 0, 2, 482, 1228]
[:key_down_raw, 1073741904, 0, 2, 483, 1230]
[:key_down_raw, 1073741904, 0, 2, 484, 1232]
[:key_down_raw, 1073741904, 0, 2, 485, 1234]
[:key_down_raw, 1073741904, 0, 2, 486, 1236]
[:key_down_raw, 1073741904, 0, 2, 487, 1238]
[:key_down_raw, 1073741904, 0, 2, 488, 1240]
[:key_down_raw, 1073741904, 0, 2, 489, 1242]
[:key_down_raw, 1073741904, 0, 2, 490, 1244]
[:key_down_raw, 1073741904, 0, 2, 491, 1246]
[:key_down_raw, 1073741904, 0, 2, 492, 1248]
[:key_down_raw, 1073741904, 0, 2, 493, 1250]
[:key_down_raw, 1073741904, 0, 2, 494, 1252]
[:key_down_raw, 1073741904, 0, 2, 495, 1254]
[:key_down_raw, 1073741904, 0, 2, 496, 1256]
[:key_down_raw, 1073741904, 0, 2, 497, 1258]
[:key_down_raw, 1073741904, 0, 2, 498, 1260]
[:key_down_raw, 1073741904, 0, 2, 499, 1262]
[:key_down_raw, 1073741904, 0, 2, 500, 1264]
[:key_down_raw, 1073741904, 0, 2, 501, 1266]
[:key_down_raw, 1073741904, 0, 2, 502, 1268]
[:key_down_raw, 1073741904, 0, 2, 503, 1270]
[:key_down_raw, 1073741904, 0, 2, 504, 1272]
[:key_down_raw, 1073741904, 0, 2, 505, 1274]
[:key_down_raw, 1073741904, 0, 2, 506, 1276]
[:key_down_raw, 1073741904, 0, 2, 507, 1278]
[:key_down_raw, 1073741904, 0, 2, 508, 1280]
[:key_down_raw, 1073741904, 0, 2, 509, 1282]
[:key_down_raw, 1073741904, 0, 2, 510, 1284]
[:key_down_raw, 1073741904, 0, 2, 511, 1286]
[:key_down_raw, 1073741904, 0, 2, 512, 1288]
[:key_down_raw, 1073741904, 0, 2, 513, 1290]
[:key_down_raw, 1073741904, 0, 2, 514, 1292]
[:key_down_raw, 1073741904, 0, 2, 515, 1294]
[:key_down_raw, 1073741904, 0, 2, 516, 1296]
[:key_down_raw, 1073741904, 0, 2, 517, 1298]
[:key_down_raw, 1073741904, 0, 2, 518, 1300]
[:key_down_raw, 1073741904, 0, 2, 519, 1302]
[:key_down_raw, 1073741904, 0, 2, 520, 1304]
[:key_down_raw, 1073741904, 0, 2, 521, 1306]
[:key_down_raw, 1073741904, 0, 2, 522, 1308]
[:key_down_raw, 1073741904, 0, 2, 523, 1310]
[:key_down_raw, 1073741904, 0, 2, 524, 1312]
[:key_down_raw, 1073741904, 0, 2, 525, 1314]
[:key_down_raw, 1073741904, 0, 2, 526, 1316]
[:key_down_raw, 1073741904, 0, 2, 527, 1318]
[:key_down_raw, 1073741904, 0, 2, 528, 1320]
[:key_down_raw, 1073741904, 0, 2, 529, 1322]
[:key_down_raw, 1073741904, 0, 2, 530, 1324]
[:key_down_raw, 1073741904, 0, 2, 531, 1326]
[:key_down_raw, 1073741904, 0, 2, 532, 1328]
[:key_down_raw, 1073741904, 0, 2, 533, 1330]
[:key_down_raw, 1073741904, 0, 2, 534, 1332]
[:key_down_raw, 1073741904, 0, 2, 535, 1334]
[:key_down_raw, 1073741904, 0, 2, 536, 1336]
[:key_down_raw, 1073741904, 0, 2, 537, 1338]
[:key_down_raw, 1073741904, 0, 2, 538, 1340]
[:key_down_raw, 1073741904, 0, 2, 539, 1342]
[:key_down_raw, 1073741904, 0, 2, 540, 1344]
[:key_down_raw, 1073741904, 0, 2, 541, 1346]
[:key_down_raw, 1073741904, 0, 2, 542, 1348]
[:key_down_raw, 1073741904, 0, 2, 543, 1350]
[:key_down_raw, 1073741904, 0, 2, 544, 1352]
[:key_down_raw, 1073741904, 0, 2, 545, 1354]
[:key_down_raw, 1073741904, 0, 2, 546, 1356]
[:key_down_raw, 1073741904, 0, 2, 547, 1358]
[:key_down_raw, 1073741904, 0, 2, 548, 1360]
[:key_down_raw, 1073741904, 0, 2, 549, 1362]
[:key_down_raw, 1073741904, 0, 2, 550, 1364]
[:key_down_raw, 1073741904, 0, 2, 551, 1366]
[:key_down_raw, 1073741904, 0, 2, 552, 1368]
[:key_down_raw, 1073741904, 0, 2, 553, 1370]
[:key_down_raw, 1073741904, 0, 2, 554, 1372]
[:key_down_raw, 1073741904, 0, 2, 555, 1374]
[:key_down_raw, 1073741904, 0, 2, 556, 1376]
[:key_up_raw, 1073741904, 0, 2, 557, 1377]
[:key_down_raw, 1073741903, 0, 2, 558, 1377]
[:key_down_raw, 32, 0, 2, 559, 1384]
[:key_up_raw, 1073741903, 0, 2, 560, 1390]
[:key_down_raw, 32, 0, 2, 561, 1399]
[:key_down_raw, 32, 0, 2, 562, 1401]
[:key_down_raw, 32, 0, 2, 563, 1403]
[:key_down_raw, 32, 0, 2, 564, 1405]
[:key_down_raw, 32, 0, 2, 565, 1407]
[:key_down_raw, 32, 0, 2, 566, 1409]
[:key_down_raw, 32, 0, 2, 567, 1411]
[:key_down_raw, 32, 0, 2, 568, 1413]
[:key_down_raw, 32, 0, 2, 569, 1415]
[:key_down_raw, 32, 0, 2, 570, 1417]
[:key_down_raw, 1073741903, 0, 2, 571, 1418]
[:key_down_raw, 1073741903, 0, 2, 572, 1434]
[:key_down_raw, 1073741903, 0, 2, 573, 1435]
[:key_down_raw, 1073741903, 0, 2, 574, 1437]
[:key_down_raw, 1073741903, 0, 2, 575, 1439]
[:key_down_raw, 1073741903, 0, 2, 576, 1441]
[:key_down_raw, 1073741903, 0, 2, 577, 1443]
[:key_down_raw, 1073741903, 0, 2, 578, 1445]
[:key_down_raw, 1073741903, 0, 2, 579, 1447]
[:key_down_raw, 1073741903, 0, 2, 580, 1450]
[:key_down_raw, 1073741903, 0, 2, 581, 1451]
[:key_down_raw, 1073741903, 0, 2, 582, 1454]
[:key_down_raw, 1073741903, 0, 2, 583, 1455]
[:key_down_raw, 1073741903, 0, 2, 584, 1457]
[:key_down_raw, 1073741903, 0, 2, 585, 1460]
[:key_down_raw, 1073741903, 0, 2, 586, 1461]
[:key_down_raw, 1073741903, 0, 2, 587, 1464]
[:key_down_raw, 1073741903, 0, 2, 588, 1465]
[:key_down_raw, 1073741903, 0, 2, 589, 1467]
[:key_down_raw, 1073741903, 0, 2, 590, 1469]
[:key_down_raw, 1073741903, 0, 2, 591, 1472]
[:key_down_raw, 1073741903, 0, 2, 592, 1474]
[:key_down_raw, 1073741903, 0, 2, 593, 1476]
[:key_down_raw, 1073741903, 0, 2, 594, 1477]
[:key_down_raw, 1073741903, 0, 2, 595, 1480]
[:key_down_raw, 1073741903, 0, 2, 596, 1482]
[:key_down_raw, 1073741903, 0, 2, 597, 1484]
[:key_down_raw, 1073741903, 0, 2, 598, 1485]
[:key_down_raw, 1073741903, 0, 2, 599, 1487]
[:key_down_raw, 1073741903, 0, 2, 600, 1490]
[:key_down_raw, 1073741903, 0, 2, 601, 1491]
[:key_down_raw, 1073741903, 0, 2, 602, 1493]
[:key_down_raw, 1073741903, 0, 2, 603, 1495]
[:key_down_raw, 1073741903, 0, 2, 604, 1497]
[:key_down_raw, 1073741903, 0, 2, 605, 1499]
[:key_down_raw, 1073741903, 0, 2, 606, 1501]
[:key_down_raw, 1073741903, 0, 2, 607, 1503]
[:key_down_raw, 1073741903, 0, 2, 608, 1505]
[:key_down_raw, 1073741903, 0, 2, 609, 1508]
[:key_down_raw, 1073741903, 0, 2, 610, 1510]
[:key_down_raw, 1073741903, 0, 2, 611, 1511]
[:key_down_raw, 1073741903, 0, 2, 612, 1513]
[:key_down_raw, 1073741903, 0, 2, 613, 1515]
[:key_down_raw, 1073741903, 0, 2, 614, 1517]
[:key_down_raw, 1073741903, 0, 2, 615, 1519]
[:key_down_raw, 1073741903, 0, 2, 616, 1522]
[:key_down_raw, 1073741903, 0, 2, 617, 1524]
[:key_down_raw, 1073741903, 0, 2, 618, 1526]
[:key_down_raw, 1073741903, 0, 2, 619, 1528]
[:key_down_raw, 1073741903, 0, 2, 620, 1530]
[:key_down_raw, 1073741903, 0, 2, 621, 1532]
[:key_down_raw, 1073741903, 0, 2, 622, 1534]
[:key_down_raw, 1073741903, 0, 2, 623, 1536]
[:key_down_raw, 1073741903, 0, 2, 624, 1538]
[:key_down_raw, 1073741903, 0, 2, 625, 1540]
[:key_down_raw, 1073741903, 0, 2, 626, 1542]
[:key_down_raw, 1073741903, 0, 2, 627, 1544]
[:key_down_raw, 1073741903, 0, 2, 628, 1546]
[:key_down_raw, 1073741903, 0, 2, 629, 1548]
[:key_down_raw, 1073741903, 0, 2, 630, 1550]
[:key_down_raw, 1073741903, 0, 2, 631, 1552]
[:key_down_raw, 1073741903, 0, 2, 632, 1554]
[:key_down_raw, 1073741903, 0, 2, 633, 1556]
[:key_down_raw, 1073741903, 0, 2, 634, 1558]
[:key_down_raw, 1073741903, 0, 2, 635, 1560]
[:key_down_raw, 1073741903, 0, 2, 636, 1562]
[:key_down_raw, 1073741903, 0, 2, 637, 1564]
[:key_down_raw, 1073741903, 0, 2, 638, 1566]
[:key_down_raw, 1073741903, 0, 2, 639, 1568]
[:key_down_raw, 1073741903, 0, 2, 640, 1570]
[:key_down_raw, 1073741903, 0, 2, 641, 1572]
[:key_down_raw, 1073741903, 0, 2, 642, 1574]
[:key_up_raw, 1073741903, 0, 2, 643, 1576]
[:key_down_raw, 1073741903, 0, 2, 644, 1596]
[:key_up_raw, 1073741903, 0, 2, 645, 1602]
[:key_down_raw, 1073741904, 0, 2, 646, 1612]
[:key_down_raw, 1073741904, 0, 2, 647, 1627]
[:key_down_raw, 1073741904, 0, 2, 648, 1629]
[:key_down_raw, 1073741904, 0, 2, 649, 1631]
[:key_down_raw, 1073741904, 0, 2, 650, 1633]
[:key_down_raw, 1073741904, 0, 2, 651, 1635]
[:key_down_raw, 1073741904, 0, 2, 652, 1637]
[:key_up_raw, 32, 0, 2, 653, 1639]
[:key_down_raw, 1073741904, 0, 2, 654, 1639]
[:key_down_raw, 1073741904, 0, 2, 655, 1641]
[:key_down_raw, 1073741904, 0, 2, 656, 1643]
[:key_up_raw, 1073741904, 0, 2, 657, 1643]
[:key_down_raw, 32, 0, 2, 658, 1668]
[:key_down_raw, 32, 0, 2, 659, 1683]
[:key_down_raw, 32, 0, 2, 660, 1685]
[:key_down_raw, 32, 0, 2, 661, 1687]
[:key_up_raw, 32, 0, 2, 662, 1689]
[:key_down_raw, 1073741904, 0, 2, 663, 1705]
[:key_down_raw, 32, 0, 2, 664, 1719]
[:key_up_raw, 1073741904, 0, 2, 665, 1721]
[:key_down_raw, 32, 0, 2, 666, 1734]
[:key_down_raw, 32, 0, 2, 667, 1736]
[:key_up_raw, 32, 0, 2, 668, 1736]
[:key_down_raw, 1073741904, 0, 2, 669, 1744]
[:key_down_raw, 1073741904, 0, 2, 670, 1759]
[:key_down_raw, 1073741904, 0, 2, 671, 1761]
[:key_down_raw, 1073741904, 0, 2, 672, 1763]
[:key_down_raw, 32, 0, 2, 673, 1765]
[:key_up_raw, 1073741904, 0, 2, 674, 1767]
[:key_down_raw, 32, 0, 2, 675, 1780]
[:key_down_raw, 32, 0, 2, 676, 1782]
[:key_down_raw, 32, 0, 2, 677, 1784]
[:key_down_raw, 32, 0, 2, 678, 1786]
[:key_down_raw, 32, 0, 2, 679, 1788]
[:key_up_raw, 32, 0, 2, 680, 1789]
[:key_down_raw, 1073741904, 0, 2, 681, 1791]
[:key_down_raw, 1073741904, 0, 2, 682, 1806]
[:key_down_raw, 1073741904, 0, 2, 683, 1808]
[:key_down_raw, 1073741904, 0, 2, 684, 1810]
[:key_down_raw, 1073741904, 0, 2, 685, 1812]
[:key_down_raw, 1073741904, 0, 2, 686, 1814]
[:key_down_raw, 1073741904, 0, 2, 687, 1816]
[:key_down_raw, 1073741904, 0, 2, 688, 1818]
[:key_down_raw, 32, 0, 2, 689, 1819]
[:key_up_raw, 32, 0, 2, 690, 1826]
[:key_down_raw, 32, 0, 2, 691, 1832]
[:key_up_raw, 32, 0, 2, 692, 1837]
[:key_down_raw, 32, 0, 2, 693, 1842]
[:key_up_raw, 32, 0, 2, 694, 1846]
[:key_down_raw, 32, 0, 2, 695, 1851]
[:key_up_raw, 32, 0, 2, 696, 1855]
[:key_down_raw, 32, 0, 2, 697, 1859]
[:key_up_raw, 32, 0, 2, 698, 1864]
[:key_down_raw, 32, 0, 2, 699, 1868]
[:key_up_raw, 32, 0, 2, 700, 1872]
[:key_down_raw, 32, 0, 2, 701, 1877]
[:key_up_raw, 1073741904, 0, 2, 702, 1877]
[:key_down_raw, 1073741903, 0, 2, 703, 1880]
[:key_up_raw, 32, 0, 2, 704, 1881]
[:key_down_raw, 32, 0, 2, 705, 1889]
[:key_up_raw, 32, 0, 2, 706, 1894]
[:key_down_raw, 32, 0, 2, 707, 1900]
[:key_up_raw, 32, 0, 2, 708, 1903]
[:key_down_raw, 32, 0, 2, 709, 1908]
[:key_up_raw, 32, 0, 2, 710, 1912]
[:key_down_raw, 32, 0, 2, 711, 1917]
[:key_up_raw, 32, 0, 2, 712, 1921]
[:key_down_raw, 32, 0, 2, 713, 1927]
[:key_up_raw, 32, 0, 2, 714, 1930]
[:key_down_raw, 32, 0, 2, 715, 1936]
[:key_up_raw, 32, 0, 2, 716, 1940]
[:key_down_raw, 32, 0, 2, 717, 1945]
[:key_up_raw, 32, 0, 2, 718, 1950]
[:key_down_raw, 32, 0, 2, 719, 1955]
[:key_up_raw, 32, 0, 2, 720, 1959]
[:key_down_raw, 32, 0, 2, 721, 1964]
[:key_up_raw, 32, 0, 2, 722, 1968]
[:key_down_raw, 32, 0, 2, 723, 1974]
[:key_up_raw, 32, 0, 2, 724, 1978]
[:key_down_raw, 32, 0, 2, 725, 1983]
[:key_up_raw, 32, 0, 2, 726, 1987]
[:key_down_raw, 32, 0, 2, 727, 1992]
[:key_up_raw, 32, 0, 2, 728, 1997]
[:key_down_raw, 32, 0, 2, 729, 2002]
[:key_up_raw, 32, 0, 2, 730, 2006]
[:key_down_raw, 32, 0, 2, 731, 2011]
[:key_up_raw, 32, 0, 2, 732, 2015]
[:key_down_raw, 32, 0, 2, 733, 2019]
[:key_down_raw, 32, 0, 2, 734, 2034]
[:key_down_raw, 32, 0, 2, 735, 2036]
[:key_down_raw, 32, 0, 2, 736, 2038]
[:key_up_raw, 1073741903, 0, 2, 737, 2040]
[:key_down_raw, 32, 0, 2, 738, 2040]
[:key_down_raw, 32, 0, 2, 739, 2042]
[:key_down_raw, 32, 0, 2, 740, 2044]
[:key_down_raw, 32, 0, 2, 741, 2046]
[:key_down_raw, 32, 0, 2, 742, 2048]
[:key_down_raw, 32, 0, 2, 743, 2050]
[:key_down_raw, 1073741904, 0, 2, 744, 2052]
[:key_up_raw, 32, 0, 2, 745, 2057]
[:key_up_raw, 1073741904, 0, 2, 746, 2065]
[:key_down_raw, 1073741903, 0, 2, 747, 2098]
[:key_up_raw, 1073741903, 0, 2, 748, 2105]
[:key_down_raw, 1073741903, 0, 2, 749, 2119]
[:key_up_raw, 1073741903, 0, 2, 750, 2123]
[:key_down_raw, 1073741904, 0, 2, 751, 2136]
[:key_down_raw, 1073741904, 0, 2, 752, 2151]
[:key_down_raw, 1073741904, 0, 2, 753, 2153]
[:key_down_raw, 1073741904, 0, 2, 754, 2155]
[:key_down_raw, 1073741904, 0, 2, 755, 2158]
[:key_down_raw, 1073741904, 0, 2, 756, 2159]
[:key_down_raw, 32, 0, 2, 757, 2160]
[:key_down_raw, 32, 0, 2, 758, 2175]
[:key_down_raw, 32, 0, 2, 759, 2177]
[:key_down_raw, 32, 0, 2, 760, 2179]
[:key_down_raw, 32, 0, 2, 761, 2181]
[:key_down_raw, 32, 0, 2, 762, 2183]
[:key_up_raw, 32, 0, 2, 763, 2183]
[:key_up_raw, 1073741904, 0, 2, 764, 2184]
[:key_down_raw, 1073741903, 0, 2, 765, 2383]
[:key_down_raw, 1073741903, 0, 2, 766, 2398]
[:key_down_raw, 1073741903, 0, 2, 767, 2400]
[:key_down_raw, 1073741903, 0, 2, 768, 2402]
[:key_down_raw, 1073741903, 0, 2, 769, 2404]
[:key_down_raw, 1073741903, 0, 2, 770, 2406]
[:key_down_raw, 1073741903, 0, 2, 771, 2408]
[:key_down_raw, 1073741903, 0, 2, 772, 2410]
[:key_down_raw, 1073741903, 0, 2, 773, 2412]
[:key_down_raw, 1073741903, 0, 2, 774, 2414]
[:key_down_raw, 1073741903, 0, 2, 775, 2416]
[:key_down_raw, 1073741903, 0, 2, 776, 2418]
[:key_down_raw, 1073741903, 0, 2, 777, 2420]
[:key_down_raw, 1073741903, 0, 2, 778, 2422]
[:key_down_raw, 1073741903, 0, 2, 779, 2424]
[:key_down_raw, 1073741903, 0, 2, 780, 2426]
[:key_down_raw, 1073741903, 0, 2, 781, 2428]
[:key_down_raw, 32, 0, 2, 782, 2429]
[:key_up_raw, 32, 0, 2, 783, 2435]
[:key_down_raw, 32, 0, 2, 784, 2505]
[:key_up_raw, 32, 0, 2, 785, 2513]
[:key_down_raw, 32, 0, 2, 786, 2564]
[:key_up_raw, 32, 0, 2, 787, 2570]
[:key_down_raw, 32, 0, 2, 788, 2623]
[:key_up_raw, 32, 0, 2, 789, 2629]
[:key_down_raw, 32, 0, 2, 790, 2647]
[:key_up_raw, 32, 0, 2, 791, 2653]
[:key_down_raw, 32, 0, 2, 792, 2662]
[:key_up_raw, 32, 0, 2, 793, 2667]
[:key_up_raw, 1073741903, 0, 2, 794, 2721]
[:key_down_raw, 1073741904, 0, 2, 795, 2741]
[:key_down_raw, 1073741904, 0, 2, 796, 2756]
[:key_down_raw, 1073741904, 0, 2, 797, 2758]
[:key_down_raw, 1073741904, 0, 2, 798, 2760]
[:key_down_raw, 1073741904, 0, 2, 799, 2762]
[:key_down_raw, 1073741904, 0, 2, 800, 2764]
[:key_down_raw, 1073741904, 0, 2, 801, 2766]
[:key_down_raw, 1073741904, 0, 2, 802, 2768]
[:key_down_raw, 1073741904, 0, 2, 803, 2770]
[:key_down_raw, 32, 0, 2, 804, 2771]
[:key_up_raw, 32, 0, 2, 805, 2778]
[:key_down_raw, 32, 0, 2, 806, 2875]
[:key_up_raw, 32, 0, 2, 807, 2886]
[:key_down_raw, 32, 0, 2, 808, 2946]
[:key_up_raw, 32, 0, 2, 809, 2953]
[:key_down_raw, 32, 0, 2, 810, 3014]
[:key_up_raw, 32, 0, 2, 811, 3019]
[:key_down_raw, 32, 0, 2, 812, 3064]
[:key_up_raw, 32, 0, 2, 813, 3070]
[:key_up_raw, 1073741904, 0, 2, 814, 3089]
[:key_down_raw, 1073741904, 0, 2, 815, 3104]
[:key_up_raw, 1073741904, 0, 2, 816, 3114]
[:key_down_raw, 1073741904, 0, 2, 817, 3121]
[:key_down_raw, 1073741904, 0, 2, 818, 3136]
[:key_down_raw, 1073741904, 0, 2, 819, 3138]
[:key_down_raw, 1073741904, 0, 2, 820, 3140]
[:key_down_raw, 1073741904, 0, 2, 821, 3142]
[:key_down_raw, 1073741904, 0, 2, 822, 3144]
[:key_down_raw, 1073741904, 0, 2, 823, 3146]
[:key_down_raw, 1073741904, 0, 2, 824, 3148]
[:key_down_raw, 1073741904, 0, 2, 825, 3150]
[:key_down_raw, 1073741904, 0, 2, 826, 3152]
[:key_down_raw, 1073741904, 0, 2, 827, 3154]
[:key_down_raw, 1073741904, 0, 2, 828, 3156]
[:key_down_raw, 1073741904, 0, 2, 829, 3158]
[:key_down_raw, 1073741904, 0, 2, 830, 3160]
[:key_down_raw, 1073741904, 0, 2, 831, 3162]
[:key_down_raw, 1073741904, 0, 2, 832, 3164]
[:key_down_raw, 1073741904, 0, 2, 833, 3166]
[:key_down_raw, 1073741904, 0, 2, 834, 3168]
[:key_down_raw, 1073741904, 0, 2, 835, 3170]
[:key_down_raw, 1073741904, 0, 2, 836, 3172]
[:key_down_raw, 1073741904, 0, 2, 837, 3174]
[:key_down_raw, 1073741904, 0, 2, 838, 3176]
[:key_down_raw, 1073741904, 0, 2, 839, 3178]
[:key_down_raw, 1073741904, 0, 2, 840, 3180]
[:key_down_raw, 1073741904, 0, 2, 841, 3182]
[:key_down_raw, 1073741904, 0, 2, 842, 3184]
[:key_down_raw, 1073741904, 0, 2, 843, 3186]
[:key_up_raw, 1073741904, 0, 2, 844, 3186]
[:key_down_raw, 32, 0, 2, 845, 3188]
[:key_down_raw, 32, 0, 2, 846, 3203]
[:key_down_raw, 32, 0, 2, 847, 3205]
[:key_down_raw, 32, 0, 2, 848, 3208]
[:key_down_raw, 1073741904, 0, 2, 849, 3209]
[:key_up_raw, 1073741904, 0, 2, 850, 3218]
[:key_down_raw, 1073741903, 0, 2, 851, 3251]
[:key_up_raw, 1073741903, 0, 2, 852, 3255]
[:key_up_raw, 32, 0, 2, 853, 3284]
[:key_down_raw, 1073741904, 0, 2, 854, 3293]
[:key_up_raw, 1073741904, 0, 2, 855, 3299]
[:key_down_raw, 96, 0, 2, 856, 3403]
[:key_up_raw, 96, 0, 2, 857, 3407]
[:key_down_raw, 13, 0, 2, 858, 3480]
