replay_version 2.0
stopped_at 820
seed 100
recorded_at Sun Sep 29 21:39:44 2019
[:key_down_raw, 1073741903, 0, 2, 1, 142]
[:key_up_raw, 1073741903, 0, 2, 2, 155]
[:key_down_raw, 1073741904, 0, 2, 3, 172]
[:key_down_raw, 1073741903, 0, 2, 4, 187]
[:key_up_raw, 1073741904, 0, 2, 5, 188]
[:key_down_raw, 32, 0, 2, 6, 207]
[:key_down_raw, 1073741904, 0, 2, 7, 207]
[:key_up_raw, 1073741903, 0, 2, 8, 210]
[:key_down_raw, 1073741903, 0, 2, 9, 229]
[:key_up_raw, 1073741904, 0, 2, 10, 233]
[:key_up_raw, 32, 0, 2, 11, 250]
[:key_down_raw, 1073741904, 0, 2, 12, 251]
[:key_up_raw, 1073741903, 0, 2, 13, 251]
[:key_up_raw, 1073741904, 0, 2, 14, 264]
[:key_down_raw, 1073741903, 0, 2, 15, 277]
[:key_up_raw, 1073741903, 0, 2, 16, 284]
[:key_down_raw, 1073741903, 0, 2, 17, 318]
[:key_down_raw, 1073741903, 0, 2, 18, 343]
[:key_down_raw, 1073741903, 0, 2, 19, 345]
[:key_down_raw, 1073741903, 0, 2, 20, 347]
[:key_down_raw, 1073741903, 0, 2, 21, 349]
[:key_down_raw, 1073741903, 0, 2, 22, 351]
[:key_up_raw, 1073741903, 0, 2, 23, 351]
[:key_down_raw, 1073741904, 0, 2, 24, 373]
[:key_up_raw, 1073741904, 0, 2, 25, 381]
[:key_down_raw, 1073741904, 0, 2, 26, 400]
[:key_up_raw, 1073741904, 0, 2, 27, 404]
[:key_down_raw, 1073741904, 0, 2, 28, 412]
[:key_down_raw, 1073741904, 0, 2, 29, 438]
[:key_up_raw, 1073741904, 0, 2, 30, 439]
[:key_down_raw, 1073741903, 0, 2, 31, 467]
[:key_down_raw, 1073741903, 0, 2, 32, 492]
[:key_down_raw, 1073741903, 0, 2, 33, 494]
[:key_down_raw, 1073741903, 0, 2, 34, 496]
[:key_down_raw, 1073741903, 0, 2, 35, 498]
[:key_down_raw, 1073741903, 0, 2, 36, 500]
[:key_down_raw, 1073741903, 0, 2, 37, 502]
[:key_down_raw, 1073741903, 0, 2, 38, 504]
[:key_down_raw, 1073741903, 0, 2, 39, 506]
[:key_down_raw, 1073741903, 0, 2, 40, 509]
[:key_down_raw, 1073741903, 0, 2, 41, 510]
[:key_down_raw, 1073741903, 0, 2, 42, 513]
[:key_down_raw, 1073741903, 0, 2, 43, 515]
[:key_down_raw, 1073741903, 0, 2, 44, 517]
[:key_down_raw, 1073741903, 0, 2, 45, 519]
[:key_down_raw, 1073741903, 0, 2, 46, 521]
[:key_down_raw, 1073741903, 0, 2, 47, 523]
[:key_down_raw, 1073741903, 0, 2, 48, 525]
[:key_down_raw, 1073741903, 0, 2, 49, 527]
[:key_up_raw, 1073741903, 0, 2, 50, 527]
[:key_down_raw, 1073741903, 0, 2, 51, 559]
[:key_down_raw, 1073741903, 0, 2, 52, 584]
[:key_down_raw, 1073741903, 0, 2, 53, 586]
[:key_down_raw, 1073741903, 0, 2, 54, 588]
[:key_down_raw, 1073741903, 0, 2, 55, 590]
[:key_down_raw, 1073741903, 0, 2, 56, 592]
[:key_down_raw, 1073741903, 0, 2, 57, 595]
[:key_down_raw, 1073741903, 0, 2, 58, 597]
[:key_down_raw, 1073741903, 0, 2, 59, 599]
[:key_down_raw, 1073741903, 0, 2, 60, 601]
[:key_down_raw, 32, 0, 2, 61, 601]
[:key_down_raw, 1073741904, 0, 2, 62, 604]
[:key_up_raw, 1073741903, 0, 2, 63, 606]
[:key_down_raw, 1073741903, 0, 2, 64, 620]
[:key_up_raw, 1073741904, 0, 2, 65, 624]
[:key_down_raw, 1073741903, 0, 2, 66, 645]
[:key_down_raw, 1073741903, 0, 2, 67, 647]
[:key_down_raw, 1073741903, 0, 2, 68, 649]
[:key_down_raw, 1073741903, 0, 2, 69, 651]
[:key_down_raw, 1073741903, 0, 2, 70, 654]
[:key_down_raw, 1073741903, 0, 2, 71, 656]
[:key_down_raw, 1073741903, 0, 2, 72, 658]
[:key_up_raw, 32, 0, 2, 73, 658]
[:key_down_raw, 1073741903, 0, 2, 74, 660]
[:key_down_raw, 1073741903, 0, 2, 75, 662]
[:key_down_raw, 1073741903, 0, 2, 76, 664]
[:key_down_raw, 1073741903, 0, 2, 77, 666]
[:key_down_raw, 1073741903, 0, 2, 78, 668]
[:key_down_raw, 1073741903, 0, 2, 79, 670]
[:key_down_raw, 1073741903, 0, 2, 80, 672]
[:key_down_raw, 1073741903, 0, 2, 81, 674]
[:key_down_raw, 1073741903, 0, 2, 82, 676]
[:key_down_raw, 1073741903, 0, 2, 83, 678]
[:key_up_raw, 1073741903, 0, 2, 84, 678]
[:key_down_raw, 1073742051, 1024, 2, 85, 818]
[:key_down_raw, 113, 1024, 2, 86, 819]
