replay_version 2.0
stopped_at 1551
seed 100
recorded_at Sat Jul 17 09:21:44 2021
[:mouse_button_up, 1, 0, 1, 1, 6]
[:mouse_button_pressed, 1, 0, 1, 2, 140]
[:mouse_button_up, 1, 0, 1, 3, 146]
[:key_down_raw, 1073741903, 0, 2, 4, 245]
[:key_down_raw, 1073741903, 0, 2, 5, 259]
[:key_down_raw, 1073741903, 0, 2, 6, 261]
[:key_down_raw, 1073741903, 0, 2, 7, 263]
[:key_down_raw, 1073741903, 0, 2, 8, 265]
[:key_down_raw, 1073741903, 0, 2, 9, 267]
[:key_down_raw, 1073741903, 0, 2, 10, 269]
[:key_down_raw, 1073741906, 0, 2, 11, 269]
[:key_up_raw, 1073741903, 0, 2, 12, 280]
[:key_down_raw, 1073741903, 0, 2, 13, 284]
[:key_down_raw, 1073741903, 0, 2, 14, 299]
[:key_down_raw, 1073741903, 0, 2, 15, 301]
[:key_down_raw, 1073741903, 0, 2, 16, 303]
[:key_down_raw, 1073741903, 0, 2, 17, 305]
[:key_down_raw, 1073741903, 0, 2, 18, 307]
[:key_down_raw, 1073741903, 0, 2, 19, 309]
[:key_down_raw, 1073741903, 0, 2, 20, 311]
[:key_down_raw, 1073741903, 0, 2, 21, 313]
[:key_down_raw, 1073741903, 0, 2, 22, 315]
[:key_down_raw, 1073741903, 0, 2, 23, 317]
[:key_down_raw, 1073741903, 0, 2, 24, 319]
[:key_down_raw, 1073741903, 0, 2, 25, 321]
[:key_down_raw, 1073741903, 0, 2, 26, 323]
[:key_down_raw, 1073741903, 0, 2, 27, 325]
[:key_down_raw, 1073741903, 0, 2, 28, 327]
[:key_down_raw, 1073741903, 0, 2, 29, 329]
[:key_down_raw, 1073741903, 0, 2, 30, 331]
[:key_down_raw, 1073741903, 0, 2, 31, 333]
[:key_down_raw, 1073741903, 0, 2, 32, 335]
[:key_down_raw, 1073741903, 0, 2, 33, 337]
[:key_down_raw, 1073741903, 0, 2, 34, 339]
[:key_up_raw, 1073741906, 0, 2, 35, 341]
[:key_down_raw, 1073741903, 0, 2, 36, 341]
[:key_down_raw, 1073741903, 0, 2, 37, 343]
[:key_down_raw, 1073741903, 0, 2, 38, 345]
[:key_down_raw, 1073741903, 0, 2, 39, 347]
[:key_down_raw, 1073741903, 0, 2, 40, 349]
[:key_down_raw, 1073741903, 0, 2, 41, 351]
[:key_down_raw, 1073741903, 0, 2, 42, 353]
[:key_down_raw, 1073741903, 0, 2, 43, 355]
[:key_down_raw, 1073741906, 0, 2, 44, 357]
[:key_down_raw, 1073741906, 0, 2, 45, 372]
[:key_down_raw, 1073741906, 0, 2, 46, 374]
[:key_down_raw, 1073741906, 0, 2, 47, 376]
[:key_down_raw, 1073741906, 0, 2, 48, 378]
[:key_down_raw, 1073741906, 0, 2, 49, 380]
[:key_down_raw, 1073741906, 0, 2, 50, 382]
[:key_down_raw, 1073741906, 0, 2, 51, 384]
[:key_down_raw, 1073741906, 0, 2, 52, 386]
[:key_down_raw, 1073741906, 0, 2, 53, 388]
[:key_down_raw, 1073741906, 0, 2, 54, 390]
[:key_down_raw, 1073741906, 0, 2, 55, 392]
[:key_down_raw, 1073741906, 0, 2, 56, 395]
[:key_up_raw, 1073741906, 0, 2, 57, 396]
[:key_up_raw, 1073741903, 0, 2, 58, 397]
[:key_down_raw, 8, 0, 2, 59, 466]
[:key_up_raw, 8, 0, 2, 60, 466]
[:key_down_raw, 8, 0, 2, 61, 470]
[:key_up_raw, 8, 0, 2, 62, 475]
[:key_down_raw, 45, 0, 2, 63, 540]
[:key_up_raw, 45, 0, 2, 64, 545]
[:key_down_raw, 45, 0, 2, 65, 551]
[:key_up_raw, 45, 0, 2, 66, 556]
[:key_down_raw, 45, 0, 2, 67, 566]
[:key_up_raw, 45, 0, 2, 68, 571]
[:key_down_raw, 45, 0, 2, 69, 577]
[:key_up_raw, 45, 0, 2, 70, 581]
[:key_down_raw, 45, 0, 2, 71, 595]
[:key_up_raw, 45, 0, 2, 72, 600]
[:key_down_raw, 1073741905, 0, 2, 73, 715]
[:key_down_raw, 1073741905, 0, 2, 74, 730]
[:key_down_raw, 1073741905, 0, 2, 75, 732]
[:key_down_raw, 1073741905, 0, 2, 76, 734]
[:key_down_raw, 1073741905, 0, 2, 77, 736]
[:key_down_raw, 1073741905, 0, 2, 78, 738]
[:key_down_raw, 1073741904, 0, 2, 79, 739]
[:key_up_raw, 1073741905, 0, 2, 80, 743]
[:key_down_raw, 1073741904, 0, 2, 81, 754]
[:key_down_raw, 1073741904, 0, 2, 82, 756]
[:key_down_raw, 1073741904, 0, 2, 83, 758]
[:key_down_raw, 1073741904, 0, 2, 84, 760]
[:key_down_raw, 1073741904, 0, 2, 85, 762]
[:key_down_raw, 1073741904, 0, 2, 86, 764]
[:key_down_raw, 1073741904, 0, 2, 87, 766]
[:key_down_raw, 1073741904, 0, 2, 88, 768]
[:key_down_raw, 1073741904, 0, 2, 89, 770]
[:key_down_raw, 1073741904, 0, 2, 90, 772]
[:key_down_raw, 1073741905, 0, 2, 91, 774]
[:key_down_raw, 1073741906, 0, 2, 92, 781]
[:key_up_raw, 1073741904, 0, 2, 93, 785]
[:key_up_raw, 1073741905, 0, 2, 94, 791]
[:key_down_raw, 1073741906, 0, 2, 95, 796]
[:key_down_raw, 1073741903, 0, 2, 96, 797]
[:key_up_raw, 1073741906, 0, 2, 97, 804]
[:key_up_raw, 1073741903, 0, 2, 98, 810]
[:key_down_raw, 1073742049, 1, 2, 99, 884]
[:key_down_raw, 61, 1, 2, 100, 885]
[:key_up_raw, 61, 1, 2, 101, 888]
[:key_up_raw, 1073742049, 0, 2, 102, 888]
[:key_down_raw, 1073742049, 1, 2, 103, 898]
[:key_down_raw, 61, 1, 2, 104, 899]
[:key_up_raw, 61, 1, 2, 105, 903]
[:key_up_raw, 1073742049, 0, 2, 106, 903]
[:key_down_raw, 1073742049, 1, 2, 107, 909]
[:key_down_raw, 61, 1, 2, 108, 909]
[:key_up_raw, 61, 1, 2, 109, 912]
[:key_up_raw, 1073742049, 0, 2, 110, 913]
[:key_down_raw, 1073742049, 1, 2, 111, 918]
[:key_down_raw, 61, 1, 2, 112, 918]
[:key_up_raw, 61, 1, 2, 113, 921]
[:key_up_raw, 1073742049, 0, 2, 114, 922]
[:key_down_raw, 1073742049, 1, 2, 115, 926]
[:key_down_raw, 61, 1, 2, 116, 926]
[:key_up_raw, 61, 1, 2, 117, 930]
[:key_up_raw, 1073742049, 0, 2, 118, 931]
[:key_down_raw, 1073742049, 1, 2, 119, 935]
[:key_down_raw, 61, 1, 2, 120, 935]
[:key_up_raw, 61, 1, 2, 121, 940]
[:key_up_raw, 1073742049, 0, 2, 122, 941]
[:key_down_raw, 1073742049, 1, 2, 123, 947]
[:key_down_raw, 61, 1, 2, 124, 947]
[:key_up_raw, 61, 1, 2, 125, 950]
[:key_up_raw, 1073742049, 0, 2, 126, 951]
[:key_down_raw, 1073742049, 1, 2, 127, 955]
[:key_down_raw, 61, 1, 2, 128, 956]
[:key_up_raw, 61, 1, 2, 129, 960]
[:key_up_raw, 1073742049, 0, 2, 130, 960]
[:key_down_raw, 9, 0, 2, 131, 986]
[:key_up_raw, 9, 0, 2, 132, 991]
[:key_down_raw, 1073741904, 0, 2, 133, 1015]
[:key_down_raw, 1073741904, 0, 2, 134, 1030]
[:key_down_raw, 1073741904, 0, 2, 135, 1032]
[:key_down_raw, 1073741904, 0, 2, 136, 1034]
[:key_down_raw, 1073741904, 0, 2, 137, 1036]
[:key_down_raw, 1073741904, 0, 2, 138, 1038]
[:key_down_raw, 1073741904, 0, 2, 139, 1040]
[:key_down_raw, 1073741904, 0, 2, 140, 1042]
[:key_up_raw, 1073741904, 0, 2, 141, 1044]
[:key_down_raw, 1073741903, 0, 2, 142, 1048]
[:key_down_raw, 1073741903, 0, 2, 143, 1063]
[:key_down_raw, 1073741903, 0, 2, 144, 1065]
[:key_down_raw, 1073741903, 0, 2, 145, 1067]
[:key_down_raw, 1073741903, 0, 2, 146, 1069]
[:key_down_raw, 1073741903, 0, 2, 147, 1071]
[:key_down_raw, 1073741903, 0, 2, 148, 1073]
[:key_down_raw, 1073741903, 0, 2, 149, 1075]
[:key_down_raw, 1073741903, 0, 2, 150, 1077]
[:key_down_raw, 1073741903, 0, 2, 151, 1079]
[:key_down_raw, 1073741903, 0, 2, 152, 1081]
[:key_down_raw, 1073741903, 0, 2, 153, 1083]
[:key_down_raw, 1073741903, 0, 2, 154, 1085]
[:key_down_raw, 1073741903, 0, 2, 155, 1087]
[:key_down_raw, 1073741903, 0, 2, 156, 1089]
[:key_down_raw, 1073741903, 0, 2, 157, 1091]
[:key_down_raw, 1073741903, 0, 2, 158, 1093]
[:key_down_raw, 1073741903, 0, 2, 159, 1095]
[:key_down_raw, 1073741903, 0, 2, 160, 1097]
[:key_down_raw, 1073741903, 0, 2, 161, 1099]
[:key_down_raw, 1073741903, 0, 2, 162, 1101]
[:key_down_raw, 1073741903, 0, 2, 163, 1103]
[:key_down_raw, 1073741903, 0, 2, 164, 1105]
[:key_down_raw, 1073741903, 0, 2, 165, 1107]
[:key_down_raw, 1073741903, 0, 2, 166, 1109]
[:key_down_raw, 1073741903, 0, 2, 167, 1111]
[:key_down_raw, 1073741903, 0, 2, 168, 1113]
[:key_down_raw, 1073741903, 0, 2, 169, 1115]
[:key_down_raw, 1073741903, 0, 2, 170, 1117]
[:key_down_raw, 1073741903, 0, 2, 171, 1119]
[:key_down_raw, 1073741903, 0, 2, 172, 1121]
[:key_down_raw, 1073741903, 0, 2, 173, 1123]
[:key_down_raw, 1073741903, 0, 2, 174, 1125]
[:key_down_raw, 1073741903, 0, 2, 175, 1127]
[:key_down_raw, 1073741903, 0, 2, 176, 1129]
[:key_down_raw, 1073741903, 0, 2, 177, 1131]
[:key_down_raw, 1073741903, 0, 2, 178, 1133]
[:key_down_raw, 1073741903, 0, 2, 179, 1135]
[:key_down_raw, 1073741903, 0, 2, 180, 1137]
[:key_down_raw, 1073741903, 0, 2, 181, 1139]
[:key_down_raw, 1073741903, 0, 2, 182, 1141]
[:key_down_raw, 1073741903, 0, 2, 183, 1143]
[:key_down_raw, 1073741903, 0, 2, 184, 1145]
[:key_down_raw, 1073741903, 0, 2, 185, 1147]
[:key_down_raw, 1073741903, 0, 2, 186, 1149]
[:key_down_raw, 1073741903, 0, 2, 187, 1151]
[:key_down_raw, 1073741903, 0, 2, 188, 1153]
[:key_down_raw, 1073741903, 0, 2, 189, 1155]
[:key_down_raw, 1073741903, 0, 2, 190, 1157]
[:key_down_raw, 1073741903, 0, 2, 191, 1159]
[:key_down_raw, 1073741903, 0, 2, 192, 1161]
[:key_down_raw, 1073741903, 0, 2, 193, 1163]
[:key_down_raw, 1073741905, 0, 2, 194, 1164]
[:key_down_raw, 1073741905, 0, 2, 195, 1180]
[:key_down_raw, 1073741905, 0, 2, 196, 1182]
[:key_down_raw, 1073741905, 0, 2, 197, 1184]
[:key_down_raw, 1073741905, 0, 2, 198, 1186]
[:key_down_raw, 1073741905, 0, 2, 199, 1188]
[:key_down_raw, 1073741905, 0, 2, 200, 1190]
[:key_down_raw, 1073741905, 0, 2, 201, 1192]
[:key_down_raw, 1073741905, 0, 2, 202, 1194]
[:key_down_raw, 1073741905, 0, 2, 203, 1196]
[:key_down_raw, 1073741905, 0, 2, 204, 1198]
[:key_down_raw, 1073741905, 0, 2, 205, 1200]
[:key_down_raw, 1073741905, 0, 2, 206, 1202]
[:key_down_raw, 1073741905, 0, 2, 207, 1204]
[:key_down_raw, 1073741905, 0, 2, 208, 1206]
[:key_down_raw, 1073741905, 0, 2, 209, 1208]
[:key_down_raw, 1073741905, 0, 2, 210, 1210]
[:key_down_raw, 1073741905, 0, 2, 211, 1212]
[:key_down_raw, 1073741905, 0, 2, 212, 1214]
[:key_down_raw, 1073741905, 0, 2, 213, 1216]
[:key_up_raw, 1073741903, 0, 2, 214, 1216]
[:key_up_raw, 1073741905, 0, 2, 215, 1217]
[:key_down_raw, 45, 0, 2, 216, 1263]
[:key_up_raw, 45, 0, 2, 217, 1265]
[:key_down_raw, 45, 0, 2, 218, 1271]
[:key_up_raw, 45, 0, 2, 219, 1275]
[:key_down_raw, 45, 0, 2, 220, 1282]
[:key_up_raw, 45, 0, 2, 221, 1287]
[:key_down_raw, 45, 0, 2, 222, 1296]
[:key_up_raw, 45, 0, 2, 223, 1301]
[:key_down_raw, 45, 0, 2, 224, 1308]
[:key_up_raw, 45, 0, 2, 225, 1312]
[:key_down_raw, 96, 0, 2, 226, 1386]
[:key_up_raw, 96, 0, 2, 227, 1391]
[:key_down_raw, 13, 0, 2, 228, 1551]
