replay_version 2.0
stopped_at 2867
seed 100
recorded_at Sun Sep 29 22:25:40 2019
[:mouse_move, 175, 437, 2, 1, 96]
[:mouse_move, 181, 437, 2, 2, 97]
[:mouse_move, 198, 437, 2, 3, 98]
[:mouse_move, 210, 438, 2, 4, 99]
[:mouse_move, 255, 440, 2, 5, 100]
[:mouse_move, 266, 441, 2, 6, 101]
[:mouse_move, 303, 442, 2, 7, 102]
[:mouse_move, 310, 443, 2, 8, 103]
[:mouse_move, 326, 444, 2, 9, 104]
[:mouse_move, 332, 445, 2, 10, 105]
[:mouse_move, 342, 445, 2, 11, 106]
[:mouse_move, 345, 445, 2, 12, 107]
[:mouse_move, 350, 445, 2, 13, 108]
[:mouse_move, 354, 445, 2, 14, 109]
[:mouse_move, 359, 445, 2, 15, 110]
[:mouse_move, 363, 443, 2, 16, 111]
[:mouse_move, 371, 439, 2, 17, 112]
[:mouse_move, 386, 431, 2, 18, 113]
[:mouse_move, 394, 425, 2, 19, 114]
[:mouse_move, 406, 417, 2, 20, 115]
[:mouse_move, 413, 411, 2, 21, 116]
[:mouse_move, 426, 398, 2, 22, 117]
[:mouse_move, 431, 391, 2, 23, 118]
[:mouse_move, 436, 378, 2, 24, 119]
[:mouse_move, 436, 369, 2, 25, 120]
[:mouse_move, 436, 368, 2, 26, 153]
[:mouse_move, 435, 368, 2, 27, 155]
[:mouse_move, 436, 368, 2, 28, 172]
[:mouse_move, 437, 368, 2, 29, 177]
[:mouse_move, 438, 367, 2, 30, 179]
[:mouse_move, 440, 366, 2, 31, 180]
[:mouse_move, 449, 362, 2, 32, 181]
[:mouse_move, 457, 359, 2, 33, 182]
[:mouse_move, 495, 348, 2, 34, 183]
[:mouse_move, 537, 341, 2, 35, 184]
[:mouse_move, 587, 334, 2, 36, 185]
[:mouse_move, 602, 333, 2, 37, 186]
[:mouse_move, 638, 329, 2, 38, 187]
[:mouse_move, 644, 328, 2, 39, 188]
[:mouse_move, 665, 326, 2, 40, 189]
[:mouse_move, 671, 326, 2, 41, 190]
[:mouse_move, 676, 325, 2, 42, 191]
[:mouse_move, 677, 325, 2, 43, 192]
[:mouse_move, 678, 325, 2, 44, 193]
[:mouse_move, 677, 324, 2, 45, 196]
[:mouse_move, 675, 323, 2, 46, 197]
[:mouse_move, 671, 321, 2, 47, 198]
[:mouse_move, 667, 320, 2, 48, 199]
[:mouse_move, 664, 320, 2, 49, 200]
[:mouse_move, 661, 320, 2, 50, 201]
[:mouse_move, 656, 319, 2, 51, 202]
[:mouse_move, 654, 319, 2, 52, 203]
[:mouse_move, 652, 319, 2, 53, 204]
[:mouse_move, 651, 319, 2, 54, 206]
[:mouse_button_pressed, 1, 0, 1, 55, 220]
[:mouse_button_up, 1, 0, 1, 56, 227]
[:mouse_move, 651, 320, 2, 57, 259]
[:mouse_move, 648, 321, 2, 58, 331]
[:mouse_move, 643, 323, 2, 59, 332]
[:mouse_move, 597, 339, 2, 60, 333]
[:mouse_move, 526, 366, 2, 61, 334]
[:mouse_move, 380, 433, 2, 62, 335]
[:mouse_move, 272, 486, 2, 63, 336]
[:mouse_move, 242, 499, 2, 64, 337]
[:mouse_move, 188, 520, 2, 65, 338]
[:mouse_move, 177, 527, 2, 66, 351]
[:mouse_move, 162, 537, 2, 67, 352]
[:mouse_move, 96, 582, 2, 68, 353]
[:mouse_move, 78, 594, 2, 69, 354]
[:mouse_move, 32, 630, 2, 70, 355]
[:mouse_move, 24, 637, 2, 71, 356]
[:mouse_move, 7, 652, 2, 72, 357]
[:mouse_move, 0, 664, 2, 73, 358]
[:mouse_move, 0, 702, 2, 74, 374]
[:mouse_move, 1, 702, 2, 75, 375]
[:mouse_move, 3, 703, 2, 76, 375]
[:mouse_move, 5, 704, 2, 77, 376]
[:mouse_move, 8, 705, 2, 78, 377]
[:mouse_move, 11, 705, 2, 79, 378]
[:mouse_move, 13, 706, 2, 80, 379]
[:mouse_move, 16, 707, 2, 81, 380]
[:mouse_move, 18, 707, 2, 82, 381]
[:mouse_move, 22, 708, 2, 83, 382]
[:mouse_move, 24, 708, 2, 84, 383]
[:mouse_move, 26, 708, 2, 85, 384]
[:mouse_move, 28, 708, 2, 86, 384]
[:mouse_move, 30, 708, 2, 87, 385]
[:mouse_move, 31, 708, 2, 88, 386]
[:mouse_move, 34, 708, 2, 89, 386]
[:mouse_move, 35, 707, 2, 90, 387]
[:mouse_move, 37, 706, 2, 91, 388]
[:mouse_move, 39, 705, 2, 92, 388]
[:mouse_move, 40, 705, 2, 93, 389]
[:mouse_move, 42, 704, 2, 94, 390]
[:mouse_move, 43, 703, 2, 95, 390]
[:mouse_move, 45, 701, 2, 96, 391]
[:mouse_move, 45, 700, 2, 97, 392]
[:mouse_move, 47, 698, 2, 98, 392]
[:mouse_move, 47, 696, 2, 99, 393]
[:mouse_move, 48, 694, 2, 100, 394]
[:mouse_move, 48, 691, 2, 101, 394]
[:mouse_move, 48, 689, 2, 102, 395]
[:mouse_move, 47, 688, 2, 103, 396]
[:mouse_move, 46, 686, 2, 104, 396]
[:mouse_move, 45, 684, 2, 105, 397]
[:mouse_move, 44, 683, 2, 106, 398]
[:mouse_move, 42, 682, 2, 107, 398]
[:mouse_move, 41, 681, 2, 108, 399]
[:mouse_move, 39, 681, 2, 109, 400]
[:mouse_move, 35, 681, 2, 110, 401]
[:mouse_move, 34, 681, 2, 111, 402]
[:mouse_move, 32, 681, 2, 112, 402]
[:mouse_move, 30, 681, 2, 113, 403]
[:mouse_move, 28, 681, 2, 114, 404]
[:mouse_move, 26, 681, 2, 115, 404]
[:mouse_move, 24, 681, 2, 116, 405]
[:mouse_move, 20, 682, 2, 117, 406]
[:mouse_move, 17, 683, 2, 118, 407]
[:mouse_move, 16, 684, 2, 119, 408]
[:mouse_move, 14, 685, 2, 120, 409]
[:mouse_move, 13, 685, 2, 121, 410]
[:mouse_move, 13, 686, 2, 122, 411]
[:mouse_move, 12, 686, 2, 123, 411]
[:mouse_move, 12, 687, 2, 124, 412]
[:mouse_move, 12, 688, 2, 125, 413]
[:mouse_move, 12, 691, 2, 126, 415]
[:mouse_move, 12, 694, 2, 127, 416]
[:mouse_move, 12, 697, 2, 128, 417]
[:mouse_move, 15, 700, 2, 129, 417]
[:mouse_move, 16, 702, 2, 130, 418]
[:mouse_move, 18, 704, 2, 131, 419]
[:mouse_move, 20, 707, 2, 132, 419]
[:mouse_move, 22, 708, 2, 133, 420]
[:mouse_move, 24, 709, 2, 134, 421]
[:mouse_move, 26, 710, 2, 135, 421]
[:mouse_move, 28, 710, 2, 136, 422]
[:mouse_move, 29, 710, 2, 137, 423]
[:mouse_move, 31, 710, 2, 138, 423]
[:mouse_move, 32, 710, 2, 139, 424]
[:mouse_move, 33, 710, 2, 140, 425]
[:mouse_move, 34, 709, 2, 141, 425]
[:mouse_move, 35, 708, 2, 142, 426]
[:mouse_move, 36, 707, 2, 143, 427]
[:mouse_move, 38, 706, 2, 144, 427]
[:mouse_move, 39, 705, 2, 145, 428]
[:mouse_move, 40, 704, 2, 146, 429]
[:mouse_move, 41, 703, 2, 147, 429]
[:mouse_move, 41, 701, 2, 148, 430]
[:mouse_move, 42, 700, 2, 149, 431]
[:mouse_move, 42, 696, 2, 150, 432]
[:mouse_move, 42, 693, 2, 151, 433]
[:mouse_move, 39, 689, 2, 152, 434]
[:mouse_move, 38, 688, 2, 153, 435]
[:mouse_move, 34, 685, 2, 154, 436]
[:mouse_move, 31, 683, 2, 155, 437]
[:mouse_move, 26, 683, 2, 156, 438]
[:mouse_move, 23, 682, 2, 157, 439]
[:mouse_move, 21, 682, 2, 158, 440]
[:mouse_move, 19, 682, 2, 159, 440]
[:mouse_move, 16, 682, 2, 160, 441]
[:mouse_move, 14, 682, 2, 161, 442]
[:mouse_move, 12, 682, 2, 162, 442]
[:mouse_move, 10, 682, 2, 163, 443]
[:mouse_move, 9, 682, 2, 164, 444]
[:mouse_move, 8, 682, 2, 165, 444]
[:mouse_move, 7, 682, 2, 166, 445]
[:mouse_move, 6, 683, 2, 167, 446]
[:mouse_move, 5, 683, 2, 168, 446]
[:mouse_move, 4, 684, 2, 169, 447]
[:mouse_move, 4, 685, 2, 170, 448]
[:mouse_move, 4, 686, 2, 171, 449]
[:mouse_move, 4, 688, 2, 172, 450]
[:mouse_move, 4, 689, 2, 173, 450]
[:mouse_move, 4, 690, 2, 174, 451]
[:mouse_move, 4, 692, 2, 175, 452]
[:mouse_move, 4, 695, 2, 176, 453]
[:mouse_move, 4, 696, 2, 177, 454]
[:mouse_move, 4, 697, 2, 178, 454]
[:mouse_move, 4, 698, 2, 179, 456]
[:mouse_move, 5, 699, 2, 180, 457]
[:mouse_move, 7, 700, 2, 181, 458]
[:mouse_move, 8, 700, 2, 182, 458]
[:mouse_move, 11, 701, 2, 183, 459]
[:mouse_move, 13, 701, 2, 184, 460]
[:mouse_move, 19, 702, 2, 185, 461]
[:mouse_move, 22, 702, 2, 186, 462]
[:mouse_move, 28, 702, 2, 187, 463]
[:mouse_move, 30, 702, 2, 188, 464]
[:mouse_move, 34, 702, 2, 189, 465]
[:mouse_move, 36, 701, 2, 190, 466]
[:mouse_move, 38, 700, 2, 191, 467]
[:mouse_move, 39, 699, 2, 192, 468]
[:mouse_move, 40, 699, 2, 193, 469]
[:mouse_move, 40, 698, 2, 194, 469]
[:mouse_move, 41, 696, 2, 195, 470]
[:mouse_move, 41, 692, 2, 196, 471]
[:mouse_move, 41, 690, 2, 197, 472]
[:mouse_move, 41, 688, 2, 198, 473]
[:mouse_move, 41, 686, 2, 199, 473]
[:mouse_move, 40, 684, 2, 200, 474]
[:mouse_move, 39, 682, 2, 201, 475]
[:mouse_move, 38, 681, 2, 202, 475]
[:mouse_move, 36, 680, 2, 203, 476]
[:mouse_move, 34, 679, 2, 204, 477]
[:mouse_move, 32, 679, 2, 205, 477]
[:mouse_move, 30, 679, 2, 206, 478]
[:mouse_move, 28, 679, 2, 207, 479]
[:mouse_move, 26, 679, 2, 208, 479]
[:mouse_move, 24, 679, 2, 209, 480]
[:mouse_move, 23, 679, 2, 210, 481]
[:mouse_move, 21, 679, 2, 211, 481]
[:mouse_move, 19, 679, 2, 212, 482]
[:mouse_move, 18, 679, 2, 213, 483]
[:mouse_move, 17, 680, 2, 214, 483]
[:mouse_move, 16, 681, 2, 215, 484]
[:mouse_move, 15, 682, 2, 216, 485]
[:mouse_move, 13, 684, 2, 217, 486]
[:mouse_move, 12, 686, 2, 218, 487]
[:mouse_move, 11, 688, 2, 219, 488]
[:mouse_move, 11, 689, 2, 220, 489]
[:mouse_move, 11, 690, 2, 221, 490]
[:mouse_move, 11, 693, 2, 222, 491]
[:mouse_move, 11, 696, 2, 223, 492]
[:mouse_move, 11, 699, 2, 224, 493]
[:mouse_move, 13, 702, 2, 225, 494]
[:mouse_move, 13, 704, 2, 226, 495]
[:mouse_move, 17, 707, 2, 227, 496]
[:mouse_move, 20, 708, 2, 228, 497]
[:mouse_move, 25, 709, 2, 229, 498]
[:mouse_move, 29, 709, 2, 230, 499]
[:mouse_move, 32, 709, 2, 231, 500]
[:mouse_move, 35, 708, 2, 232, 500]
[:mouse_move, 36, 708, 2, 233, 501]
[:mouse_move, 38, 706, 2, 234, 502]
[:mouse_move, 41, 706, 2, 235, 502]
[:mouse_move, 42, 704, 2, 236, 503]
[:mouse_move, 43, 703, 2, 237, 504]
[:mouse_move, 44, 702, 2, 238, 504]
[:mouse_move, 45, 701, 2, 239, 505]
[:mouse_move, 45, 699, 2, 240, 506]
[:mouse_move, 45, 697, 2, 241, 506]
[:mouse_move, 45, 695, 2, 242, 507]
[:mouse_move, 45, 693, 2, 243, 508]
[:mouse_move, 45, 691, 2, 244, 508]
[:mouse_move, 43, 689, 2, 245, 509]
[:mouse_move, 42, 687, 2, 246, 510]
[:mouse_move, 41, 685, 2, 247, 510]
[:mouse_move, 38, 682, 2, 248, 511]
[:mouse_move, 36, 681, 2, 249, 512]
[:mouse_move, 31, 679, 2, 250, 513]
[:mouse_move, 28, 679, 2, 251, 514]
[:mouse_move, 23, 679, 2, 252, 515]
[:mouse_move, 21, 679, 2, 253, 516]
[:mouse_move, 17, 681, 2, 254, 517]
[:mouse_move, 16, 681, 2, 255, 518]
[:mouse_move, 14, 683, 2, 256, 519]
[:mouse_move, 13, 683, 2, 257, 520]
[:mouse_move, 13, 684, 2, 258, 521]
[:mouse_move, 13, 685, 2, 259, 521]
[:mouse_move, 12, 685, 2, 260, 522]
[:mouse_move, 12, 689, 2, 261, 523]
[:mouse_move, 12, 691, 2, 262, 524]
[:mouse_move, 12, 692, 2, 263, 525]
[:mouse_move, 12, 694, 2, 264, 525]
[:mouse_move, 12, 696, 2, 265, 526]
[:mouse_move, 12, 699, 2, 266, 527]
[:mouse_move, 12, 700, 2, 267, 529]
[:mouse_move, 12, 701, 2, 268, 529]
[:mouse_move, 12, 702, 2, 269, 530]
[:mouse_move, 13, 702, 2, 270, 531]
[:mouse_move, 14, 703, 2, 271, 531]
[:mouse_move, 17, 703, 2, 272, 532]
[:mouse_move, 19, 704, 2, 273, 533]
[:mouse_move, 22, 704, 2, 274, 534]
[:mouse_move, 27, 705, 2, 275, 535]
[:mouse_move, 32, 705, 2, 276, 536]
[:mouse_move, 35, 705, 2, 277, 537]
[:mouse_move, 36, 705, 2, 278, 537]
[:mouse_move, 39, 705, 2, 279, 538]
[:mouse_move, 41, 704, 2, 280, 539]
[:mouse_move, 42, 703, 2, 281, 539]
[:mouse_move, 44, 703, 2, 282, 540]
[:mouse_move, 45, 702, 2, 283, 541]
[:mouse_move, 46, 702, 2, 284, 542]
[:mouse_move, 47, 702, 2, 285, 543]
[:mouse_move, 47, 701, 2, 286, 544]
[:mouse_move, 48, 701, 2, 287, 547]
[:mouse_move, 54, 698, 2, 288, 570]
[:mouse_move, 75, 683, 2, 289, 571]
[:mouse_move, 107, 657, 2, 290, 572]
[:mouse_move, 171, 589, 2, 291, 573]
[:mouse_move, 212, 537, 2, 292, 574]
[:mouse_move, 299, 409, 2, 293, 575]
[:mouse_move, 341, 340, 2, 294, 576]
[:mouse_move, 364, 296, 2, 295, 577]
[:mouse_move, 371, 283, 2, 296, 578]
[:mouse_move, 375, 275, 2, 297, 579]
[:mouse_move, 384, 258, 2, 298, 579]
[:mouse_move, 390, 247, 2, 299, 580]
[:mouse_move, 395, 236, 2, 300, 581]
[:mouse_move, 395, 234, 2, 301, 582]
[:mouse_move, 396, 234, 2, 302, 583]
[:mouse_move, 396, 233, 2, 303, 583]
[:mouse_move, 395, 232, 2, 304, 584]
[:mouse_move, 395, 229, 2, 305, 604]
[:mouse_move, 395, 227, 2, 306, 604]
[:mouse_move, 395, 221, 2, 307, 606]
[:mouse_move, 395, 217, 2, 308, 607]
[:mouse_move, 395, 212, 2, 309, 608]
[:mouse_move, 395, 202, 2, 310, 608]
[:mouse_move, 395, 195, 2, 311, 609]
[:mouse_move, 395, 185, 2, 312, 610]
[:mouse_move, 395, 173, 2, 313, 610]
[:mouse_move, 396, 160, 2, 314, 611]
[:mouse_move, 396, 155, 2, 315, 612]
[:mouse_move, 397, 150, 2, 316, 612]
[:mouse_move, 398, 144, 2, 317, 613]
[:mouse_move, 399, 138, 2, 318, 614]
[:mouse_move, 401, 130, 2, 319, 615]
[:mouse_move, 401, 127, 2, 320, 616]
[:mouse_move, 401, 126, 2, 321, 616]
[:mouse_move, 402, 125, 2, 322, 617]
[:mouse_move, 402, 123, 2, 323, 618]
[:mouse_move, 402, 122, 2, 324, 618]
[:mouse_move, 402, 119, 2, 325, 619]
[:mouse_move, 403, 118, 2, 326, 620]
[:mouse_move, 403, 116, 2, 327, 620]
[:mouse_move, 404, 114, 2, 328, 621]
[:mouse_move, 405, 113, 2, 329, 622]
[:mouse_move, 405, 112, 2, 330, 622]
[:mouse_move, 406, 111, 2, 331, 623]
[:mouse_move, 406, 110, 2, 332, 624]
[:mouse_move, 407, 109, 2, 333, 625]
[:mouse_move, 407, 108, 2, 334, 626]
[:mouse_move, 408, 108, 2, 335, 627]
[:mouse_move, 408, 107, 2, 336, 638]
[:mouse_move, 407, 106, 2, 337, 639]
[:mouse_move, 407, 105, 2, 338, 639]
[:mouse_move, 407, 103, 2, 339, 640]
[:mouse_move, 407, 100, 2, 340, 641]
[:mouse_move, 408, 96, 2, 341, 641]
[:mouse_move, 412, 89, 2, 342, 642]
[:mouse_move, 415, 82, 2, 343, 643]
[:mouse_move, 418, 78, 2, 344, 643]
[:mouse_move, 422, 72, 2, 345, 644]
[:mouse_move, 426, 65, 2, 346, 645]
[:mouse_move, 431, 59, 2, 347, 645]
[:mouse_move, 437, 55, 2, 348, 646]
[:mouse_move, 441, 51, 2, 349, 647]
[:mouse_move, 447, 49, 2, 350, 648]
[:mouse_move, 450, 47, 2, 351, 649]
[:mouse_move, 454, 46, 2, 352, 650]
[:mouse_move, 455, 46, 2, 353, 651]
[:mouse_move, 456, 46, 2, 354, 652]
[:mouse_move, 457, 46, 2, 355, 653]
[:mouse_move, 458, 46, 2, 356, 655]
[:mouse_move, 460, 47, 2, 357, 656]
[:mouse_move, 462, 47, 2, 358, 657]
[:mouse_move, 463, 47, 2, 359, 658]
[:mouse_move, 466, 47, 2, 360, 694]
[:mouse_move, 468, 47, 2, 361, 695]
[:mouse_move, 471, 47, 2, 362, 695]
[:mouse_move, 478, 47, 2, 363, 696]
[:mouse_move, 485, 47, 2, 364, 697]
[:mouse_move, 505, 47, 2, 365, 698]
[:mouse_move, 527, 47, 2, 366, 699]
[:mouse_move, 537, 47, 2, 367, 699]
[:mouse_move, 554, 47, 2, 368, 700]
[:mouse_move, 572, 47, 2, 369, 701]
[:mouse_move, 608, 48, 2, 370, 702]
[:mouse_move, 625, 49, 2, 371, 703]
[:mouse_move, 657, 50, 2, 372, 704]
[:mouse_move, 673, 51, 2, 373, 705]
[:mouse_move, 700, 53, 2, 374, 706]
[:mouse_move, 713, 53, 2, 375, 707]
[:mouse_move, 739, 55, 2, 376, 708]
[:mouse_move, 744, 55, 2, 377, 709]
[:mouse_move, 762, 57, 2, 378, 710]
[:mouse_move, 770, 59, 2, 379, 711]
[:mouse_move, 782, 61, 2, 380, 712]
[:mouse_move, 788, 63, 2, 381, 713]
[:mouse_move, 798, 66, 2, 382, 714]
[:mouse_move, 800, 67, 2, 383, 715]
[:mouse_move, 805, 69, 2, 384, 716]
[:mouse_move, 807, 71, 2, 385, 717]
[:mouse_move, 809, 72, 2, 386, 718]
[:mouse_move, 810, 72, 2, 387, 718]
[:mouse_move, 812, 75, 2, 388, 719]
[:mouse_move, 813, 76, 2, 389, 720]
[:mouse_move, 815, 79, 2, 390, 720]
[:mouse_move, 816, 83, 2, 391, 721]
[:mouse_move, 818, 86, 2, 392, 722]
[:mouse_move, 819, 89, 2, 393, 722]
[:mouse_move, 821, 91, 2, 394, 723]
[:mouse_move, 822, 93, 2, 395, 724]
[:mouse_move, 823, 95, 2, 396, 724]
[:mouse_move, 824, 96, 2, 397, 725]
[:mouse_move, 825, 97, 2, 398, 726]
[:mouse_move, 826, 98, 2, 399, 726]
[:mouse_move, 827, 98, 2, 400, 727]
[:mouse_move, 828, 98, 2, 401, 728]
[:mouse_move, 829, 98, 2, 402, 729]
[:mouse_move, 830, 98, 2, 403, 731]
[:mouse_move, 831, 98, 2, 404, 733]
[:mouse_move, 832, 98, 2, 405, 758]
[:mouse_move, 833, 98, 2, 406, 788]
[:mouse_move, 836, 98, 2, 407, 789]
[:mouse_move, 838, 99, 2, 408, 790]
[:mouse_move, 841, 99, 2, 409, 791]
[:mouse_move, 843, 99, 2, 410, 792]
[:mouse_move, 845, 99, 2, 411, 793]
[:mouse_move, 845, 100, 2, 412, 794]
[:mouse_move, 846, 100, 2, 413, 795]
[:mouse_move, 844, 100, 2, 414, 808]
[:mouse_move, 841, 99, 2, 415, 809]
[:mouse_move, 828, 96, 2, 416, 810]
[:mouse_move, 818, 94, 2, 417, 811]
[:mouse_move, 807, 92, 2, 418, 811]
[:mouse_move, 794, 91, 2, 419, 812]
[:mouse_move, 778, 90, 2, 420, 813]
[:mouse_move, 745, 88, 2, 421, 814]
[:mouse_move, 728, 88, 2, 422, 815]
[:mouse_move, 704, 88, 2, 423, 816]
[:mouse_move, 691, 88, 2, 424, 817]
[:mouse_move, 673, 88, 2, 425, 818]
[:mouse_move, 666, 89, 2, 426, 819]
[:mouse_move, 656, 90, 2, 427, 820]
[:mouse_move, 651, 90, 2, 428, 821]
[:mouse_move, 647, 90, 2, 429, 822]
[:mouse_move, 645, 90, 2, 430, 823]
[:mouse_move, 643, 90, 2, 431, 824]
[:mouse_move, 642, 90, 2, 432, 825]
[:mouse_move, 642, 89, 2, 433, 826]
[:mouse_move, 641, 89, 2, 434, 828]
[:mouse_button_pressed, 1, 0, 1, 435, 841]
[:mouse_button_up, 1, 0, 1, 436, 848]
[:mouse_move, 639, 91, 2, 437, 893]
[:mouse_move, 635, 93, 2, 438, 894]
[:mouse_move, 615, 106, 2, 439, 895]
[:mouse_move, 598, 117, 2, 440, 896]
[:mouse_move, 554, 145, 2, 441, 897]
[:mouse_move, 529, 160, 2, 442, 898]
[:mouse_move, 498, 181, 2, 443, 899]
[:mouse_move, 482, 195, 2, 444, 900]
[:mouse_move, 467, 209, 2, 445, 901]
[:mouse_move, 460, 217, 2, 446, 902]
[:mouse_move, 458, 221, 2, 447, 916]
[:mouse_move, 457, 223, 2, 448, 917]
[:mouse_move, 455, 226, 2, 449, 918]
[:mouse_move, 454, 228, 2, 450, 919]
[:mouse_move, 453, 232, 2, 451, 920]
[:mouse_move, 453, 233, 2, 452, 921]
[:mouse_move, 452, 235, 2, 453, 922]
[:mouse_move, 452, 236, 2, 454, 924]
[:mouse_move, 452, 237, 2, 455, 926]
[:mouse_move, 452, 238, 2, 456, 932]
[:mouse_move, 452, 239, 2, 457, 935]
[:mouse_move, 453, 239, 2, 458, 936]
[:mouse_move, 453, 240, 2, 459, 937]
[:mouse_move, 453, 241, 2, 460, 938]
[:mouse_move, 454, 243, 2, 461, 939]
[:mouse_move, 455, 244, 2, 462, 940]
[:mouse_move, 455, 247, 2, 463, 941]
[:mouse_move, 456, 248, 2, 464, 942]
[:mouse_move, 456, 250, 2, 465, 943]
[:mouse_move, 457, 251, 2, 466, 944]
[:mouse_move, 460, 253, 2, 467, 945]
[:mouse_move, 463, 255, 2, 468, 946]
[:mouse_move, 472, 259, 2, 469, 947]
[:mouse_move, 483, 262, 2, 470, 948]
[:mouse_move, 501, 265, 2, 471, 949]
[:mouse_move, 506, 266, 2, 472, 950]
[:mouse_move, 526, 268, 2, 473, 951]
[:mouse_move, 536, 268, 2, 474, 952]
[:mouse_move, 555, 269, 2, 475, 953]
[:mouse_move, 563, 269, 2, 476, 954]
[:mouse_move, 571, 270, 2, 477, 955]
[:mouse_move, 595, 271, 2, 478, 956]
[:mouse_move, 603, 272, 2, 479, 957]
[:mouse_move, 617, 273, 2, 480, 958]
[:mouse_move, 627, 273, 2, 481, 959]
[:mouse_move, 652, 275, 2, 482, 960]
[:mouse_move, 657, 275, 2, 483, 961]
[:mouse_move, 674, 276, 2, 484, 962]
[:mouse_move, 683, 276, 2, 485, 963]
[:mouse_move, 696, 276, 2, 486, 964]
[:mouse_move, 702, 276, 2, 487, 965]
[:mouse_move, 712, 276, 2, 488, 966]
[:mouse_move, 715, 276, 2, 489, 967]
[:mouse_move, 721, 276, 2, 490, 968]
[:mouse_move, 724, 276, 2, 491, 969]
[:mouse_move, 728, 276, 2, 492, 970]
[:mouse_move, 731, 276, 2, 493, 971]
[:mouse_move, 734, 277, 2, 494, 972]
[:mouse_move, 736, 277, 2, 495, 974]
[:mouse_move, 737, 277, 2, 496, 977]
[:mouse_move, 735, 277, 2, 497, 984]
[:mouse_move, 731, 278, 2, 498, 985]
[:mouse_move, 726, 279, 2, 499, 986]
[:mouse_move, 713, 283, 2, 500, 987]
[:mouse_move, 704, 286, 2, 501, 988]
[:mouse_move, 681, 293, 2, 502, 989]
[:mouse_move, 657, 300, 2, 503, 990]
[:mouse_move, 619, 313, 2, 504, 991]
[:mouse_move, 593, 321, 2, 505, 992]
[:mouse_move, 538, 340, 2, 506, 993]
[:mouse_move, 526, 344, 2, 507, 994]
[:mouse_move, 478, 360, 2, 508, 995]
[:mouse_move, 458, 367, 2, 509, 996]
[:mouse_move, 426, 379, 2, 510, 997]
[:mouse_move, 420, 381, 2, 511, 998]
[:mouse_move, 407, 385, 2, 512, 999]
[:mouse_move, 400, 388, 2, 513, 1000]
[:mouse_move, 392, 391, 2, 514, 1001]
[:mouse_move, 388, 391, 2, 515, 1002]
[:mouse_move, 385, 393, 2, 516, 1003]
[:mouse_move, 384, 393, 2, 517, 1004]
[:mouse_move, 383, 394, 2, 518, 1005]
[:mouse_move, 384, 394, 2, 519, 1007]
[:mouse_move, 387, 394, 2, 520, 1008]
[:mouse_move, 399, 392, 2, 521, 1009]
[:mouse_move, 408, 391, 2, 522, 1010]
[:mouse_move, 418, 389, 2, 523, 1011]
[:mouse_move, 441, 384, 2, 524, 1012]
[:mouse_move, 451, 382, 2, 525, 1013]
[:mouse_move, 475, 378, 2, 526, 1014]
[:mouse_move, 486, 376, 2, 527, 1015]
[:mouse_move, 507, 374, 2, 528, 1016]
[:mouse_move, 519, 373, 2, 529, 1017]
[:mouse_move, 539, 371, 2, 530, 1018]
[:mouse_move, 544, 371, 2, 531, 1019]
[:mouse_move, 567, 369, 2, 532, 1020]
[:mouse_move, 584, 369, 2, 533, 1021]
[:mouse_move, 598, 369, 2, 534, 1022]
[:mouse_move, 607, 368, 2, 535, 1023]
[:mouse_move, 625, 368, 2, 536, 1024]
[:mouse_move, 632, 368, 2, 537, 1025]
[:mouse_move, 645, 368, 2, 538, 1026]
[:mouse_move, 650, 368, 2, 539, 1027]
[:mouse_move, 657, 368, 2, 540, 1028]
[:mouse_move, 661, 368, 2, 541, 1029]
[:mouse_move, 667, 368, 2, 542, 1030]
[:mouse_move, 670, 368, 2, 543, 1031]
[:mouse_move, 674, 368, 2, 544, 1032]
[:mouse_move, 676, 368, 2, 545, 1033]
[:mouse_move, 679, 367, 2, 546, 1034]
[:mouse_move, 680, 367, 2, 547, 1036]
[:mouse_move, 681, 367, 2, 548, 1037]
[:mouse_move, 681, 366, 2, 549, 1040]
[:mouse_move, 675, 360, 2, 550, 1055]
[:mouse_move, 671, 356, 2, 551, 1056]
[:mouse_move, 664, 348, 2, 552, 1057]
[:mouse_move, 659, 344, 2, 553, 1058]
[:mouse_move, 654, 338, 2, 554, 1059]
[:mouse_move, 650, 332, 2, 555, 1060]
[:mouse_move, 644, 327, 2, 556, 1061]
[:mouse_move, 643, 326, 2, 557, 1062]
[:mouse_move, 641, 324, 2, 558, 1063]
[:mouse_move, 638, 321, 2, 559, 1064]
[:mouse_move, 636, 319, 2, 560, 1065]
[:mouse_move, 635, 319, 2, 561, 1066]
[:mouse_move, 635, 318, 2, 562, 1067]
[:mouse_move, 634, 318, 2, 563, 1068]
[:mouse_move, 634, 317, 2, 564, 1069]
[:mouse_button_pressed, 1, 0, 1, 565, 1071]
[:mouse_button_up, 1, 0, 1, 566, 1079]
[:mouse_move, 633, 317, 2, 567, 1099]
[:mouse_move, 633, 318, 2, 568, 1100]
[:mouse_move, 624, 324, 2, 569, 1101]
[:mouse_move, 613, 331, 2, 570, 1102]
[:mouse_move, 579, 351, 2, 571, 1103]
[:mouse_move, 554, 365, 2, 572, 1104]
[:mouse_move, 497, 393, 2, 573, 1105]
[:mouse_move, 469, 404, 2, 574, 1106]
[:mouse_move, 449, 411, 2, 575, 1107]
[:mouse_move, 432, 417, 2, 576, 1108]
[:mouse_move, 419, 421, 2, 577, 1109]
[:mouse_move, 412, 423, 2, 578, 1110]
[:mouse_move, 406, 425, 2, 579, 1111]
[:mouse_move, 405, 425, 2, 580, 1112]
[:mouse_move, 404, 425, 2, 581, 1113]
[:mouse_move, 397, 425, 2, 582, 1203]
[:mouse_move, 388, 428, 2, 583, 1204]
[:mouse_move, 363, 440, 2, 584, 1205]
[:mouse_move, 348, 447, 2, 585, 1206]
[:mouse_move, 289, 487, 2, 586, 1207]
[:mouse_move, 260, 509, 2, 587, 1208]
[:mouse_move, 223, 542, 2, 588, 1209]
[:mouse_move, 203, 561, 2, 589, 1210]
[:mouse_move, 181, 584, 2, 590, 1211]
[:mouse_move, 170, 595, 2, 591, 1212]
[:mouse_move, 155, 613, 2, 592, 1213]
[:mouse_move, 150, 619, 2, 593, 1214]
[:mouse_move, 143, 629, 2, 594, 1215]
[:mouse_move, 139, 633, 2, 595, 1216]
[:mouse_move, 135, 638, 2, 596, 1217]
[:mouse_move, 133, 641, 2, 597, 1218]
[:mouse_move, 126, 646, 2, 598, 1219]
[:mouse_move, 123, 648, 2, 599, 1220]
[:mouse_move, 116, 653, 2, 600, 1221]
[:mouse_move, 112, 656, 2, 601, 1222]
[:mouse_move, 103, 660, 2, 602, 1223]
[:mouse_move, 99, 662, 2, 603, 1224]
[:mouse_move, 88, 665, 2, 604, 1225]
[:mouse_move, 84, 667, 2, 605, 1226]
[:mouse_move, 76, 671, 2, 606, 1227]
[:mouse_move, 72, 673, 2, 607, 1228]
[:mouse_move, 69, 675, 2, 608, 1229]
[:mouse_move, 63, 679, 2, 609, 1230]
[:mouse_move, 60, 682, 2, 610, 1231]
[:mouse_move, 53, 688, 2, 611, 1232]
[:mouse_move, 50, 690, 2, 612, 1233]
[:mouse_move, 46, 693, 2, 613, 1234]
[:mouse_move, 44, 695, 2, 614, 1235]
[:mouse_move, 39, 697, 2, 615, 1236]
[:mouse_move, 37, 699, 2, 616, 1237]
[:mouse_move, 33, 700, 2, 617, 1238]
[:mouse_move, 32, 700, 2, 618, 1239]
[:mouse_move, 28, 701, 2, 619, 1240]
[:mouse_move, 27, 701, 2, 620, 1241]
[:mouse_move, 25, 702, 2, 621, 1242]
[:mouse_move, 24, 702, 2, 622, 1243]
[:mouse_move, 22, 703, 2, 623, 1244]
[:mouse_move, 20, 703, 2, 624, 1245]
[:mouse_move, 18, 704, 2, 625, 1246]
[:mouse_move, 16, 704, 2, 626, 1247]
[:mouse_move, 14, 704, 2, 627, 1248]
[:mouse_move, 13, 704, 2, 628, 1249]
[:mouse_move, 12, 704, 2, 629, 1250]
[:mouse_move, 11, 704, 2, 630, 1251]
[:mouse_move, 10, 704, 2, 631, 1252]
[:mouse_move, 10, 705, 2, 632, 1253]
[:mouse_move, 11, 705, 2, 633, 1261]
[:mouse_move, 12, 705, 2, 634, 1262]
[:mouse_move, 15, 706, 2, 635, 1263]
[:mouse_move, 17, 706, 2, 636, 1264]
[:mouse_move, 20, 707, 2, 637, 1265]
[:mouse_move, 22, 707, 2, 638, 1266]
[:mouse_move, 26, 708, 2, 639, 1267]
[:mouse_move, 27, 708, 2, 640, 1268]
[:mouse_move, 30, 708, 2, 641, 1269]
[:mouse_move, 31, 708, 2, 642, 1270]
[:mouse_move, 33, 708, 2, 643, 1271]
[:mouse_move, 34, 708, 2, 644, 1272]
[:mouse_move, 37, 708, 2, 645, 1273]
[:mouse_move, 38, 708, 2, 646, 1274]
[:mouse_move, 41, 708, 2, 647, 1275]
[:mouse_move, 42, 708, 2, 648, 1276]
[:mouse_move, 44, 708, 2, 649, 1277]
[:mouse_move, 45, 708, 2, 650, 1279]
[:mouse_move, 46, 708, 2, 651, 1280]
[:mouse_move, 53, 702, 2, 652, 1304]
[:mouse_move, 60, 696, 2, 653, 1305]
[:mouse_move, 81, 674, 2, 654, 1306]
[:mouse_move, 107, 646, 2, 655, 1307]
[:mouse_move, 141, 609, 2, 656, 1308]
[:mouse_move, 234, 517, 2, 657, 1309]
[:mouse_move, 288, 465, 2, 658, 1310]
[:mouse_move, 366, 397, 2, 659, 1311]
[:mouse_move, 412, 362, 2, 660, 1312]
[:mouse_move, 464, 328, 2, 661, 1313]
[:mouse_move, 474, 322, 2, 662, 1314]
[:mouse_move, 495, 310, 2, 663, 1315]
[:mouse_move, 504, 304, 2, 664, 1316]
[:mouse_move, 513, 299, 2, 665, 1317]
[:mouse_move, 514, 298, 2, 666, 1318]
[:mouse_move, 515, 297, 2, 667, 1319]
[:mouse_move, 517, 292, 2, 668, 1333]
[:mouse_move, 519, 288, 2, 669, 1334]
[:mouse_move, 524, 275, 2, 670, 1335]
[:mouse_move, 531, 254, 2, 671, 1336]
[:mouse_move, 536, 238, 2, 672, 1337]
[:mouse_move, 546, 209, 2, 673, 1338]
[:mouse_move, 548, 203, 2, 674, 1339]
[:mouse_move, 555, 188, 2, 675, 1340]
[:mouse_move, 557, 181, 2, 676, 1341]
[:mouse_move, 560, 173, 2, 677, 1342]
[:mouse_move, 561, 171, 2, 678, 1343]
[:mouse_move, 562, 169, 2, 679, 1344]
[:mouse_move, 562, 168, 2, 680, 1345]
[:mouse_move, 562, 167, 2, 681, 1346]
[:mouse_move, 562, 166, 2, 682, 1347]
[:mouse_move, 562, 165, 2, 683, 1348]
[:mouse_move, 562, 164, 2, 684, 1350]
[:mouse_move, 562, 163, 2, 685, 1351]
[:mouse_move, 562, 162, 2, 686, 1354]
[:mouse_button_pressed, 1, 0, 1, 687, 1359]
[:mouse_button_up, 1, 0, 1, 688, 1365]
[:mouse_move, 563, 163, 2, 689, 1401]
[:mouse_move, 563, 164, 2, 690, 1402]
[:mouse_move, 564, 165, 2, 691, 1403]
[:mouse_move, 565, 169, 2, 692, 1404]
[:mouse_move, 566, 173, 2, 693, 1405]
[:mouse_move, 566, 179, 2, 694, 1406]
[:mouse_move, 566, 180, 2, 695, 1407]
[:mouse_move, 566, 186, 2, 696, 1408]
[:mouse_move, 565, 188, 2, 697, 1409]
[:mouse_move, 563, 192, 2, 698, 1410]
[:mouse_move, 562, 195, 2, 699, 1411]
[:mouse_move, 561, 198, 2, 700, 1412]
[:mouse_move, 561, 199, 2, 701, 1413]
[:mouse_move, 560, 202, 2, 702, 1414]
[:mouse_move, 560, 205, 2, 703, 1415]
[:mouse_move, 559, 210, 2, 704, 1416]
[:mouse_move, 558, 213, 2, 705, 1417]
[:mouse_move, 558, 215, 2, 706, 1418]
[:mouse_move, 558, 220, 2, 707, 1419]
[:mouse_move, 558, 222, 2, 708, 1420]
[:mouse_move, 558, 224, 2, 709, 1421]
[:mouse_move, 558, 225, 2, 710, 1422]
[:mouse_move, 558, 226, 2, 711, 1423]
[:mouse_move, 558, 225, 2, 712, 1443]
[:mouse_move, 558, 224, 2, 713, 1444]
[:mouse_move, 558, 225, 2, 714, 1451]
[:mouse_move, 558, 229, 2, 715, 1452]
[:mouse_move, 558, 231, 2, 716, 1453]
[:mouse_move, 556, 236, 2, 717, 1454]
[:mouse_move, 556, 238, 2, 718, 1455]
[:mouse_move, 555, 247, 2, 719, 1456]
[:mouse_move, 555, 252, 2, 720, 1457]
[:mouse_move, 555, 261, 2, 721, 1458]
[:mouse_move, 555, 263, 2, 722, 1459]
[:mouse_move, 555, 269, 2, 723, 1460]
[:mouse_move, 556, 272, 2, 724, 1461]
[:mouse_move, 556, 275, 2, 725, 1462]
[:mouse_move, 556, 276, 2, 726, 1464]
[:mouse_move, 556, 277, 2, 727, 1465]
[:mouse_move, 556, 278, 2, 728, 1467]
[:mouse_move, 556, 279, 2, 729, 1471]
[:mouse_move, 556, 281, 2, 730, 1475]
[:mouse_move, 556, 282, 2, 731, 1476]
[:mouse_move, 556, 283, 2, 732, 1477]
[:mouse_move, 556, 285, 2, 733, 1478]
[:mouse_move, 556, 286, 2, 734, 1479]
[:mouse_move, 556, 287, 2, 735, 1482]
[:mouse_move, 556, 286, 2, 736, 1485]
[:mouse_move, 555, 286, 2, 737, 1487]
[:mouse_move, 555, 285, 2, 738, 1488]
[:mouse_move, 556, 282, 2, 739, 1549]
[:mouse_move, 556, 280, 2, 740, 1550]
[:mouse_move, 557, 271, 2, 741, 1551]
[:mouse_move, 557, 268, 2, 742, 1552]
[:mouse_move, 558, 264, 2, 743, 1553]
[:mouse_move, 559, 258, 2, 744, 1554]
[:mouse_move, 559, 256, 2, 745, 1555]
[:mouse_move, 559, 254, 2, 746, 1556]
[:mouse_move, 559, 256, 2, 747, 1559]
[:mouse_move, 560, 261, 2, 748, 1560]
[:mouse_move, 560, 265, 2, 749, 1561]
[:mouse_move, 561, 270, 2, 750, 1562]
[:mouse_move, 562, 273, 2, 751, 1563]
[:mouse_move, 562, 276, 2, 752, 1564]
[:mouse_move, 562, 277, 2, 753, 1565]
[:mouse_move, 562, 278, 2, 754, 1566]
[:mouse_move, 562, 279, 2, 755, 1567]
[:mouse_button_pressed, 1, 0, 1, 756, 1569]
[:mouse_button_up, 1, 0, 1, 757, 1578]
[:mouse_move, 557, 280, 2, 758, 1609]
[:mouse_move, 543, 284, 2, 759, 1610]
[:mouse_move, 532, 285, 2, 760, 1611]
[:mouse_move, 498, 292, 2, 761, 1612]
[:mouse_move, 475, 296, 2, 762, 1613]
[:mouse_move, 425, 304, 2, 763, 1614]
[:mouse_move, 400, 308, 2, 764, 1615]
[:mouse_move, 348, 314, 2, 765, 1616]
[:mouse_move, 337, 316, 2, 766, 1617]
[:mouse_move, 278, 328, 2, 767, 1618]
[:mouse_move, 267, 333, 2, 768, 1619]
[:mouse_move, 228, 348, 2, 769, 1620]
[:mouse_move, 213, 357, 2, 770, 1621]
[:mouse_move, 195, 366, 2, 771, 1622]
[:mouse_move, 192, 368, 2, 772, 1623]
[:mouse_move, 184, 375, 2, 773, 1624]
[:mouse_move, 182, 376, 2, 774, 1625]
[:mouse_move, 181, 379, 2, 775, 1626]
[:mouse_move, 181, 380, 2, 776, 1627]
[:mouse_move, 185, 385, 2, 777, 1628]
[:mouse_move, 187, 386, 2, 778, 1629]
[:mouse_move, 195, 392, 2, 779, 1630]
[:mouse_move, 198, 394, 2, 780, 1631]
[:mouse_move, 210, 396, 2, 781, 1632]
[:mouse_move, 213, 396, 2, 782, 1633]
[:mouse_move, 219, 396, 2, 783, 1634]
[:mouse_move, 231, 395, 2, 784, 1635]
[:mouse_move, 237, 393, 2, 785, 1636]
[:mouse_move, 247, 392, 2, 786, 1637]
[:mouse_move, 252, 392, 2, 787, 1638]
[:mouse_move, 258, 394, 2, 788, 1639]
[:mouse_move, 261, 397, 2, 789, 1640]
[:mouse_move, 263, 428, 2, 790, 1641]
[:mouse_move, 253, 453, 2, 791, 1642]
[:mouse_move, 210, 531, 2, 792, 1643]
[:mouse_move, 196, 553, 2, 793, 1644]
[:mouse_move, 194, 554, 2, 794, 1656]
[:mouse_move, 174, 575, 2, 795, 1657]
[:mouse_move, 162, 587, 2, 796, 1658]
[:mouse_move, 137, 612, 2, 797, 1659]
[:mouse_move, 114, 635, 2, 798, 1660]
[:mouse_move, 86, 665, 2, 799, 1661]
[:mouse_move, 79, 671, 2, 800, 1662]
[:mouse_move, 69, 681, 2, 801, 1663]
[:mouse_move, 52, 698, 2, 802, 1664]
[:mouse_move, 48, 703, 2, 803, 1665]
[:mouse_move, 41, 711, 2, 804, 1666]
[:mouse_move, 39, 715, 2, 805, 1667]
[:mouse_move, 36, 719, 2, 806, 1668]
[:mouse_move, 35, 719, 2, 807, 1669]
[:mouse_move, 20, 719, 2, 808, 1685]
[:mouse_move, 18, 717, 2, 809, 1686]
[:mouse_move, 18, 716, 2, 810, 1687]
[:mouse_move, 16, 715, 2, 811, 1688]
[:mouse_move, 16, 714, 2, 812, 1688]
[:mouse_move, 15, 714, 2, 813, 1689]
[:mouse_move, 15, 713, 2, 814, 1690]
[:mouse_move, 14, 712, 2, 815, 1691]
[:mouse_move, 15, 712, 2, 816, 1697]
[:mouse_move, 17, 712, 2, 817, 1698]
[:mouse_move, 20, 713, 2, 818, 1698]
[:mouse_move, 22, 713, 2, 819, 1699]
[:mouse_move, 25, 713, 2, 820, 1700]
[:mouse_move, 27, 713, 2, 821, 1700]
[:mouse_move, 30, 713, 2, 822, 1701]
[:mouse_move, 32, 713, 2, 823, 1702]
[:mouse_move, 36, 711, 2, 824, 1702]
[:mouse_move, 38, 710, 2, 825, 1703]
[:mouse_move, 41, 708, 2, 826, 1704]
[:mouse_move, 46, 700, 2, 827, 1705]
[:mouse_move, 47, 698, 2, 828, 1706]
[:mouse_move, 50, 691, 2, 829, 1707]
[:mouse_move, 51, 689, 2, 830, 1708]
[:mouse_move, 52, 685, 2, 831, 1709]
[:mouse_move, 52, 683, 2, 832, 1710]
[:mouse_move, 50, 680, 2, 833, 1711]
[:mouse_move, 47, 679, 2, 834, 1712]
[:mouse_move, 39, 675, 2, 835, 1713]
[:mouse_move, 35, 675, 2, 836, 1714]
[:mouse_move, 26, 672, 2, 837, 1715]
[:mouse_move, 23, 671, 2, 838, 1716]
[:mouse_move, 21, 671, 2, 839, 1717]
[:mouse_move, 18, 671, 2, 840, 1717]
[:mouse_move, 15, 671, 2, 841, 1718]
[:mouse_move, 13, 671, 2, 842, 1719]
[:mouse_move, 12, 671, 2, 843, 1719]
[:mouse_move, 10, 671, 2, 844, 1720]
[:mouse_move, 9, 672, 2, 845, 1721]
[:mouse_move, 8, 673, 2, 846, 1721]
[:mouse_move, 7, 676, 2, 847, 1722]
[:mouse_move, 6, 679, 2, 848, 1723]
[:mouse_move, 6, 680, 2, 849, 1723]
[:mouse_move, 6, 683, 2, 850, 1724]
[:mouse_move, 6, 686, 2, 851, 1725]
[:mouse_move, 5, 688, 2, 852, 1725]
[:mouse_move, 5, 690, 2, 853, 1726]
[:mouse_move, 5, 692, 2, 854, 1727]
[:mouse_move, 5, 693, 2, 855, 1727]
[:mouse_move, 6, 696, 2, 856, 1728]
[:mouse_move, 7, 698, 2, 857, 1729]
[:mouse_move, 11, 701, 2, 858, 1730]
[:mouse_move, 13, 702, 2, 859, 1731]
[:mouse_move, 15, 704, 2, 860, 1731]
[:mouse_move, 17, 705, 2, 861, 1732]
[:mouse_move, 21, 707, 2, 862, 1733]
[:mouse_move, 22, 707, 2, 863, 1733]
[:mouse_move, 26, 707, 2, 864, 1734]
[:mouse_move, 28, 707, 2, 865, 1735]
[:mouse_move, 35, 707, 2, 866, 1736]
[:mouse_move, 37, 705, 2, 867, 1737]
[:mouse_move, 41, 702, 2, 868, 1738]
[:mouse_move, 45, 699, 2, 869, 1739]
[:mouse_move, 48, 696, 2, 870, 1740]
[:mouse_move, 49, 695, 2, 871, 1741]
[:mouse_move, 50, 690, 2, 872, 1742]
[:mouse_move, 50, 687, 2, 873, 1743]
[:mouse_move, 50, 684, 2, 874, 1744]
[:mouse_move, 49, 680, 2, 875, 1744]
[:mouse_move, 46, 677, 2, 876, 1745]
[:mouse_move, 42, 674, 2, 877, 1746]
[:mouse_move, 41, 673, 2, 878, 1746]
[:mouse_move, 37, 671, 2, 879, 1747]
[:mouse_move, 34, 669, 2, 880, 1748]
[:mouse_move, 32, 668, 2, 881, 1748]
[:mouse_move, 30, 667, 2, 882, 1749]
[:mouse_move, 28, 666, 2, 883, 1750]
[:mouse_move, 26, 666, 2, 884, 1750]
[:mouse_move, 24, 666, 2, 885, 1751]
[:mouse_move, 20, 666, 2, 886, 1752]
[:mouse_move, 18, 666, 2, 887, 1752]
[:mouse_move, 16, 668, 2, 888, 1753]
[:mouse_move, 14, 668, 2, 889, 1754]
[:mouse_move, 12, 669, 2, 890, 1754]
[:mouse_move, 10, 671, 2, 891, 1755]
[:mouse_move, 9, 672, 2, 892, 1756]
[:mouse_move, 8, 674, 2, 893, 1756]
[:mouse_move, 7, 675, 2, 894, 1757]
[:mouse_move, 6, 675, 2, 895, 1758]
[:mouse_move, 6, 678, 2, 896, 1758]
[:mouse_move, 6, 680, 2, 897, 1759]
[:mouse_move, 6, 683, 2, 898, 1760]
[:mouse_move, 9, 690, 2, 899, 1761]
[:mouse_move, 12, 693, 2, 900, 1762]
[:mouse_move, 19, 699, 2, 901, 1763]
[:mouse_move, 24, 702, 2, 902, 1764]
[:mouse_move, 37, 705, 2, 903, 1765]
[:mouse_move, 45, 705, 2, 904, 1766]
[:mouse_move, 72, 692, 2, 905, 1767]
[:mouse_move, 88, 682, 2, 906, 1768]
[:mouse_move, 129, 649, 2, 907, 1769]
[:mouse_move, 172, 610, 2, 908, 1770]
[:mouse_move, 234, 545, 2, 909, 1771]
[:mouse_move, 267, 507, 2, 910, 1772]
[:mouse_move, 300, 469, 2, 911, 1773]
[:mouse_move, 318, 451, 2, 912, 1773]
[:mouse_move, 349, 415, 2, 913, 1774]
[:mouse_move, 381, 383, 2, 914, 1775]
[:mouse_move, 393, 370, 2, 915, 1775]
[:mouse_move, 414, 345, 2, 916, 1776]
[:mouse_move, 432, 325, 2, 917, 1777]
[:mouse_move, 437, 318, 2, 918, 1777]
[:mouse_move, 447, 305, 2, 919, 1778]
[:mouse_move, 450, 302, 2, 920, 1779]
[:mouse_move, 455, 295, 2, 921, 1779]
[:mouse_move, 459, 290, 2, 922, 1780]
[:mouse_move, 461, 288, 2, 923, 1781]
[:mouse_move, 463, 285, 2, 924, 1781]
[:mouse_move, 465, 284, 2, 925, 1782]
[:mouse_move, 467, 283, 2, 926, 1783]
[:mouse_move, 470, 283, 2, 927, 1783]
[:mouse_move, 472, 283, 2, 928, 1784]
[:mouse_move, 476, 283, 2, 929, 1785]
[:mouse_move, 483, 284, 2, 930, 1786]
[:mouse_move, 485, 286, 2, 931, 1787]
[:mouse_move, 493, 291, 2, 932, 1788]
[:mouse_move, 495, 294, 2, 933, 1789]
[:mouse_move, 500, 300, 2, 934, 1790]
[:mouse_move, 503, 303, 2, 935, 1791]
[:mouse_move, 507, 309, 2, 936, 1792]
[:mouse_move, 509, 311, 2, 937, 1793]
[:mouse_move, 513, 314, 2, 938, 1794]
[:mouse_move, 514, 314, 2, 939, 1795]
[:mouse_move, 516, 314, 2, 940, 1796]
[:mouse_move, 517, 314, 2, 941, 1797]
[:mouse_move, 518, 314, 2, 942, 1798]
[:mouse_move, 519, 314, 2, 943, 1800]
[:mouse_button_pressed, 1, 0, 1, 944, 1801]
[:mouse_button_up, 1, 0, 1, 945, 1808]
[:mouse_move, 519, 312, 2, 946, 1826]
[:mouse_move, 519, 310, 2, 947, 1827]
[:mouse_move, 522, 303, 2, 948, 1828]
[:mouse_move, 523, 298, 2, 949, 1829]
[:mouse_move, 529, 282, 2, 950, 1830]
[:mouse_move, 532, 273, 2, 951, 1831]
[:mouse_move, 541, 252, 2, 952, 1832]
[:mouse_move, 544, 246, 2, 953, 1833]
[:mouse_move, 549, 233, 2, 954, 1834]
[:mouse_move, 552, 225, 2, 955, 1835]
[:mouse_move, 555, 217, 2, 956, 1836]
[:mouse_move, 556, 214, 2, 957, 1837]
[:mouse_move, 557, 211, 2, 958, 1838]
[:mouse_move, 557, 210, 2, 959, 1839]
[:mouse_move, 558, 210, 2, 960, 1841]
[:mouse_move, 558, 211, 2, 961, 1848]
[:mouse_move, 558, 212, 2, 962, 1849]
[:mouse_move, 558, 213, 2, 963, 1850]
[:mouse_move, 558, 214, 2, 964, 1851]
[:mouse_move, 558, 215, 2, 965, 1853]
[:mouse_button_pressed, 1, 0, 1, 966, 1863]
[:mouse_button_up, 1, 0, 1, 967, 1870]
[:mouse_move, 551, 215, 2, 968, 1907]
[:mouse_move, 544, 216, 2, 969, 1908]
[:mouse_move, 512, 220, 2, 970, 1909]
[:mouse_move, 493, 224, 2, 971, 1910]
[:mouse_move, 447, 239, 2, 972, 1911]
[:mouse_move, 422, 250, 2, 973, 1912]
[:mouse_move, 341, 296, 2, 974, 1913]
[:mouse_move, 325, 309, 2, 975, 1914]
[:mouse_move, 233, 390, 2, 976, 1915]
[:mouse_move, 199, 428, 2, 977, 1916]
[:mouse_move, 138, 510, 2, 978, 1917]
[:mouse_move, 126, 530, 2, 979, 1918]
[:mouse_move, 100, 577, 2, 980, 1919]
[:mouse_move, 95, 586, 2, 981, 1920]
[:mouse_move, 86, 604, 2, 982, 1921]
[:mouse_move, 83, 611, 2, 983, 1922]
[:mouse_move, 79, 618, 2, 984, 1923]
[:mouse_move, 78, 620, 2, 985, 1935]
[:mouse_move, 74, 626, 2, 986, 1936]
[:mouse_move, 68, 633, 2, 987, 1937]
[:mouse_move, 55, 651, 2, 988, 1938]
[:mouse_move, 47, 662, 2, 989, 1939]
[:mouse_move, 34, 679, 2, 990, 1940]
[:mouse_move, 27, 688, 2, 991, 1941]
[:mouse_move, 20, 697, 2, 992, 1942]
[:mouse_move, 16, 701, 2, 993, 1943]
[:mouse_move, 12, 705, 2, 994, 1944]
[:mouse_move, 11, 706, 2, 995, 1945]
[:mouse_move, 9, 707, 2, 996, 1946]
[:mouse_move, 8, 707, 2, 997, 1947]
[:mouse_move, 7, 707, 2, 998, 1948]
[:mouse_move, 7, 706, 2, 999, 1949]
[:mouse_move, 6, 706, 2, 1000, 1953]
[:mouse_move, 7, 706, 2, 1001, 1968]
[:mouse_move, 10, 706, 2, 1002, 1969]
[:mouse_move, 11, 706, 2, 1003, 1970]
[:mouse_move, 14, 706, 2, 1004, 1971]
[:mouse_move, 15, 706, 2, 1005, 1972]
[:mouse_move, 18, 705, 2, 1006, 1973]
[:mouse_move, 20, 705, 2, 1007, 1974]
[:mouse_move, 22, 705, 2, 1008, 1975]
[:mouse_move, 23, 705, 2, 1009, 1976]
[:mouse_move, 25, 705, 2, 1010, 1977]
[:mouse_move, 26, 705, 2, 1011, 1979]
[:mouse_move, 27, 705, 2, 1012, 1980]
[:mouse_move, 29, 705, 2, 1013, 1981]
[:mouse_move, 31, 705, 2, 1014, 1983]
[:mouse_move, 32, 705, 2, 1015, 1984]
[:mouse_move, 33, 705, 2, 1016, 1985]
[:mouse_move, 35, 704, 2, 1017, 1987]
[:mouse_move, 36, 704, 2, 1018, 1989]
[:mouse_move, 37, 704, 2, 1019, 1990]
[:mouse_move, 38, 704, 2, 1020, 1991]
[:mouse_move, 39, 704, 2, 1021, 1992]
[:mouse_move, 40, 704, 2, 1022, 1993]
[:mouse_move, 41, 704, 2, 1023, 1994]
[:mouse_move, 42, 704, 2, 1024, 1995]
[:mouse_move, 43, 704, 2, 1025, 1996]
[:mouse_move, 44, 704, 2, 1026, 1997]
[:mouse_move, 45, 704, 2, 1027, 1999]
[:mouse_move, 46, 704, 2, 1028, 2000]
[:mouse_move, 47, 704, 2, 1029, 2002]
[:mouse_move, 48, 704, 2, 1030, 2003]
[:mouse_move, 49, 704, 2, 1031, 2004]
[:mouse_move, 50, 703, 2, 1032, 2006]
[:mouse_move, 51, 703, 2, 1033, 2009]
[:mouse_move, 52, 703, 2, 1034, 2012]
[:mouse_move, 54, 700, 2, 1035, 2041]
[:mouse_move, 62, 691, 2, 1036, 2042]
[:mouse_move, 72, 678, 2, 1037, 2043]
[:mouse_move, 101, 641, 2, 1038, 2044]
[:mouse_move, 136, 589, 2, 1039, 2045]
[:mouse_move, 224, 445, 2, 1040, 2046]
[:mouse_move, 275, 356, 2, 1041, 2047]
[:mouse_move, 351, 237, 2, 1042, 2048]
[:mouse_move, 372, 211, 2, 1043, 2049]
[:mouse_move, 418, 157, 2, 1044, 2050]
[:mouse_move, 426, 150, 2, 1045, 2051]
[:mouse_move, 444, 133, 2, 1046, 2052]
[:mouse_move, 452, 126, 2, 1047, 2053]
[:mouse_move, 459, 120, 2, 1048, 2054]
[:mouse_move, 461, 119, 2, 1049, 2055]
[:mouse_move, 464, 118, 2, 1050, 2056]
[:mouse_move, 465, 118, 2, 1051, 2057]
[:mouse_move, 468, 117, 2, 1052, 2058]
[:mouse_move, 470, 116, 2, 1053, 2059]
[:mouse_move, 472, 115, 2, 1054, 2060]
[:mouse_move, 473, 115, 2, 1055, 2061]
[:mouse_move, 475, 114, 2, 1056, 2062]
[:mouse_move, 476, 114, 2, 1057, 2063]
[:mouse_move, 479, 111, 2, 1058, 2064]
[:mouse_move, 481, 110, 2, 1059, 2065]
[:mouse_move, 487, 101, 2, 1060, 2066]
[:mouse_move, 488, 97, 2, 1061, 2067]
[:mouse_move, 495, 87, 2, 1062, 2068]
[:mouse_move, 496, 85, 2, 1063, 2069]
[:mouse_move, 497, 80, 2, 1064, 2070]
[:mouse_move, 501, 70, 2, 1065, 2071]
[:mouse_move, 501, 68, 2, 1066, 2072]
[:mouse_move, 502, 63, 2, 1067, 2073]
[:mouse_move, 502, 61, 2, 1068, 2074]
[:mouse_move, 502, 58, 2, 1069, 2075]
[:mouse_move, 502, 57, 2, 1070, 2076]
[:mouse_move, 502, 55, 2, 1071, 2077]
[:mouse_move, 501, 55, 2, 1072, 2078]
[:mouse_move, 501, 53, 2, 1073, 2079]
[:mouse_move, 501, 52, 2, 1074, 2081]
[:mouse_move, 501, 51, 2, 1075, 2082]
[:mouse_move, 501, 50, 2, 1076, 2083]
[:mouse_move, 502, 49, 2, 1077, 2084]
[:mouse_move, 503, 47, 2, 1078, 2085]
[:mouse_move, 505, 46, 2, 1079, 2086]
[:mouse_move, 509, 43, 2, 1080, 2087]
[:mouse_move, 512, 42, 2, 1081, 2088]
[:mouse_move, 519, 40, 2, 1082, 2089]
[:mouse_move, 528, 39, 2, 1083, 2090]
[:mouse_move, 545, 38, 2, 1084, 2091]
[:mouse_move, 555, 38, 2, 1085, 2092]
[:mouse_move, 571, 37, 2, 1086, 2093]
[:mouse_move, 582, 37, 2, 1087, 2094]
[:mouse_move, 603, 35, 2, 1088, 2095]
[:mouse_move, 612, 34, 2, 1089, 2096]
[:mouse_move, 621, 33, 2, 1090, 2097]
[:mouse_move, 636, 33, 2, 1091, 2098]
[:mouse_move, 644, 32, 2, 1092, 2099]
[:mouse_move, 659, 32, 2, 1093, 2100]
[:mouse_move, 665, 32, 2, 1094, 2101]
[:mouse_move, 679, 32, 2, 1095, 2102]
[:mouse_move, 686, 33, 2, 1096, 2103]
[:mouse_move, 696, 34, 2, 1097, 2104]
[:mouse_move, 701, 34, 2, 1098, 2105]
[:mouse_move, 710, 34, 2, 1099, 2106]
[:mouse_move, 714, 34, 2, 1100, 2107]
[:mouse_move, 722, 35, 2, 1101, 2108]
[:mouse_move, 726, 35, 2, 1102, 2109]
[:mouse_move, 735, 36, 2, 1103, 2110]
[:mouse_move, 740, 36, 2, 1104, 2111]
[:mouse_move, 749, 36, 2, 1105, 2112]
[:mouse_move, 753, 36, 2, 1106, 2113]
[:mouse_move, 762, 36, 2, 1107, 2114]
[:mouse_move, 767, 36, 2, 1108, 2115]
[:mouse_move, 775, 36, 2, 1109, 2116]
[:mouse_move, 777, 36, 2, 1110, 2117]
[:mouse_move, 784, 36, 2, 1111, 2118]
[:mouse_move, 787, 36, 2, 1112, 2119]
[:mouse_move, 789, 35, 2, 1113, 2120]
[:mouse_move, 790, 35, 2, 1114, 2121]
[:mouse_move, 791, 35, 2, 1115, 2122]
[:mouse_move, 787, 36, 2, 1116, 2165]
[:mouse_move, 776, 43, 2, 1117, 2166]
[:mouse_move, 771, 47, 2, 1118, 2167]
[:mouse_move, 759, 55, 2, 1119, 2168]
[:mouse_move, 746, 63, 2, 1120, 2169]
[:mouse_move, 719, 79, 2, 1121, 2170]
[:mouse_move, 706, 85, 2, 1122, 2171]
[:mouse_move, 675, 98, 2, 1123, 2172]
[:mouse_move, 669, 100, 2, 1124, 2173]
[:mouse_move, 650, 105, 2, 1125, 2174]
[:mouse_move, 647, 105, 2, 1126, 2175]
[:mouse_move, 637, 107, 2, 1127, 2176]
[:mouse_move, 633, 108, 2, 1128, 2177]
[:mouse_move, 630, 108, 2, 1129, 2178]
[:mouse_move, 626, 108, 2, 1130, 2179]
[:mouse_move, 625, 108, 2, 1131, 2180]
[:mouse_move, 624, 108, 2, 1132, 2181]
[:mouse_move, 623, 108, 2, 1133, 2183]
[:mouse_button_pressed, 1, 0, 1, 1134, 2222]
[:mouse_button_up, 1, 0, 1, 1135, 2228]
[:mouse_move, 614, 115, 2, 1136, 2245]
[:mouse_move, 608, 120, 2, 1137, 2246]
[:mouse_move, 588, 140, 2, 1138, 2247]
[:mouse_move, 571, 158, 2, 1139, 2248]
[:mouse_move, 514, 226, 2, 1140, 2249]
[:mouse_move, 487, 263, 2, 1141, 2250]
[:mouse_move, 427, 346, 2, 1142, 2251]
[:mouse_move, 393, 389, 2, 1143, 2252]
[:mouse_move, 349, 437, 2, 1144, 2253]
[:mouse_move, 337, 448, 2, 1145, 2254]
[:mouse_move, 309, 472, 2, 1146, 2255]
[:mouse_move, 305, 475, 2, 1147, 2256]
[:mouse_move, 302, 476, 2, 1148, 2267]
[:mouse_move, 289, 483, 2, 1149, 2268]
[:mouse_move, 280, 489, 2, 1150, 2269]
[:mouse_move, 247, 512, 2, 1151, 2270]
[:mouse_move, 223, 529, 2, 1152, 2271]
[:mouse_move, 171, 573, 2, 1153, 2272]
[:mouse_move, 160, 583, 2, 1154, 2273]
[:mouse_move, 116, 616, 2, 1155, 2274]
[:mouse_move, 109, 621, 2, 1156, 2275]
[:mouse_move, 85, 637, 2, 1157, 2276]
[:mouse_move, 75, 643, 2, 1158, 2277]
[:mouse_move, 62, 651, 2, 1159, 2278]
[:mouse_move, 58, 654, 2, 1160, 2279]
[:mouse_move, 50, 659, 2, 1161, 2280]
[:mouse_move, 46, 662, 2, 1162, 2281]
[:mouse_move, 37, 667, 2, 1163, 2282]
[:mouse_move, 36, 668, 2, 1164, 2283]
[:mouse_move, 26, 673, 2, 1165, 2284]
[:mouse_move, 23, 675, 2, 1166, 2285]
[:mouse_move, 16, 678, 2, 1167, 2286]
[:mouse_move, 13, 681, 2, 1168, 2287]
[:mouse_move, 7, 686, 2, 1169, 2288]
[:mouse_move, 7, 687, 2, 1170, 2289]
[:mouse_move, 5, 689, 2, 1171, 2290]
[:mouse_move, 3, 694, 2, 1172, 2291]
[:mouse_move, 2, 696, 2, 1173, 2292]
[:mouse_move, 2, 698, 2, 1174, 2293]
[:mouse_move, 1, 699, 2, 1175, 2294]
[:mouse_move, 1, 701, 2, 1176, 2295]
[:mouse_move, 1, 702, 2, 1177, 2297]
[:mouse_move, 2, 703, 2, 1178, 2301]
[:mouse_move, 3, 703, 2, 1179, 2304]
[:mouse_move, 4, 702, 2, 1180, 2305]
[:mouse_move, 6, 700, 2, 1181, 2306]
[:mouse_move, 13, 694, 2, 1182, 2307]
[:mouse_move, 18, 691, 2, 1183, 2308]
[:mouse_move, 30, 682, 2, 1184, 2309]
[:mouse_move, 63, 661, 2, 1185, 2310]
[:mouse_move, 133, 611, 2, 1186, 2311]
[:mouse_move, 171, 579, 2, 1187, 2312]
[:mouse_move, 261, 490, 2, 1188, 2313]
[:mouse_move, 311, 440, 2, 1189, 2314]
[:mouse_move, 364, 387, 2, 1190, 2315]
[:mouse_move, 467, 291, 2, 1191, 2316]
[:mouse_move, 486, 276, 2, 1192, 2317]
[:mouse_move, 513, 255, 2, 1193, 2318]
[:mouse_move, 537, 236, 2, 1194, 2319]
[:mouse_move, 558, 218, 2, 1195, 2320]
[:mouse_move, 566, 212, 2, 1196, 2321]
[:mouse_move, 573, 205, 2, 1197, 2322]
[:mouse_move, 575, 204, 2, 1198, 2323]
[:mouse_move, 576, 203, 2, 1199, 2324]
[:mouse_move, 576, 202, 2, 1200, 2328]
[:mouse_move, 576, 201, 2, 1201, 2329]
[:mouse_move, 577, 198, 2, 1202, 2330]
[:mouse_move, 578, 194, 2, 1203, 2331]
[:mouse_move, 580, 185, 2, 1204, 2332]
[:mouse_move, 581, 181, 2, 1205, 2333]
[:mouse_move, 583, 174, 2, 1206, 2334]
[:mouse_move, 584, 171, 2, 1207, 2335]
[:mouse_move, 585, 166, 2, 1208, 2336]
[:mouse_move, 585, 164, 2, 1209, 2337]
[:mouse_move, 586, 162, 2, 1210, 2338]
[:mouse_move, 586, 161, 2, 1211, 2339]
[:mouse_move, 586, 160, 2, 1212, 2341]
[:mouse_button_pressed, 1, 0, 1, 1213, 2346]
[:mouse_button_up, 1, 0, 1, 1214, 2352]
[:mouse_move, 584, 162, 2, 1215, 2371]
[:mouse_move, 578, 171, 2, 1216, 2372]
[:mouse_move, 569, 185, 2, 1217, 2373]
[:mouse_move, 533, 235, 2, 1218, 2374]
[:mouse_move, 510, 265, 2, 1219, 2375]
[:mouse_move, 441, 337, 2, 1220, 2376]
[:mouse_move, 397, 381, 2, 1221, 2377]
[:mouse_move, 299, 465, 2, 1222, 2378]
[:mouse_move, 254, 505, 2, 1223, 2379]
[:mouse_move, 195, 555, 2, 1224, 2380]
[:mouse_move, 183, 564, 2, 1225, 2381]
[:mouse_move, 155, 587, 2, 1226, 2382]
[:mouse_move, 140, 598, 2, 1227, 2383]
[:mouse_move, 121, 610, 2, 1228, 2384]
[:mouse_move, 120, 611, 2, 1229, 2385]
[:mouse_move, 113, 615, 2, 1230, 2386]
[:mouse_move, 104, 624, 2, 1231, 2399]
[:mouse_move, 97, 630, 2, 1232, 2400]
[:mouse_move, 81, 643, 2, 1233, 2401]
[:mouse_move, 73, 649, 2, 1234, 2402]
[:mouse_move, 59, 662, 2, 1235, 2403]
[:mouse_move, 49, 669, 2, 1236, 2404]
[:mouse_move, 40, 677, 2, 1237, 2405]
[:mouse_move, 34, 681, 2, 1238, 2406]
[:mouse_move, 28, 686, 2, 1239, 2407]
[:mouse_move, 26, 687, 2, 1240, 2408]
[:mouse_move, 24, 689, 2, 1241, 2409]
[:mouse_move, 23, 689, 2, 1242, 2410]
[:mouse_move, 22, 689, 2, 1243, 2411]
[:mouse_move, 22, 690, 2, 1244, 2415]
[:mouse_move, 21, 690, 2, 1245, 2418]
[:mouse_move, 19, 693, 2, 1246, 2419]
[:mouse_move, 18, 694, 2, 1247, 2420]
[:mouse_move, 15, 697, 2, 1248, 2421]
[:mouse_move, 13, 699, 2, 1249, 2422]
[:mouse_move, 10, 701, 2, 1250, 2423]
[:mouse_move, 9, 702, 2, 1251, 2424]
[:mouse_move, 8, 703, 2, 1252, 2425]
[:mouse_move, 7, 704, 2, 1253, 2426]
[:mouse_move, 6, 704, 2, 1254, 2428]
[:mouse_move, 7, 705, 2, 1255, 2432]
[:mouse_move, 8, 705, 2, 1256, 2435]
[:mouse_move, 12, 705, 2, 1257, 2436]
[:mouse_move, 14, 705, 2, 1258, 2437]
[:mouse_move, 21, 705, 2, 1259, 2438]
[:mouse_move, 26, 705, 2, 1260, 2439]
[:mouse_move, 31, 704, 2, 1261, 2440]
[:mouse_move, 35, 703, 2, 1262, 2441]
[:mouse_move, 43, 702, 2, 1263, 2442]
[:mouse_move, 45, 702, 2, 1264, 2443]
[:mouse_move, 50, 701, 2, 1265, 2444]
[:mouse_move, 51, 700, 2, 1266, 2445]
[:mouse_move, 54, 700, 2, 1267, 2446]
[:mouse_move, 55, 700, 2, 1268, 2448]
[:mouse_move, 56, 700, 2, 1269, 2453]
[:mouse_move, 63, 698, 2, 1270, 2461]
[:mouse_move, 75, 693, 2, 1271, 2462]
[:mouse_move, 124, 667, 2, 1272, 2463]
[:mouse_move, 159, 645, 2, 1273, 2464]
[:mouse_move, 308, 537, 2, 1274, 2465]
[:mouse_move, 379, 478, 2, 1275, 2466]
[:mouse_move, 482, 386, 2, 1276, 2467]
[:mouse_move, 507, 363, 2, 1277, 2468]
[:mouse_move, 571, 310, 2, 1278, 2469]
[:mouse_move, 582, 302, 2, 1279, 2470]
[:mouse_move, 604, 284, 2, 1280, 2471]
[:mouse_move, 614, 276, 2, 1281, 2472]
[:mouse_move, 621, 269, 2, 1282, 2473]
[:mouse_move, 623, 267, 2, 1283, 2474]
[:mouse_move, 624, 266, 2, 1284, 2475]
[:mouse_move, 624, 265, 2, 1285, 2476]
[:mouse_move, 624, 264, 2, 1286, 2477]
[:mouse_move, 624, 263, 2, 1287, 2479]
[:mouse_move, 624, 262, 2, 1288, 2481]
[:mouse_move, 624, 261, 2, 1289, 2482]
[:mouse_move, 624, 260, 2, 1290, 2483]
[:mouse_move, 624, 256, 2, 1291, 2484]
[:mouse_move, 624, 253, 2, 1292, 2485]
[:mouse_move, 624, 246, 2, 1293, 2486]
[:mouse_move, 625, 244, 2, 1294, 2487]
[:mouse_move, 625, 239, 2, 1295, 2488]
[:mouse_move, 626, 236, 2, 1296, 2489]
[:mouse_move, 626, 232, 2, 1297, 2490]
[:mouse_move, 626, 231, 2, 1298, 2491]
[:mouse_move, 626, 228, 2, 1299, 2492]
[:mouse_move, 626, 227, 2, 1300, 2493]
[:mouse_move, 626, 226, 2, 1301, 2495]
[:mouse_move, 626, 225, 2, 1302, 2496]
[:mouse_move, 626, 224, 2, 1303, 2505]
[:mouse_button_pressed, 1, 0, 1, 1304, 2509]
[:mouse_button_up, 1, 0, 1, 1305, 2515]
[:mouse_move, 624, 224, 2, 1306, 2521]
[:mouse_move, 621, 227, 2, 1307, 2522]
[:mouse_move, 602, 243, 2, 1308, 2523]
[:mouse_move, 575, 266, 2, 1309, 2524]
[:mouse_move, 519, 327, 2, 1310, 2525]
[:mouse_move, 484, 365, 2, 1311, 2526]
[:mouse_move, 434, 415, 2, 1312, 2527]
[:mouse_move, 402, 444, 2, 1313, 2528]
[:mouse_move, 348, 490, 2, 1314, 2529]
[:mouse_move, 323, 511, 2, 1315, 2530]
[:mouse_move, 296, 535, 2, 1316, 2531]
[:mouse_move, 280, 552, 2, 1317, 2532]
[:mouse_move, 266, 566, 2, 1318, 2533]
[:mouse_move, 242, 590, 2, 1319, 2534]
[:mouse_move, 237, 594, 2, 1320, 2535]
[:mouse_move, 219, 610, 2, 1321, 2536]
[:mouse_move, 210, 616, 2, 1322, 2537]
[:mouse_move, 196, 627, 2, 1323, 2538]
[:mouse_move, 183, 634, 2, 1324, 2539]
[:mouse_move, 166, 639, 2, 1325, 2540]
[:mouse_move, 162, 640, 2, 1326, 2541]
[:mouse_move, 142, 646, 2, 1327, 2542]
[:mouse_move, 134, 649, 2, 1328, 2543]
[:mouse_move, 124, 653, 2, 1329, 2544]
[:mouse_move, 120, 654, 2, 1330, 2545]
[:mouse_move, 115, 656, 2, 1331, 2546]
[:mouse_move, 114, 656, 2, 1332, 2547]
[:mouse_move, 118, 655, 2, 1333, 2548]
[:mouse_move, 123, 652, 2, 1334, 2549]
[:mouse_move, 132, 648, 2, 1335, 2550]
[:mouse_move, 134, 646, 2, 1336, 2551]
[:mouse_move, 141, 644, 2, 1337, 2552]
[:mouse_move, 143, 643, 2, 1338, 2553]
[:mouse_move, 145, 642, 2, 1339, 2554]
[:mouse_move, 146, 641, 2, 1340, 2555]
[:mouse_move, 149, 639, 2, 1341, 2556]
[:mouse_move, 152, 635, 2, 1342, 2557]
[:mouse_move, 169, 614, 2, 1343, 2558]
[:mouse_move, 194, 585, 2, 1344, 2559]
[:mouse_move, 220, 559, 2, 1345, 2560]
[:mouse_move, 298, 486, 2, 1346, 2561]
[:mouse_move, 349, 442, 2, 1347, 2562]
[:mouse_move, 458, 347, 2, 1348, 2563]
[:mouse_move, 480, 326, 2, 1349, 2564]
[:mouse_move, 533, 277, 2, 1350, 2565]
[:mouse_move, 558, 253, 2, 1351, 2566]
[:mouse_move, 579, 232, 2, 1352, 2567]
[:mouse_move, 582, 229, 2, 1353, 2568]
[:mouse_move, 595, 215, 2, 1354, 2569]
[:mouse_move, 598, 211, 2, 1355, 2570]
[:mouse_move, 602, 206, 2, 1356, 2571]
[:mouse_move, 603, 204, 2, 1357, 2572]
[:mouse_move, 606, 199, 2, 1358, 2573]
[:mouse_move, 607, 196, 2, 1359, 2574]
[:mouse_move, 611, 191, 2, 1360, 2575]
[:mouse_move, 612, 190, 2, 1361, 2576]
[:mouse_move, 615, 185, 2, 1362, 2577]
[:mouse_move, 616, 184, 2, 1363, 2578]
[:mouse_move, 618, 182, 2, 1364, 2579]
[:mouse_move, 618, 181, 2, 1365, 2580]
[:mouse_move, 619, 180, 2, 1366, 2581]
[:mouse_move, 619, 183, 2, 1367, 2592]
[:mouse_move, 620, 184, 2, 1368, 2593]
[:mouse_move, 620, 187, 2, 1369, 2594]
[:mouse_move, 621, 189, 2, 1370, 2596]
[:mouse_move, 621, 190, 2, 1371, 2597]
[:mouse_move, 621, 191, 2, 1372, 2598]
[:mouse_move, 621, 192, 2, 1373, 2600]
[:mouse_move, 622, 192, 2, 1374, 2601]
[:mouse_move, 622, 193, 2, 1375, 2602]
[:mouse_move, 622, 194, 2, 1376, 2604]
[:mouse_move, 622, 195, 2, 1377, 2611]
[:mouse_move, 614, 203, 2, 1378, 2613]
[:mouse_move, 603, 212, 2, 1379, 2614]
[:mouse_move, 571, 240, 2, 1380, 2615]
[:mouse_move, 548, 261, 2, 1381, 2616]
[:mouse_move, 464, 335, 2, 1382, 2617]
[:mouse_move, 422, 371, 2, 1383, 2618]
[:mouse_move, 320, 457, 2, 1384, 2619]
[:mouse_move, 269, 501, 2, 1385, 2620]
[:mouse_move, 175, 591, 2, 1386, 2621]
[:mouse_move, 158, 608, 2, 1387, 2622]
[:mouse_move, 121, 644, 2, 1388, 2623]
[:mouse_move, 113, 651, 2, 1389, 2624]
[:mouse_move, 95, 669, 2, 1390, 2625]
[:mouse_move, 87, 677, 2, 1391, 2626]
[:mouse_move, 79, 685, 2, 1392, 2627]
[:mouse_move, 76, 687, 2, 1393, 2628]
[:mouse_move, 74, 689, 2, 1394, 2629]
[:mouse_move, 73, 690, 2, 1395, 2630]
[:mouse_move, 71, 691, 2, 1396, 2631]
[:mouse_move, 70, 692, 2, 1397, 2632]
[:mouse_move, 66, 695, 2, 1398, 2633]
[:mouse_move, 64, 696, 2, 1399, 2634]
[:mouse_move, 60, 699, 2, 1400, 2635]
[:mouse_move, 56, 702, 2, 1401, 2636]
[:mouse_move, 51, 706, 2, 1402, 2637]
[:mouse_move, 48, 709, 2, 1403, 2638]
[:mouse_move, 45, 712, 2, 1404, 2639]
[:mouse_move, 43, 713, 2, 1405, 2640]
[:mouse_move, 41, 715, 2, 1406, 2641]
[:mouse_move, 37, 716, 2, 1407, 2642]
[:mouse_move, 35, 717, 2, 1408, 2643]
[:mouse_move, 31, 717, 2, 1409, 2644]
[:mouse_move, 30, 717, 2, 1410, 2645]
[:mouse_move, 25, 716, 2, 1411, 2646]
[:mouse_move, 24, 716, 2, 1412, 2647]
[:mouse_move, 21, 715, 2, 1413, 2648]
[:mouse_move, 20, 715, 2, 1414, 2649]
[:mouse_move, 19, 715, 2, 1415, 2650]
[:mouse_move, 18, 715, 2, 1416, 2651]
[:mouse_move, 18, 714, 2, 1417, 2652]
[:mouse_move, 20, 713, 2, 1418, 2664]
[:mouse_move, 23, 712, 2, 1419, 2665]
[:mouse_move, 35, 710, 2, 1420, 2666]
[:mouse_move, 39, 709, 2, 1421, 2667]
[:mouse_move, 45, 708, 2, 1422, 2668]
[:mouse_move, 58, 704, 2, 1423, 2669]
[:mouse_move, 63, 703, 2, 1424, 2670]
[:mouse_move, 72, 702, 2, 1425, 2671]
[:mouse_move, 76, 701, 2, 1426, 2672]
[:mouse_move, 82, 701, 2, 1427, 2673]
[:mouse_move, 85, 701, 2, 1428, 2674]
[:mouse_move, 89, 701, 2, 1429, 2675]
[:mouse_move, 91, 701, 2, 1430, 2676]
[:mouse_move, 93, 701, 2, 1431, 2677]
[:mouse_move, 94, 701, 2, 1432, 2678]
[:mouse_move, 95, 701, 2, 1433, 2679]
[:mouse_move, 95, 700, 2, 1434, 2725]
[:mouse_move, 95, 699, 2, 1435, 2726]
[:mouse_move, 98, 694, 2, 1436, 2727]
[:mouse_move, 99, 691, 2, 1437, 2728]
[:mouse_move, 105, 675, 2, 1438, 2729]
[:mouse_move, 108, 666, 2, 1439, 2730]
[:mouse_move, 113, 650, 2, 1440, 2731]
[:mouse_move, 116, 642, 2, 1441, 2732]
[:mouse_move, 118, 633, 2, 1442, 2733]
[:mouse_move, 120, 628, 2, 1443, 2734]
[:mouse_move, 121, 625, 2, 1444, 2735]
[:key_down_raw, 1073742051, 1024, 2, 1445, 2866]
[:key_down_raw, 113, 1024, 2, 1446, 2866]
