replay_version 2.0
stopped_at 680
seed 100
recorded_at 2021-11-20 11:16:26 -0600
[:mouse_button_up, 1, 0, 1, 1, 3]
[:mouse_move, 782, 90, 2, 2, 12]
[:mouse_move, 780, 90, 2, 3, 13]
[:mouse_move, 771, 90, 2, 4, 14]
[:mouse_move, 759, 90, 2, 5, 15]
[:mouse_move, 739, 90, 2, 6, 16]
[:mouse_move, 703, 90, 2, 7, 17]
[:mouse_move, 681, 94, 2, 8, 18]
[:mouse_move, 657, 95, 2, 9, 19]
[:mouse_move, 631, 99, 2, 10, 20]
[:mouse_move, 599, 99, 2, 11, 21]
[:mouse_move, 560, 99, 2, 12, 22]
[:mouse_move, 518, 97, 2, 13, 23]
[:mouse_move, 476, 92, 2, 14, 24]
[:mouse_move, 435, 90, 2, 15, 25]
[:mouse_move, 391, 90, 2, 16, 26]
[:mouse_move, 345, 90, 2, 17, 27]
[:mouse_move, 304, 90, 2, 18, 28]
[:mouse_move, 254, 90, 2, 19, 29]
[:mouse_move, 230, 90, 2, 20, 30]
[:mouse_move, 213, 90, 2, 21, 31]
[:mouse_move, 207, 90, 2, 22, 32]
[:mouse_move, 207, 89, 2, 23, 34]
[:mouse_move, 207, 87, 2, 24, 35]
[:mouse_move, 209, 84, 2, 25, 36]
[:mouse_move, 210, 82, 2, 26, 37]
[:mouse_move, 211, 82, 2, 27, 38]
[:mouse_move, 211, 81, 2, 28, 40]
[:mouse_move, 212, 80, 2, 29, 41]
[:mouse_move, 212, 79, 2, 30, 42]
[:mouse_button_pressed, 1, 0, 1, 31, 89]
[:mouse_button_up, 1, 0, 1, 32, 93]
[:mouse_move, 212, 83, 2, 33, 151]
[:mouse_move, 216, 104, 2, 34, 152]
[:mouse_move, 229, 135, 2, 35, 153]
[:mouse_move, 242, 168, 2, 36, 154]
[:mouse_move, 250, 197, 2, 37, 155]
[:mouse_move, 254, 218, 2, 38, 156]
[:mouse_move, 264, 240, 2, 39, 157]
[:mouse_move, 274, 266, 2, 40, 158]
[:mouse_move, 285, 293, 2, 41, 159]
[:mouse_move, 295, 316, 2, 42, 160]
[:mouse_move, 304, 345, 2, 43, 161]
[:mouse_move, 308, 358, 2, 44, 162]
[:mouse_move, 316, 381, 2, 45, 163]
[:mouse_move, 328, 408, 2, 46, 164]
[:mouse_move, 333, 431, 2, 47, 165]
[:mouse_move, 336, 447, 2, 48, 166]
[:mouse_move, 337, 455, 2, 49, 167]
[:mouse_move, 337, 459, 2, 50, 168]
[:mouse_move, 336, 459, 2, 51, 175]
[:mouse_move, 336, 460, 2, 52, 177]
[:mouse_move, 336, 461, 2, 53, 178]
[:mouse_move, 334, 462, 2, 54, 179]
[:mouse_move, 331, 462, 2, 55, 180]
[:mouse_move, 328, 462, 2, 56, 181]
[:mouse_move, 323, 462, 2, 57, 182]
[:mouse_move, 318, 455, 2, 58, 183]
[:mouse_move, 310, 438, 2, 59, 184]
[:mouse_move, 306, 414, 2, 60, 185]
[:mouse_move, 306, 405, 2, 61, 186]
[:mouse_move, 307, 402, 2, 62, 187]
[:mouse_move, 310, 395, 2, 63, 188]
[:mouse_move, 318, 384, 2, 64, 189]
[:mouse_move, 327, 374, 2, 65, 190]
[:mouse_move, 338, 364, 2, 66, 191]
[:mouse_move, 351, 355, 2, 67, 192]
[:mouse_move, 367, 347, 2, 68, 193]
[:mouse_move, 385, 340, 2, 69, 194]
[:mouse_move, 406, 335, 2, 70, 195]
[:mouse_move, 431, 330, 2, 71, 196]
[:mouse_move, 471, 330, 2, 72, 197]
[:mouse_move, 491, 335, 2, 73, 198]
[:mouse_move, 505, 339, 2, 74, 199]
[:mouse_move, 514, 342, 2, 75, 200]
[:mouse_move, 520, 346, 2, 76, 201]
[:mouse_move, 526, 352, 2, 77, 202]
[:mouse_move, 530, 363, 2, 78, 203]
[:mouse_move, 530, 378, 2, 79, 204]
[:mouse_move, 530, 396, 2, 80, 205]
[:mouse_move, 530, 415, 2, 81, 206]
[:mouse_move, 524, 434, 2, 82, 207]
[:mouse_move, 517, 446, 2, 83, 208]
[:mouse_move, 509, 458, 2, 84, 209]
[:mouse_move, 503, 466, 2, 85, 210]
[:mouse_move, 499, 472, 2, 86, 211]
[:mouse_move, 496, 478, 2, 87, 212]
[:mouse_move, 493, 486, 2, 88, 213]
[:mouse_move, 488, 493, 2, 89, 214]
[:mouse_move, 476, 501, 2, 90, 215]
[:mouse_move, 465, 509, 2, 91, 216]
[:mouse_move, 453, 515, 2, 92, 217]
[:mouse_move, 441, 521, 2, 93, 218]
[:mouse_move, 426, 524, 2, 94, 219]
[:mouse_move, 410, 524, 2, 95, 220]
[:mouse_move, 391, 527, 2, 96, 221]
[:mouse_move, 379, 527, 2, 97, 222]
[:mouse_move, 368, 527, 2, 98, 223]
[:mouse_move, 360, 528, 2, 99, 224]
[:mouse_move, 359, 528, 2, 100, 225]
[:mouse_move, 358, 528, 2, 101, 226]
[:mouse_move, 364, 529, 2, 102, 232]
[:mouse_move, 387, 533, 2, 103, 233]
[:mouse_move, 410, 535, 2, 104, 234]
[:mouse_move, 434, 535, 2, 105, 235]
[:mouse_move, 468, 535, 2, 106, 236]
[:mouse_move, 506, 535, 2, 107, 237]
[:mouse_move, 546, 535, 2, 108, 238]
[:mouse_move, 582, 535, 2, 109, 239]
[:mouse_move, 614, 531, 2, 110, 240]
[:mouse_move, 647, 521, 2, 111, 241]
[:mouse_move, 679, 510, 2, 112, 242]
[:mouse_move, 705, 496, 2, 113, 243]
[:mouse_move, 722, 479, 2, 114, 244]
[:mouse_move, 727, 447, 2, 115, 245]
[:mouse_move, 715, 426, 2, 116, 246]
[:mouse_move, 692, 401, 2, 117, 247]
[:mouse_move, 665, 382, 2, 118, 248]
[:mouse_move, 641, 371, 2, 119, 249]
[:mouse_move, 601, 361, 2, 120, 250]
[:mouse_move, 582, 358, 2, 121, 251]
[:mouse_move, 510, 350, 2, 122, 252]
[:mouse_move, 486, 350, 2, 123, 253]
[:mouse_move, 439, 350, 2, 124, 254]
[:mouse_move, 395, 350, 2, 125, 255]
[:mouse_move, 362, 355, 2, 126, 256]
[:mouse_move, 322, 370, 2, 127, 257]
[:mouse_move, 306, 380, 2, 128, 258]
[:mouse_move, 298, 395, 2, 129, 259]
[:mouse_move, 296, 420, 2, 130, 260]
[:mouse_move, 303, 439, 2, 131, 261]
[:mouse_move, 310, 450, 2, 132, 262]
[:mouse_move, 345, 476, 2, 133, 263]
[:mouse_move, 376, 489, 2, 134, 264]
[:mouse_move, 408, 495, 2, 135, 265]
[:mouse_move, 447, 498, 2, 136, 266]
[:mouse_move, 487, 498, 2, 137, 267]
[:mouse_move, 526, 492, 2, 138, 268]
[:mouse_move, 588, 476, 2, 139, 269]
[:mouse_move, 630, 455, 2, 140, 270]
[:mouse_move, 682, 424, 2, 141, 271]
[:mouse_move, 733, 384, 2, 142, 272]
[:mouse_move, 774, 341, 2, 143, 273]
[:mouse_move, 811, 302, 2, 144, 274]
[:mouse_move, 825, 270, 2, 145, 275]
[:mouse_move, 828, 240, 2, 146, 276]
[:mouse_move, 824, 211, 2, 147, 277]
[:mouse_move, 810, 185, 2, 148, 278]
[:mouse_move, 799, 170, 2, 149, 279]
[:mouse_move, 793, 165, 2, 150, 280]
[:mouse_move, 787, 162, 2, 151, 281]
[:mouse_move, 779, 158, 2, 152, 282]
[:mouse_move, 768, 154, 2, 153, 283]
[:mouse_move, 759, 151, 2, 154, 284]
[:mouse_move, 757, 150, 2, 155, 285]
[:mouse_move, 757, 151, 2, 156, 288]
[:mouse_move, 765, 159, 2, 157, 289]
[:mouse_move, 775, 168, 2, 158, 290]
[:mouse_move, 790, 172, 2, 159, 291]
[:mouse_move, 812, 177, 2, 160, 292]
[:mouse_move, 859, 180, 2, 161, 293]
[:mouse_move, 902, 180, 2, 162, 294]
[:mouse_move, 944, 178, 2, 163, 295]
[:mouse_move, 985, 172, 2, 164, 296]
[:mouse_move, 1025, 163, 2, 165, 297]
[:mouse_move, 1053, 152, 2, 166, 298]
[:mouse_move, 1075, 142, 2, 167, 299]
[:mouse_move, 1090, 131, 2, 168, 300]
[:mouse_move, 1096, 121, 2, 169, 301]
[:mouse_move, 1096, 110, 2, 170, 302]
[:mouse_move, 1088, 96, 2, 171, 303]
[:mouse_move, 1065, 77, 2, 172, 304]
[:mouse_move, 1030, 58, 2, 173, 305]
[:mouse_move, 1014, 54, 2, 174, 306]
[:mouse_move, 999, 50, 2, 175, 307]
[:mouse_move, 978, 45, 2, 176, 308]
[:mouse_move, 951, 41, 2, 177, 309]
[:mouse_move, 912, 36, 2, 178, 310]
[:mouse_move, 870, 33, 2, 179, 311]
[:mouse_move, 833, 33, 2, 180, 312]
[:mouse_move, 809, 39, 2, 181, 313]
[:mouse_move, 793, 45, 2, 182, 314]
[:mouse_move, 782, 51, 2, 183, 315]
[:mouse_move, 777, 55, 2, 184, 316]
[:mouse_move, 776, 70, 2, 185, 317]
[:mouse_move, 784, 90, 2, 186, 318]
[:mouse_move, 802, 114, 2, 187, 319]
[:mouse_move, 827, 138, 2, 188, 320]
[:mouse_move, 865, 156, 2, 189, 321]
[:mouse_move, 905, 168, 2, 190, 322]
[:mouse_move, 942, 171, 2, 191, 323]
[:mouse_move, 972, 171, 2, 192, 324]
[:mouse_move, 992, 167, 2, 193, 325]
[:mouse_move, 1000, 157, 2, 194, 326]
[:mouse_move, 1000, 140, 2, 195, 327]
[:mouse_move, 982, 117, 2, 196, 328]
[:mouse_move, 958, 99, 2, 197, 329]
[:mouse_move, 903, 81, 2, 198, 330]
[:mouse_move, 880, 75, 2, 199, 331]
[:mouse_move, 763, 60, 2, 200, 332]
[:mouse_move, 716, 58, 2, 201, 333]
[:mouse_move, 604, 58, 2, 202, 334]
[:mouse_move, 440, 65, 2, 203, 335]
[:mouse_move, 355, 82, 2, 204, 336]
[:mouse_move, 282, 95, 2, 205, 337]
[:mouse_move, 221, 103, 2, 206, 338]
[:mouse_move, 179, 109, 2, 207, 339]
[:mouse_move, 146, 109, 2, 208, 340]
[:mouse_move, 128, 109, 2, 209, 341]
[:mouse_move, 116, 109, 2, 210, 342]
[:mouse_move, 112, 108, 2, 211, 343]
[:mouse_move, 115, 111, 2, 212, 349]
[:mouse_move, 117, 113, 2, 213, 350]
[:mouse_move, 118, 115, 2, 214, 351]
[:mouse_move, 118, 116, 2, 215, 352]
[:mouse_move, 119, 117, 2, 216, 353]
[:mouse_move, 123, 119, 2, 217, 354]
[:mouse_move, 127, 120, 2, 218, 355]
[:mouse_move, 128, 120, 2, 219, 356]
[:mouse_button_pressed, 1, 0, 1, 220, 369]
[:mouse_button_up, 1, 0, 1, 221, 372]
[:mouse_move, 131, 121, 2, 222, 399]
[:mouse_move, 147, 128, 2, 223, 400]
[:mouse_move, 165, 133, 2, 224, 401]
[:mouse_move, 186, 138, 2, 225, 402]
[:mouse_move, 210, 145, 2, 226, 403]
[:mouse_move, 231, 151, 2, 227, 404]
[:mouse_move, 252, 160, 2, 228, 405]
[:mouse_move, 276, 176, 2, 229, 406]
[:mouse_move, 304, 197, 2, 230, 407]
[:mouse_move, 332, 224, 2, 231, 408]
[:mouse_move, 352, 261, 2, 232, 409]
[:mouse_move, 360, 293, 2, 233, 410]
[:mouse_move, 365, 322, 2, 234, 411]
[:mouse_move, 366, 351, 2, 235, 412]
[:mouse_move, 358, 385, 2, 236, 413]
[:mouse_move, 344, 403, 2, 237, 414]
[:mouse_move, 331, 412, 2, 238, 415]
[:mouse_move, 318, 417, 2, 239, 416]
[:mouse_move, 307, 420, 2, 240, 417]
[:mouse_move, 303, 422, 2, 241, 418]
[:mouse_move, 302, 422, 2, 242, 419]
[:mouse_move, 301, 422, 2, 243, 421]
[:mouse_move, 298, 418, 2, 244, 422]
[:mouse_move, 295, 410, 2, 245, 423]
[:mouse_move, 295, 407, 2, 246, 424]
[:mouse_move, 293, 403, 2, 247, 425]
[:mouse_move, 293, 399, 2, 248, 426]
[:mouse_move, 293, 396, 2, 249, 427]
[:mouse_move, 294, 391, 2, 250, 428]
[:mouse_move, 300, 380, 2, 251, 429]
[:mouse_move, 306, 370, 2, 252, 430]
[:mouse_move, 315, 361, 2, 253, 431]
[:mouse_move, 318, 360, 2, 254, 432]
[:mouse_move, 319, 360, 2, 255, 433]
[:mouse_move, 321, 362, 2, 256, 434]
[:mouse_move, 321, 363, 2, 257, 435]
[:mouse_move, 322, 364, 2, 258, 439]
[:mouse_move, 333, 367, 2, 259, 440]
[:mouse_move, 357, 372, 2, 260, 441]
[:mouse_move, 387, 375, 2, 261, 442]
[:mouse_move, 426, 380, 2, 262, 443]
[:mouse_move, 468, 387, 2, 263, 444]
[:mouse_move, 506, 389, 2, 264, 445]
[:mouse_move, 539, 389, 2, 265, 446]
[:mouse_move, 570, 387, 2, 266, 447]
[:mouse_move, 593, 381, 2, 267, 448]
[:mouse_move, 614, 376, 2, 268, 449]
[:mouse_move, 622, 376, 2, 269, 450]
[:mouse_move, 626, 377, 2, 270, 451]
[:mouse_move, 628, 379, 2, 271, 452]
[:mouse_move, 628, 382, 2, 272, 453]
[:mouse_move, 627, 388, 2, 273, 454]
[:mouse_move, 621, 400, 2, 274, 455]
[:mouse_move, 609, 411, 2, 275, 456]
[:mouse_move, 594, 422, 2, 276, 457]
[:mouse_move, 573, 429, 2, 277, 458]
[:mouse_move, 551, 433, 2, 278, 459]
[:mouse_move, 523, 437, 2, 279, 460]
[:mouse_move, 481, 440, 2, 280, 461]
[:mouse_move, 453, 439, 2, 281, 462]
[:mouse_move, 425, 432, 2, 282, 463]
[:mouse_move, 393, 423, 2, 283, 464]
[:mouse_move, 368, 416, 2, 284, 465]
[:mouse_move, 353, 415, 2, 285, 466]
[:mouse_move, 343, 413, 2, 286, 467]
[:mouse_move, 337, 409, 2, 287, 468]
[:mouse_move, 332, 405, 2, 288, 469]
[:mouse_move, 327, 395, 2, 289, 470]
[:mouse_move, 324, 382, 2, 290, 471]
[:mouse_move, 324, 375, 2, 291, 472]
[:mouse_move, 336, 367, 2, 292, 473]
[:mouse_move, 351, 361, 2, 293, 474]
[:mouse_move, 369, 357, 2, 294, 475]
[:mouse_move, 388, 356, 2, 295, 476]
[:mouse_move, 405, 353, 2, 296, 477]
[:mouse_move, 423, 352, 2, 297, 478]
[:mouse_move, 441, 355, 2, 298, 479]
[:mouse_move, 464, 367, 2, 299, 480]
[:mouse_move, 482, 380, 2, 300, 481]
[:mouse_move, 494, 395, 2, 301, 482]
[:mouse_move, 496, 405, 2, 302, 483]
[:mouse_move, 491, 413, 2, 303, 484]
[:mouse_move, 467, 428, 2, 304, 485]
[:mouse_move, 447, 439, 2, 305, 486]
[:mouse_move, 427, 447, 2, 306, 487]
[:mouse_move, 407, 450, 2, 307, 488]
[:mouse_move, 385, 450, 2, 308, 489]
[:mouse_move, 361, 449, 2, 309, 490]
[:mouse_move, 345, 447, 2, 310, 491]
[:mouse_move, 332, 441, 2, 311, 492]
[:mouse_move, 321, 434, 2, 312, 493]
[:mouse_move, 312, 424, 2, 313, 494]
[:mouse_move, 307, 412, 2, 314, 495]
[:mouse_move, 306, 401, 2, 315, 496]
[:mouse_move, 310, 384, 2, 316, 497]
[:mouse_move, 322, 369, 2, 317, 498]
[:mouse_move, 346, 357, 2, 318, 499]
[:mouse_move, 388, 346, 2, 319, 500]
[:mouse_move, 434, 332, 2, 320, 501]
[:mouse_move, 500, 314, 2, 321, 502]
[:mouse_move, 564, 295, 2, 322, 503]
[:mouse_move, 630, 276, 2, 323, 504]
[:mouse_move, 676, 262, 2, 324, 505]
[:mouse_move, 716, 248, 2, 325, 506]
[:mouse_move, 753, 232, 2, 326, 507]
[:mouse_move, 785, 217, 2, 327, 508]
[:mouse_move, 820, 194, 2, 328, 509]
[:mouse_move, 831, 186, 2, 329, 510]
[:mouse_move, 832, 185, 2, 330, 511]
[:mouse_move, 833, 184, 2, 331, 512]
[:mouse_move, 834, 186, 2, 332, 518]
[:mouse_move, 835, 189, 2, 333, 519]
[:mouse_move, 833, 190, 2, 334, 521]
[:mouse_move, 821, 188, 2, 335, 522]
[:mouse_move, 793, 174, 2, 336, 523]
[:mouse_move, 753, 152, 2, 337, 524]
[:mouse_move, 725, 132, 2, 338, 525]
[:mouse_move, 715, 117, 2, 339, 526]
[:mouse_move, 710, 93, 2, 340, 527]
[:mouse_move, 709, 69, 2, 341, 528]
[:mouse_move, 713, 47, 2, 342, 529]
[:mouse_move, 730, 29, 2, 343, 530]
[:mouse_move, 763, 18, 2, 344, 531]
[:mouse_move, 812, 16, 2, 345, 532]
[:mouse_move, 894, 24, 2, 346, 533]
[:mouse_move, 965, 43, 2, 347, 534]
[:mouse_move, 1015, 64, 2, 348, 535]
[:mouse_move, 1049, 80, 2, 349, 536]
[:mouse_move, 1070, 97, 2, 350, 537]
[:mouse_move, 1079, 114, 2, 351, 538]
[:mouse_move, 1079, 126, 2, 352, 539]
[:mouse_move, 1071, 139, 2, 353, 540]
[:mouse_move, 1052, 147, 2, 354, 541]
[:mouse_move, 1026, 151, 2, 355, 542]
[:mouse_move, 986, 152, 2, 356, 543]
[:mouse_move, 937, 152, 2, 357, 544]
[:mouse_move, 835, 143, 2, 358, 545]
[:mouse_move, 768, 125, 2, 359, 546]
[:mouse_move, 711, 105, 2, 360, 547]
[:mouse_move, 667, 86, 2, 361, 548]
[:mouse_move, 639, 74, 2, 362, 549]
[:mouse_move, 630, 69, 2, 363, 550]
[:mouse_move, 630, 64, 2, 364, 551]
[:mouse_move, 638, 53, 2, 365, 552]
[:mouse_move, 659, 41, 2, 366, 553]
[:mouse_move, 688, 33, 2, 367, 554]
[:mouse_move, 723, 23, 2, 368, 555]
[:mouse_move, 759, 19, 2, 369, 556]
[:mouse_move, 810, 19, 2, 370, 557]
[:mouse_move, 840, 25, 2, 371, 558]
[:mouse_move, 866, 37, 2, 372, 559]
[:mouse_move, 878, 47, 2, 373, 560]
[:mouse_move, 878, 57, 2, 374, 561]
[:mouse_move, 866, 69, 2, 375, 562]
[:mouse_move, 835, 76, 2, 376, 563]
[:mouse_move, 783, 77, 2, 377, 564]
[:mouse_move, 722, 77, 2, 378, 565]
[:mouse_move, 652, 77, 2, 379, 566]
[:mouse_move, 559, 67, 2, 380, 567]
[:mouse_move, 445, 36, 2, 381, 568]
[:mouse_move, 274, 0, 2, 382, 569]
[:mouse_move, 110, 0, 2, 383, 598]
[:mouse_move, 131, 5, 2, 384, 599]
[:mouse_move, 162, 14, 2, 385, 600]
[:mouse_move, 201, 24, 2, 386, 601]
[:mouse_move, 244, 32, 2, 387, 602]
[:key_down_raw, 96, 0, 2, 388, 602]
[:mouse_move, 288, 38, 2, 389, 603]
[:mouse_move, 338, 46, 2, 390, 604]
[:mouse_move, 422, 70, 2, 391, 605]
[:mouse_move, 490, 90, 2, 392, 606]
[:mouse_move, 553, 113, 2, 393, 607]
[:key_up_raw, 96, 0, 2, 394, 608]
[:mouse_move, 600, 129, 2, 395, 608]
[:mouse_move, 638, 146, 2, 396, 609]
[:mouse_move, 663, 159, 2, 397, 610]
[:mouse_move, 686, 168, 2, 398, 611]
[:mouse_move, 708, 177, 2, 399, 612]
[:mouse_move, 725, 184, 2, 400, 613]
[:mouse_move, 733, 189, 2, 401, 614]
[:mouse_move, 735, 189, 2, 402, 615]
[:mouse_move, 729, 189, 2, 403, 616]
[:mouse_move, 704, 185, 2, 404, 617]
[:mouse_move, 721, 189, 2, 405, 628]
[:mouse_move, 744, 191, 2, 406, 629]
[:mouse_move, 745, 191, 2, 407, 630]
[:mouse_move, 744, 191, 2, 408, 637]
[:mouse_move, 743, 191, 2, 409, 638]
[:mouse_move, 744, 191, 2, 410, 665]
[:key_down_raw, 13, 0, 2, 411, 680]
