replay_version 2.1
stopped_at 5248
seed 100
recorded_at 2024-12-14 23:03:29 -0600
[:mouse_button_up, 1, 0, 1, 1, 3]
[:mouse_move, 886, 134, 2, 2, 13]
[:mouse_move, 888, 138, 2, 3, 14]
[:mouse_move, 893, 145, 2, 4, 15]
[:mouse_move, 898, 154, 2, 5, 16]
[:mouse_move, 905, 166, 2, 6, 17]
[:mouse_move, 911, 178, 2, 7, 18]
[:mouse_move, 916, 189, 2, 8, 19]
[:mouse_move, 922, 201, 2, 9, 20]
[:mouse_move, 926, 211, 2, 10, 21]
[:mouse_move, 928, 218, 2, 11, 22]
[:mouse_move, 931, 226, 2, 12, 23]
[:mouse_move, 932, 229, 2, 13, 24]
[:mouse_move, 934, 238, 2, 14, 25]
[:mouse_move, 935, 241, 2, 15, 26]
[:mouse_move, 935, 244, 2, 16, 27]
[:mouse_move, 935, 246, 2, 17, 28]
[:mouse_move, 934, 248, 2, 18, 31]
[:mouse_move, 932, 250, 2, 19, 31]
[:mouse_move, 928, 252, 2, 20, 33]
[:mouse_move, 923, 256, 2, 21, 34]
[:mouse_move, 920, 257, 2, 22, 35]
[:mouse_move, 916, 259, 2, 23, 36]
[:mouse_move, 914, 260, 2, 24, 37]
[:mouse_move, 910, 261, 2, 25, 38]
[:mouse_move, 906, 263, 2, 26, 39]
[:mouse_move, 900, 265, 2, 27, 40]
[:mouse_move, 891, 269, 2, 28, 41]
[:mouse_move, 885, 271, 2, 29, 42]
[:mouse_move, 876, 274, 2, 30, 43]
[:mouse_move, 866, 277, 2, 31, 44]
[:mouse_move, 860, 279, 2, 32, 45]
[:mouse_move, 850, 283, 2, 33, 46]
[:mouse_move, 845, 285, 2, 34, 47]
[:mouse_move, 836, 288, 2, 35, 48]
[:mouse_move, 829, 291, 2, 36, 49]
[:mouse_move, 822, 294, 2, 37, 50]
[:mouse_move, 821, 294, 2, 38, 51]
[:mouse_move, 820, 294, 2, 39, 70]
[:mouse_move, 812, 294, 2, 40, 71]
[:mouse_move, 802, 296, 2, 41, 72]
[:mouse_move, 791, 298, 2, 42, 73]
[:mouse_move, 778, 300, 2, 43, 74]
[:mouse_move, 764, 301, 2, 44, 75]
[:mouse_move, 731, 302, 2, 45, 76]
[:mouse_move, 700, 302, 2, 46, 77]
[:mouse_move, 578, 302, 2, 47, 79]
[:mouse_move, 533, 304, 2, 48, 80]
[:mouse_move, 504, 307, 2, 49, 81]
[:mouse_move, 473, 311, 2, 50, 82]
[:mouse_move, 456, 314, 2, 51, 83]
[:mouse_move, 449, 315, 2, 52, 84]
[:mouse_move, 440, 318, 2, 53, 85]
[:mouse_move, 436, 319, 2, 54, 86]
[:mouse_move, 435, 319, 2, 55, 87]
[:mouse_move, 434, 320, 2, 56, 89]
[:mouse_move, 433, 320, 2, 57, 90]
[:mouse_move, 431, 321, 2, 58, 92]
[:mouse_move, 429, 321, 2, 59, 93]
[:mouse_move, 428, 322, 2, 60, 94]
[:mouse_move, 423, 324, 2, 61, 133]
[:mouse_move, 401, 334, 2, 62, 135]
[:mouse_move, 379, 344, 2, 63, 136]
[:mouse_move, 364, 351, 2, 64, 137]
[:mouse_move, 352, 356, 2, 65, 138]
[:mouse_move, 350, 357, 2, 66, 139]
[:mouse_move, 333, 365, 2, 67, 140]
[:mouse_move, 327, 368, 2, 68, 141]
[:mouse_move, 326, 368, 2, 69, 143]
[:mouse_move, 315, 372, 2, 70, 144]
[:mouse_move, 312, 372, 2, 71, 145]
[:mouse_move, 310, 372, 2, 72, 146]
[:mouse_move, 309, 372, 2, 73, 147]
[:mouse_move, 302, 369, 2, 74, 148]
[:mouse_move, 298, 365, 2, 75, 149]
[:mouse_move, 289, 359, 2, 76, 150]
[:mouse_move, 282, 356, 2, 77, 151]
[:mouse_move, 274, 352, 2, 78, 152]
[:mouse_move, 269, 350, 2, 79, 153]
[:mouse_move, 260, 347, 2, 80, 154]
[:mouse_move, 253, 346, 2, 81, 155]
[:mouse_move, 250, 344, 2, 82, 156]
[:mouse_move, 247, 343, 2, 83, 157]
[:mouse_move, 246, 343, 2, 84, 158]
[:mouse_move, 245, 342, 2, 85, 159]
[:mouse_move, 244, 341, 2, 86, 160]
[:mouse_move, 244, 340, 2, 87, 163]
[:mouse_move, 243, 340, 2, 88, 164]
[:mouse_move, 241, 340, 2, 89, 170]
[:mouse_move, 239, 340, 2, 90, 171]
[:mouse_move, 237, 340, 2, 91, 172]
[:mouse_move, 234, 340, 2, 92, 173]
[:mouse_move, 232, 340, 2, 93, 174]
[:mouse_move, 231, 340, 2, 94, 175]
[:mouse_move, 228, 340, 2, 95, 176]
[:mouse_move, 227, 340, 2, 96, 179]
[:mouse_move, 226, 340, 2, 97, 182]
[:mouse_button_pressed, 1, 0, 1, 98, 197]
[:mouse_button_up, 1, 0, 1, 99, 205]
[:mouse_move, 229, 340, 2, 100, 211]
[:mouse_move, 231, 340, 2, 101, 212]
[:mouse_move, 261, 338, 2, 102, 213]
[:mouse_move, 293, 337, 2, 103, 214]
[:mouse_move, 376, 337, 2, 104, 216]
[:mouse_move, 401, 337, 2, 105, 217]
[:mouse_move, 444, 337, 2, 106, 218]
[:mouse_move, 481, 337, 2, 107, 219]
[:mouse_move, 502, 337, 2, 108, 220]
[:mouse_move, 515, 337, 2, 109, 221]
[:mouse_move, 547, 337, 2, 110, 222]
[:mouse_move, 551, 337, 2, 111, 223]
[:mouse_move, 576, 337, 2, 112, 224]
[:mouse_move, 584, 337, 2, 113, 225]
[:mouse_move, 591, 335, 2, 114, 226]
[:mouse_move, 598, 333, 2, 115, 227]
[:mouse_move, 602, 333, 2, 116, 228]
[:mouse_move, 604, 332, 2, 117, 229]
[:mouse_move, 608, 331, 2, 118, 230]
[:mouse_move, 619, 329, 2, 119, 232]
[:mouse_move, 624, 328, 2, 120, 233]
[:mouse_move, 628, 327, 2, 121, 234]
[:mouse_move, 629, 327, 2, 122, 235]
[:mouse_move, 630, 327, 2, 123, 236]
[:mouse_move, 631, 327, 2, 124, 239]
[:mouse_move, 632, 327, 2, 125, 240]
[:mouse_move, 634, 326, 2, 126, 241]
[:mouse_move, 635, 325, 2, 127, 242]
[:mouse_move, 636, 325, 2, 128, 243]
[:mouse_move, 638, 324, 2, 129, 244]
[:mouse_move, 640, 323, 2, 130, 245]
[:mouse_move, 642, 323, 2, 131, 246]
[:mouse_move, 644, 323, 2, 132, 248]
[:mouse_move, 645, 323, 2, 133, 249]
[:mouse_button_pressed, 1, 0, 1, 134, 254]
[:mouse_button_up, 1, 0, 1, 135, 263]
[:mouse_move, 641, 323, 2, 136, 270]
[:mouse_move, 632, 323, 2, 137, 271]
[:mouse_move, 609, 323, 2, 138, 272]
[:mouse_move, 590, 323, 2, 139, 273]
[:mouse_move, 548, 323, 2, 140, 274]
[:mouse_move, 510, 323, 2, 141, 275]
[:mouse_move, 490, 323, 2, 142, 276]
[:mouse_move, 450, 323, 2, 143, 277]
[:mouse_move, 421, 323, 2, 144, 278]
[:mouse_move, 392, 323, 2, 145, 279]
[:mouse_move, 367, 323, 2, 146, 280]
[:mouse_move, 338, 323, 2, 147, 281]
[:mouse_move, 316, 323, 2, 148, 282]
[:mouse_move, 300, 323, 2, 149, 283]
[:mouse_move, 292, 323, 2, 150, 284]
[:mouse_move, 283, 323, 2, 151, 285]
[:mouse_move, 268, 323, 2, 152, 287]
[:mouse_move, 261, 323, 2, 153, 288]
[:mouse_move, 257, 323, 2, 154, 289]
[:mouse_move, 254, 324, 2, 155, 290]
[:mouse_move, 251, 324, 2, 156, 291]
[:mouse_move, 247, 325, 2, 157, 294]
[:mouse_move, 246, 325, 2, 158, 295]
[:mouse_move, 244, 326, 2, 159, 303]
[:mouse_move, 243, 326, 2, 160, 305]
[:mouse_move, 242, 326, 2, 161, 306]
[:mouse_move, 240, 327, 2, 162, 307]
[:mouse_move, 238, 328, 2, 163, 308]
[:mouse_move, 237, 328, 2, 164, 310]
[:mouse_move, 235, 330, 2, 165, 312]
[:mouse_move, 233, 330, 2, 166, 313]
[:mouse_move, 232, 331, 2, 167, 316]
[:mouse_move, 231, 331, 2, 168, 318]
[:mouse_button_pressed, 1, 0, 1, 169, 351]
[:mouse_button_up, 1, 0, 1, 170, 356]
[:mouse_move, 232, 331, 2, 171, 360]
[:mouse_move, 250, 331, 2, 172, 360]
[:mouse_move, 283, 331, 2, 173, 361]
[:mouse_move, 328, 331, 2, 174, 362]
[:mouse_move, 339, 331, 2, 175, 363]
[:mouse_move, 406, 331, 2, 176, 364]
[:mouse_move, 446, 331, 2, 177, 365]
[:mouse_move, 500, 331, 2, 178, 366]
[:mouse_move, 545, 331, 2, 179, 367]
[:mouse_move, 649, 338, 2, 180, 368]
[:mouse_move, 680, 340, 2, 181, 369]
[:mouse_move, 825, 348, 2, 182, 370]
[:mouse_move, 882, 348, 2, 183, 371]
[:mouse_move, 918, 348, 2, 184, 372]
[:mouse_move, 1021, 357, 2, 185, 374]
[:mouse_move, 1073, 363, 2, 186, 375]
[:mouse_move, 1104, 365, 2, 187, 376]
[:mouse_move, 1119, 364, 2, 188, 377]
[:mouse_move, 1124, 364, 2, 189, 378]
[:mouse_move, 1126, 363, 2, 190, 379]
[:mouse_move, 1127, 363, 2, 191, 380]
[:mouse_move, 1123, 360, 2, 192, 384]
[:mouse_move, 1122, 360, 2, 193, 385]
[:mouse_move, 1121, 358, 2, 194, 386]
[:mouse_move, 1121, 357, 2, 195, 388]
[:mouse_move, 1120, 357, 2, 196, 389]
[:mouse_move, 1117, 357, 2, 197, 391]
[:mouse_move, 1113, 357, 2, 198, 392]
[:mouse_move, 1108, 357, 2, 199, 393]
[:mouse_move, 1104, 357, 2, 200, 394]
[:mouse_move, 1099, 357, 2, 201, 395]
[:mouse_move, 1091, 356, 2, 202, 396]
[:mouse_move, 1085, 355, 2, 203, 397]
[:mouse_move, 1080, 354, 2, 204, 398]
[:mouse_move, 1078, 353, 2, 205, 399]
[:mouse_move, 1073, 352, 2, 206, 400]
[:mouse_move, 1070, 351, 2, 207, 401]
[:mouse_move, 1065, 350, 2, 208, 403]
[:mouse_move, 1063, 349, 2, 209, 404]
[:mouse_move, 1061, 349, 2, 210, 405]
[:mouse_move, 1061, 348, 2, 211, 407]
[:mouse_move, 1060, 348, 2, 212, 410]
[:mouse_move, 1058, 348, 2, 213, 413]
[:mouse_move, 1057, 348, 2, 214, 414]
[:mouse_move, 1056, 347, 2, 215, 415]
[:mouse_button_pressed, 1, 0, 1, 216, 418]
[:mouse_button_up, 1, 0, 1, 217, 423]
[:mouse_move, 1053, 347, 2, 218, 429]
[:mouse_move, 1047, 347, 2, 219, 430]
[:mouse_move, 1039, 347, 2, 220, 431]
[:mouse_move, 1021, 349, 2, 221, 432]
[:mouse_move, 997, 352, 2, 222, 433]
[:mouse_move, 962, 353, 2, 223, 434]
[:mouse_move, 938, 353, 2, 224, 435]
[:mouse_move, 916, 353, 2, 225, 436]
[:mouse_move, 861, 353, 2, 226, 437]
[:mouse_move, 810, 355, 2, 227, 439]
[:mouse_move, 792, 355, 2, 228, 440]
[:mouse_move, 778, 355, 2, 229, 441]
[:mouse_move, 765, 355, 2, 230, 442]
[:mouse_move, 757, 355, 2, 231, 443]
[:mouse_move, 748, 355, 2, 232, 444]
[:mouse_move, 746, 355, 2, 233, 445]
[:mouse_move, 736, 355, 2, 234, 446]
[:mouse_move, 732, 355, 2, 235, 447]
[:mouse_move, 729, 355, 2, 236, 448]
[:mouse_move, 726, 355, 2, 237, 449]
[:mouse_move, 723, 355, 2, 238, 450]
[:mouse_move, 720, 355, 2, 239, 451]
[:mouse_move, 706, 354, 2, 240, 453]
[:mouse_move, 700, 354, 2, 241, 454]
[:mouse_move, 693, 354, 2, 242, 455]
[:mouse_move, 685, 355, 2, 243, 456]
[:mouse_move, 680, 355, 2, 244, 457]
[:mouse_move, 673, 355, 2, 245, 458]
[:mouse_move, 657, 356, 2, 246, 460]
[:mouse_move, 652, 357, 2, 247, 461]
[:mouse_move, 650, 357, 2, 248, 462]
[:mouse_move, 648, 357, 2, 249, 463]
[:mouse_move, 647, 357, 2, 250, 467]
[:mouse_move, 646, 357, 2, 251, 474]
[:mouse_move, 645, 357, 2, 252, 475]
[:mouse_move, 644, 357, 2, 253, 476]
[:mouse_move, 643, 357, 2, 254, 478]
[:mouse_button_pressed, 1, 0, 1, 255, 481]
[:mouse_button_up, 1, 0, 1, 256, 486]
[:mouse_move, 645, 357, 2, 257, 493]
[:mouse_move, 668, 355, 2, 258, 494]
[:mouse_move, 699, 352, 2, 259, 495]
[:mouse_move, 736, 351, 2, 260, 496]
[:mouse_move, 780, 350, 2, 261, 497]
[:mouse_move, 817, 350, 2, 262, 498]
[:mouse_move, 864, 350, 2, 263, 499]
[:mouse_move, 885, 350, 2, 264, 500]
[:mouse_move, 919, 350, 2, 265, 501]
[:mouse_move, 925, 350, 2, 266, 502]
[:mouse_move, 941, 348, 2, 267, 503]
[:mouse_move, 951, 347, 2, 268, 504]
[:mouse_move, 957, 344, 2, 269, 505]
[:mouse_move, 962, 342, 2, 270, 506]
[:mouse_move, 965, 341, 2, 271, 507]
[:mouse_move, 968, 340, 2, 272, 508]
[:mouse_move, 969, 340, 2, 273, 510]
[:mouse_move, 970, 340, 2, 274, 512]
[:mouse_move, 971, 340, 2, 275, 513]
[:mouse_move, 973, 339, 2, 276, 514]
[:mouse_move, 974, 339, 2, 277, 515]
[:mouse_move, 987, 336, 2, 278, 517]
[:mouse_move, 995, 333, 2, 279, 518]
[:mouse_move, 1004, 332, 2, 280, 519]
[:mouse_move, 1012, 331, 2, 281, 520]
[:mouse_move, 1021, 329, 2, 282, 521]
[:mouse_move, 1030, 327, 2, 283, 522]
[:mouse_move, 1033, 327, 2, 284, 523]
[:mouse_move, 1039, 326, 2, 285, 524]
[:mouse_move, 1043, 325, 2, 286, 525]
[:mouse_move, 1047, 324, 2, 287, 526]
[:mouse_move, 1049, 324, 2, 288, 527]
[:mouse_move, 1051, 323, 2, 289, 528]
[:mouse_move, 1052, 322, 2, 290, 529]
[:mouse_move, 1053, 322, 2, 291, 531]
[:mouse_move, 1054, 322, 2, 292, 533]
[:mouse_move, 1055, 321, 2, 293, 535]
[:mouse_move, 1056, 321, 2, 294, 539]
[:mouse_move, 1055, 321, 2, 295, 545]
[:mouse_button_pressed, 1, 0, 1, 296, 547]
[:mouse_button_up, 1, 0, 1, 297, 552]
[:mouse_move, 1052, 321, 2, 298, 561]
[:mouse_move, 1050, 321, 2, 299, 562]
[:mouse_move, 1033, 321, 2, 300, 563]
[:mouse_move, 1008, 322, 2, 301, 565]
[:mouse_move, 989, 322, 2, 302, 566]
[:mouse_move, 950, 322, 2, 303, 567]
[:mouse_move, 918, 322, 2, 304, 568]
[:mouse_move, 905, 322, 2, 305, 569]
[:mouse_move, 817, 322, 2, 306, 570]
[:mouse_move, 710, 323, 2, 307, 572]
[:mouse_move, 655, 327, 2, 308, 573]
[:mouse_move, 592, 332, 2, 309, 574]
[:mouse_move, 528, 340, 2, 310, 575]
[:mouse_move, 469, 350, 2, 311, 576]
[:mouse_move, 429, 357, 2, 312, 577]
[:mouse_move, 422, 359, 2, 313, 578]
[:mouse_move, 352, 369, 2, 314, 579]
[:mouse_move, 308, 375, 2, 315, 580]
[:mouse_move, 289, 377, 2, 316, 581]
[:mouse_move, 276, 377, 2, 317, 582]
[:mouse_move, 268, 377, 2, 318, 583]
[:mouse_move, 259, 377, 2, 319, 584]
[:mouse_move, 250, 377, 2, 320, 585]
[:mouse_move, 245, 377, 2, 321, 586]
[:mouse_move, 242, 377, 2, 322, 587]
[:mouse_move, 238, 377, 2, 323, 588]
[:mouse_move, 236, 377, 2, 324, 589]
[:mouse_move, 230, 378, 2, 325, 591]
[:mouse_move, 228, 378, 2, 326, 592]
[:mouse_move, 227, 378, 2, 327, 593]
[:mouse_move, 226, 378, 2, 328, 594]
[:mouse_button_pressed, 1, 0, 1, 329, 606]
[:mouse_button_up, 1, 0, 1, 330, 612]
[:mouse_move, 227, 378, 2, 331, 615]
[:mouse_move, 229, 378, 2, 332, 616]
[:mouse_move, 231, 378, 2, 333, 617]
[:mouse_move, 233, 378, 2, 334, 618]
[:mouse_move, 237, 378, 2, 335, 619]
[:mouse_move, 245, 376, 2, 336, 620]
[:mouse_move, 259, 373, 2, 337, 621]
[:mouse_move, 285, 369, 2, 338, 622]
[:mouse_move, 335, 364, 2, 339, 623]
[:mouse_move, 384, 359, 2, 340, 624]
[:mouse_move, 434, 359, 2, 341, 625]
[:mouse_move, 482, 354, 2, 342, 626]
[:mouse_move, 497, 354, 2, 343, 627]
[:mouse_move, 531, 354, 2, 344, 628]
[:mouse_move, 543, 354, 2, 345, 629]
[:mouse_move, 551, 354, 2, 346, 630]
[:mouse_move, 554, 354, 2, 347, 631]
[:mouse_move, 562, 354, 2, 348, 632]
[:mouse_move, 563, 354, 2, 349, 633]
[:mouse_move, 574, 354, 2, 350, 634]
[:mouse_move, 578, 353, 2, 351, 635]
[:mouse_move, 581, 353, 2, 352, 636]
[:mouse_move, 582, 353, 2, 353, 637]
[:mouse_move, 583, 353, 2, 354, 638]
[:mouse_move, 584, 353, 2, 355, 639]
[:mouse_move, 586, 353, 2, 356, 640]
[:mouse_move, 587, 353, 2, 357, 641]
[:mouse_move, 590, 353, 2, 358, 642]
[:mouse_move, 601, 353, 2, 359, 644]
[:mouse_move, 606, 352, 2, 360, 645]
[:mouse_move, 612, 352, 2, 361, 646]
[:mouse_move, 616, 351, 2, 362, 647]
[:mouse_move, 618, 351, 2, 363, 648]
[:mouse_move, 619, 351, 2, 364, 649]
[:mouse_move, 621, 351, 2, 365, 652]
[:mouse_move, 623, 351, 2, 366, 654]
[:mouse_move, 624, 351, 2, 367, 655]
[:mouse_move, 624, 350, 2, 368, 656]
[:mouse_move, 625, 350, 2, 369, 657]
[:mouse_move, 626, 350, 2, 370, 661]
[:mouse_move, 627, 350, 2, 371, 664]
[:mouse_move, 628, 350, 2, 372, 666]
[:mouse_move, 629, 349, 2, 373, 668]
[:mouse_move, 630, 349, 2, 374, 669]
[:mouse_move, 633, 349, 2, 375, 671]
[:mouse_move, 634, 349, 2, 376, 675]
[:mouse_move, 634, 348, 2, 377, 676]
[:mouse_button_pressed, 1, 0, 1, 378, 678]
[:mouse_button_up, 1, 0, 1, 379, 684]
[:mouse_move, 633, 348, 2, 380, 722]
[:mouse_move, 635, 347, 2, 381, 726]
[:mouse_move, 652, 345, 2, 382, 727]
[:mouse_move, 706, 340, 2, 383, 728]
[:mouse_move, 772, 337, 2, 384, 729]
[:mouse_move, 851, 336, 2, 385, 730]
[:mouse_move, 927, 334, 2, 386, 731]
[:mouse_move, 943, 333, 2, 387, 732]
[:mouse_move, 975, 329, 2, 388, 733]
[:mouse_move, 981, 328, 2, 389, 734]
[:mouse_move, 989, 326, 2, 390, 735]
[:mouse_move, 991, 326, 2, 391, 736]
[:mouse_move, 992, 326, 2, 392, 737]
[:mouse_move, 994, 326, 2, 393, 741]
[:mouse_move, 996, 326, 2, 394, 742]
[:mouse_move, 1000, 326, 2, 395, 743]
[:mouse_move, 1008, 324, 2, 396, 744]
[:mouse_move, 1015, 323, 2, 397, 745]
[:mouse_move, 1021, 321, 2, 398, 746]
[:mouse_move, 1027, 319, 2, 399, 748]
[:mouse_move, 1030, 318, 2, 400, 749]
[:mouse_move, 1033, 318, 2, 401, 750]
[:mouse_move, 1036, 318, 2, 402, 751]
[:mouse_move, 1037, 318, 2, 403, 752]
[:mouse_move, 1039, 318, 2, 404, 753]
[:mouse_move, 1040, 318, 2, 405, 754]
[:mouse_move, 1042, 318, 2, 406, 755]
[:mouse_move, 1042, 317, 2, 407, 756]
[:mouse_move, 1044, 316, 2, 408, 758]
[:mouse_move, 1045, 316, 2, 409, 759]
[:mouse_move, 1046, 316, 2, 410, 760]
[:mouse_move, 1046, 315, 2, 411, 761]
[:mouse_move, 1047, 315, 2, 412, 763]
[:mouse_move, 1048, 315, 2, 413, 767]
[:mouse_button_pressed, 1, 0, 1, 414, 768]
[:mouse_button_up, 1, 0, 1, 415, 774]
[:mouse_move, 1044, 315, 2, 416, 778]
[:mouse_move, 1034, 314, 2, 417, 779]
[:mouse_move, 1005, 309, 2, 418, 780]
[:mouse_move, 970, 309, 2, 419, 781]
[:mouse_move, 942, 309, 2, 420, 782]
[:mouse_move, 857, 311, 2, 421, 783]
[:mouse_move, 785, 319, 2, 422, 784]
[:mouse_move, 705, 330, 2, 423, 785]
[:mouse_move, 637, 337, 2, 424, 786]
[:mouse_move, 578, 344, 2, 425, 787]
[:mouse_move, 538, 346, 2, 426, 788]
[:mouse_move, 515, 348, 2, 427, 789]
[:mouse_move, 476, 351, 2, 428, 790]
[:mouse_move, 450, 354, 2, 429, 791]
[:mouse_move, 424, 356, 2, 430, 792]
[:mouse_move, 417, 357, 2, 431, 793]
[:mouse_move, 365, 367, 2, 432, 795]
[:mouse_move, 340, 372, 2, 433, 796]
[:mouse_move, 324, 375, 2, 434, 797]
[:mouse_move, 314, 377, 2, 435, 798]
[:mouse_move, 296, 380, 2, 436, 799]
[:mouse_move, 288, 381, 2, 437, 800]
[:mouse_move, 279, 383, 2, 438, 801]
[:mouse_move, 277, 383, 2, 439, 802]
[:mouse_move, 266, 385, 2, 440, 803]
[:mouse_move, 263, 386, 2, 441, 804]
[:mouse_move, 261, 386, 2, 442, 805]
[:mouse_move, 254, 388, 2, 443, 807]
[:mouse_move, 252, 388, 2, 444, 808]
[:mouse_move, 249, 389, 2, 445, 809]
[:mouse_move, 247, 389, 2, 446, 810]
[:mouse_move, 244, 389, 2, 447, 811]
[:mouse_move, 242, 390, 2, 448, 813]
[:mouse_move, 240, 390, 2, 449, 814]
[:mouse_move, 239, 390, 2, 450, 816]
[:mouse_move, 238, 390, 2, 451, 819]
[:mouse_move, 237, 390, 2, 452, 822]
[:mouse_move, 235, 391, 2, 453, 823]
[:mouse_move, 234, 391, 2, 454, 824]
[:mouse_move, 233, 391, 2, 455, 826]
[:mouse_move, 232, 391, 2, 456, 827]
[:mouse_button_pressed, 1, 0, 1, 457, 828]
[:mouse_button_up, 1, 0, 1, 458, 834]
[:mouse_move, 233, 391, 2, 459, 841]
[:mouse_move, 246, 390, 2, 460, 842]
[:mouse_move, 287, 385, 2, 461, 843]
[:mouse_move, 339, 380, 2, 462, 844]
[:mouse_move, 356, 379, 2, 463, 845]
[:mouse_move, 537, 354, 2, 464, 846]
[:mouse_move, 625, 342, 2, 465, 847]
[:mouse_move, 669, 337, 2, 466, 848]
[:mouse_move, 734, 329, 2, 467, 849]
[:mouse_move, 788, 325, 2, 468, 850]
[:mouse_move, 817, 323, 2, 469, 851]
[:mouse_move, 861, 320, 2, 470, 852]
[:mouse_move, 889, 319, 2, 471, 853]
[:mouse_move, 898, 319, 2, 472, 854]
[:mouse_move, 918, 318, 2, 473, 855]
[:mouse_move, 953, 313, 2, 474, 856]
[:mouse_move, 968, 310, 2, 475, 857]
[:mouse_move, 972, 309, 2, 476, 858]
[:mouse_move, 988, 304, 2, 477, 859]
[:mouse_move, 992, 303, 2, 478, 860]
[:mouse_move, 1000, 301, 2, 479, 861]
[:mouse_move, 1006, 300, 2, 480, 862]
[:mouse_move, 1009, 300, 2, 481, 863]
[:mouse_move, 1011, 300, 2, 482, 864]
[:mouse_move, 1012, 300, 2, 483, 865]
[:mouse_move, 1013, 300, 2, 484, 866]
[:mouse_move, 1014, 300, 2, 485, 867]
[:mouse_move, 1015, 300, 2, 486, 868]
[:mouse_move, 1017, 300, 2, 487, 869]
[:mouse_move, 1023, 299, 2, 488, 870]
[:mouse_move, 1033, 298, 2, 489, 871]
[:mouse_move, 1040, 296, 2, 490, 872]
[:mouse_move, 1047, 296, 2, 491, 873]
[:mouse_move, 1052, 296, 2, 492, 874]
[:mouse_move, 1054, 296, 2, 493, 875]
[:mouse_move, 1056, 296, 2, 494, 876]
[:mouse_move, 1057, 296, 2, 495, 879]
[:mouse_button_pressed, 1, 0, 1, 496, 886]
[:mouse_button_up, 1, 0, 1, 497, 893]
[:mouse_move, 1056, 296, 2, 498, 894]
[:mouse_move, 1055, 296, 2, 499, 895]
[:mouse_move, 1046, 296, 2, 500, 896]
[:mouse_move, 1035, 296, 2, 501, 897]
[:mouse_move, 1012, 295, 2, 502, 898]
[:mouse_move, 986, 295, 2, 503, 899]
[:mouse_move, 946, 295, 2, 504, 900]
[:mouse_move, 897, 295, 2, 505, 901]
[:mouse_move, 875, 295, 2, 506, 902]
[:mouse_move, 833, 295, 2, 507, 903]
[:mouse_move, 803, 295, 2, 508, 904]
[:mouse_move, 776, 295, 2, 509, 905]
[:mouse_move, 758, 295, 2, 510, 906]
[:mouse_move, 741, 297, 2, 511, 907]
[:mouse_move, 730, 297, 2, 512, 908]
[:mouse_move, 723, 298, 2, 513, 909]
[:mouse_move, 712, 300, 2, 514, 911]
[:mouse_move, 698, 302, 2, 515, 912]
[:mouse_move, 688, 303, 2, 516, 913]
[:mouse_move, 679, 305, 2, 517, 914]
[:mouse_move, 672, 307, 2, 518, 915]
[:mouse_move, 663, 309, 2, 519, 916]
[:mouse_move, 657, 310, 2, 520, 917]
[:mouse_move, 652, 311, 2, 521, 918]
[:mouse_move, 648, 312, 2, 522, 919]
[:mouse_move, 644, 314, 2, 523, 920]
[:mouse_move, 642, 314, 2, 524, 921]
[:mouse_move, 640, 315, 2, 525, 922]
[:mouse_move, 639, 315, 2, 526, 924]
[:mouse_move, 638, 316, 2, 527, 927]
[:mouse_move, 637, 316, 2, 528, 936]
[:mouse_button_pressed, 1, 0, 1, 529, 951]
[:mouse_button_up, 1, 0, 1, 530, 958]
[:mouse_move, 636, 316, 2, 531, 989]
[:mouse_move, 609, 321, 2, 532, 990]
[:mouse_move, 575, 330, 2, 533, 991]
[:mouse_move, 531, 342, 2, 534, 992]
[:mouse_move, 497, 353, 2, 535, 993]
[:mouse_move, 452, 365, 2, 536, 994]
[:mouse_move, 429, 370, 2, 537, 995]
[:mouse_move, 402, 375, 2, 538, 996]
[:mouse_move, 395, 377, 2, 539, 997]
[:mouse_move, 394, 377, 2, 540, 998]
[:mouse_move, 381, 378, 2, 541, 999]
[:mouse_move, 375, 379, 2, 542, 1000]
[:mouse_move, 369, 380, 2, 543, 1001]
[:mouse_move, 362, 381, 2, 544, 1002]
[:mouse_move, 356, 382, 2, 545, 1003]
[:mouse_move, 350, 383, 2, 546, 1004]
[:mouse_move, 344, 384, 2, 547, 1005]
[:mouse_move, 335, 384, 2, 548, 1006]
[:mouse_move, 332, 385, 2, 549, 1007]
[:mouse_move, 325, 385, 2, 550, 1008]
[:mouse_move, 321, 386, 2, 551, 1009]
[:mouse_move, 306, 386, 2, 552, 1010]
[:mouse_move, 300, 386, 2, 553, 1011]
[:mouse_move, 284, 386, 2, 554, 1012]
[:mouse_move, 279, 386, 2, 555, 1013]
[:mouse_move, 274, 386, 2, 556, 1015]
[:mouse_move, 271, 386, 2, 557, 1016]
[:mouse_move, 266, 386, 2, 558, 1017]
[:mouse_move, 261, 385, 2, 559, 1018]
[:mouse_move, 257, 385, 2, 560, 1019]
[:mouse_move, 254, 385, 2, 561, 1020]
[:mouse_move, 250, 385, 2, 562, 1021]
[:mouse_move, 247, 385, 2, 563, 1022]
[:mouse_move, 243, 385, 2, 564, 1023]
[:mouse_move, 236, 385, 2, 565, 1025]
[:mouse_move, 234, 385, 2, 566, 1026]
[:mouse_move, 233, 385, 2, 567, 1028]
[:mouse_move, 233, 386, 2, 568, 1033]
[:mouse_move, 232, 386, 2, 569, 1034]
[:mouse_button_pressed, 1, 0, 1, 570, 1071]
[:mouse_button_up, 1, 0, 1, 571, 1079]
[:mouse_move, 233, 386, 2, 572, 1082]
[:mouse_move, 238, 386, 2, 573, 1083]
[:mouse_move, 269, 386, 2, 574, 1084]
[:mouse_move, 287, 386, 2, 575, 1085]
[:mouse_move, 304, 385, 2, 576, 1086]
[:mouse_move, 316, 382, 2, 577, 1087]
[:mouse_move, 325, 381, 2, 578, 1088]
[:mouse_move, 334, 379, 2, 579, 1089]
[:mouse_move, 348, 377, 2, 580, 1090]
[:mouse_move, 370, 376, 2, 581, 1091]
[:mouse_move, 406, 374, 2, 582, 1092]
[:mouse_move, 450, 372, 2, 583, 1093]
[:mouse_move, 499, 368, 2, 584, 1094]
[:mouse_move, 532, 364, 2, 585, 1095]
[:mouse_move, 569, 361, 2, 586, 1096]
[:mouse_move, 579, 361, 2, 587, 1097]
[:mouse_move, 595, 360, 2, 588, 1098]
[:mouse_move, 601, 359, 2, 589, 1099]
[:mouse_move, 605, 359, 2, 590, 1100]
[:mouse_move, 609, 359, 2, 591, 1101]
[:mouse_move, 610, 359, 2, 592, 1102]
[:mouse_move, 611, 359, 2, 593, 1103]
[:mouse_move, 612, 359, 2, 594, 1105]
[:mouse_move, 613, 359, 2, 595, 1107]
[:mouse_move, 616, 358, 2, 596, 1108]
[:mouse_move, 621, 357, 2, 597, 1109]
[:mouse_move, 625, 356, 2, 598, 1110]
[:mouse_move, 626, 356, 2, 599, 1111]
[:mouse_move, 630, 355, 2, 600, 1112]
[:mouse_move, 633, 355, 2, 601, 1113]
[:mouse_move, 637, 354, 2, 602, 1114]
[:mouse_move, 641, 354, 2, 603, 1115]
[:mouse_move, 643, 353, 2, 604, 1116]
[:mouse_move, 644, 353, 2, 605, 1119]
[:mouse_button_pressed, 1, 0, 1, 606, 1125]
[:mouse_button_up, 1, 0, 1, 607, 1131]
[:mouse_move, 636, 353, 2, 608, 1136]
[:mouse_move, 625, 352, 2, 609, 1137]
[:mouse_move, 616, 352, 2, 610, 1138]
[:mouse_move, 601, 352, 2, 611, 1139]
[:mouse_move, 566, 353, 2, 612, 1140]
[:mouse_move, 554, 355, 2, 613, 1141]
[:mouse_move, 519, 359, 2, 614, 1142]
[:mouse_move, 474, 362, 2, 615, 1143]
[:mouse_move, 424, 364, 2, 616, 1145]
[:mouse_move, 396, 366, 2, 617, 1146]
[:mouse_move, 386, 366, 2, 618, 1147]
[:mouse_move, 356, 369, 2, 619, 1148]
[:mouse_move, 338, 372, 2, 620, 1149]
[:mouse_move, 313, 376, 2, 621, 1151]
[:mouse_move, 309, 377, 2, 622, 1152]
[:mouse_move, 290, 379, 2, 623, 1153]
[:mouse_move, 250, 383, 2, 624, 1154]
[:mouse_move, 235, 384, 2, 625, 1155]
[:mouse_move, 229, 384, 2, 626, 1156]
[:mouse_move, 221, 384, 2, 627, 1157]
[:mouse_move, 218, 384, 2, 628, 1158]
[:mouse_move, 217, 384, 2, 629, 1160]
[:mouse_move, 216, 384, 2, 630, 1160]
[:mouse_button_pressed, 1, 0, 1, 631, 1175]
[:mouse_button_up, 1, 0, 1, 632, 1182]
[:mouse_move, 218, 384, 2, 633, 1185]
[:mouse_move, 237, 384, 2, 634, 1186]
[:mouse_move, 269, 384, 2, 635, 1187]
[:mouse_move, 300, 382, 2, 636, 1188]
[:mouse_move, 328, 379, 2, 637, 1189]
[:mouse_move, 334, 379, 2, 638, 1190]
[:mouse_move, 381, 371, 2, 639, 1191]
[:mouse_move, 406, 366, 2, 640, 1192]
[:mouse_move, 430, 361, 2, 641, 1193]
[:mouse_move, 476, 351, 2, 642, 1194]
[:mouse_move, 509, 344, 2, 643, 1195]
[:mouse_move, 559, 334, 2, 644, 1196]
[:mouse_move, 617, 324, 2, 645, 1197]
[:mouse_move, 687, 311, 2, 646, 1198]
[:mouse_move, 711, 307, 2, 647, 1199]
[:mouse_move, 848, 282, 2, 648, 1200]
[:mouse_move, 869, 279, 2, 649, 1201]
[:mouse_move, 912, 276, 2, 650, 1202]
[:mouse_move, 938, 274, 2, 651, 1203]
[:mouse_move, 952, 274, 2, 652, 1204]
[:mouse_move, 960, 274, 2, 653, 1205]
[:mouse_move, 970, 274, 2, 654, 1206]
[:mouse_move, 975, 274, 2, 655, 1207]
[:mouse_move, 980, 274, 2, 656, 1208]
[:mouse_move, 985, 274, 2, 657, 1209]
[:mouse_move, 986, 274, 2, 658, 1210]
[:mouse_move, 987, 274, 2, 659, 1211]
[:mouse_move, 988, 274, 2, 660, 1215]
[:mouse_move, 990, 274, 2, 661, 1217]
[:mouse_move, 992, 274, 2, 662, 1218]
[:mouse_move, 998, 274, 2, 663, 1219]
[:mouse_move, 1003, 274, 2, 664, 1220]
[:mouse_move, 1014, 274, 2, 665, 1221]
[:mouse_move, 1024, 277, 2, 666, 1222]
[:mouse_move, 1033, 279, 2, 667, 1223]
[:mouse_move, 1041, 281, 2, 668, 1224]
[:mouse_move, 1047, 282, 2, 669, 1225]
[:mouse_move, 1053, 283, 2, 670, 1227]
[:mouse_move, 1058, 283, 2, 671, 1228]
[:mouse_move, 1059, 283, 2, 672, 1229]
[:mouse_move, 1060, 283, 2, 673, 1232]
[:mouse_button_pressed, 1, 0, 1, 674, 1247]
[:mouse_button_up, 1, 0, 1, 675, 1257]
[:mouse_move, 1054, 283, 2, 676, 1263]
[:mouse_move, 1046, 283, 2, 677, 1264]
[:mouse_move, 1040, 285, 2, 678, 1265]
[:mouse_move, 1027, 287, 2, 679, 1266]
[:mouse_move, 1008, 288, 2, 680, 1267]
[:mouse_move, 993, 288, 2, 681, 1268]
[:mouse_move, 976, 288, 2, 682, 1269]
[:mouse_move, 961, 288, 2, 683, 1270]
[:mouse_move, 950, 288, 2, 684, 1271]
[:mouse_move, 939, 288, 2, 685, 1272]
[:mouse_move, 925, 291, 2, 686, 1273]
[:mouse_move, 909, 295, 2, 687, 1274]
[:mouse_move, 894, 300, 2, 688, 1275]
[:mouse_move, 883, 304, 2, 689, 1276]
[:mouse_move, 868, 309, 2, 690, 1277]
[:mouse_move, 855, 312, 2, 691, 1278]
[:mouse_move, 837, 316, 2, 692, 1279]
[:mouse_move, 819, 321, 2, 693, 1280]
[:mouse_move, 801, 327, 2, 694, 1281]
[:mouse_move, 786, 332, 2, 695, 1282]
[:mouse_move, 776, 336, 2, 696, 1283]
[:mouse_move, 764, 340, 2, 697, 1284]
[:mouse_move, 756, 342, 2, 698, 1285]
[:mouse_move, 747, 344, 2, 699, 1286]
[:mouse_move, 743, 344, 2, 700, 1287]
[:mouse_move, 735, 346, 2, 701, 1288]
[:mouse_move, 731, 347, 2, 702, 1289]
[:mouse_move, 718, 349, 2, 703, 1291]
[:mouse_move, 711, 350, 2, 704, 1292]
[:mouse_move, 704, 352, 2, 705, 1293]
[:mouse_move, 699, 354, 2, 706, 1294]
[:mouse_move, 694, 355, 2, 707, 1295]
[:mouse_move, 686, 358, 2, 708, 1297]
[:mouse_move, 683, 358, 2, 709, 1298]
[:mouse_move, 680, 359, 2, 710, 1300]
[:mouse_move, 679, 359, 2, 711, 1304]
[:mouse_move, 677, 359, 2, 712, 1306]
[:mouse_move, 672, 360, 2, 713, 1307]
[:mouse_move, 669, 361, 2, 714, 1308]
[:mouse_move, 668, 361, 2, 715, 1310]
[:mouse_move, 667, 361, 2, 716, 1311]
[:mouse_move, 666, 361, 2, 717, 1337]
[:mouse_move, 664, 362, 2, 718, 1340]
[:mouse_move, 663, 362, 2, 719, 1341]
[:mouse_move, 662, 362, 2, 720, 1342]
[:mouse_move, 661, 362, 2, 721, 1343]
[:mouse_move, 658, 363, 2, 722, 1344]
[:mouse_move, 657, 363, 2, 723, 1345]
[:mouse_move, 655, 364, 2, 724, 1346]
[:mouse_move, 654, 364, 2, 725, 1348]
[:mouse_move, 653, 364, 2, 726, 1349]
[:mouse_move, 652, 364, 2, 727, 1350]
[:mouse_move, 651, 364, 2, 728, 1351]
[:mouse_move, 650, 364, 2, 729, 1352]
[:mouse_move, 649, 364, 2, 730, 1353]
[:mouse_move, 648, 364, 2, 731, 1355]
[:mouse_move, 647, 364, 2, 732, 1359]
[:mouse_button_pressed, 1, 0, 1, 733, 1360]
[:mouse_button_up, 1, 0, 1, 734, 1366]
[:mouse_move, 649, 364, 2, 735, 1369]
[:mouse_move, 659, 364, 2, 736, 1370]
[:mouse_move, 720, 364, 2, 737, 1372]
[:mouse_move, 751, 361, 2, 738, 1373]
[:mouse_move, 769, 360, 2, 739, 1374]
[:mouse_move, 801, 358, 2, 740, 1375]
[:mouse_move, 826, 356, 2, 741, 1376]
[:mouse_move, 832, 356, 2, 742, 1377]
[:mouse_move, 870, 354, 2, 743, 1378]
[:mouse_move, 892, 352, 2, 744, 1379]
[:mouse_move, 932, 346, 2, 745, 1381]
[:mouse_move, 947, 344, 2, 746, 1382]
[:mouse_move, 960, 341, 2, 747, 1383]
[:mouse_move, 972, 339, 2, 748, 1384]
[:mouse_move, 982, 338, 2, 749, 1385]
[:mouse_move, 990, 338, 2, 750, 1386]
[:mouse_move, 995, 337, 2, 751, 1387]
[:mouse_move, 998, 336, 2, 752, 1388]
[:mouse_move, 1001, 336, 2, 753, 1389]
[:mouse_move, 1004, 335, 2, 754, 1390]
[:mouse_move, 1007, 335, 2, 755, 1391]
[:mouse_move, 1011, 333, 2, 756, 1392]
[:mouse_move, 1018, 331, 2, 757, 1393]
[:mouse_move, 1026, 328, 2, 758, 1394]
[:mouse_move, 1030, 326, 2, 759, 1395]
[:mouse_move, 1035, 325, 2, 760, 1396]
[:mouse_move, 1042, 325, 2, 761, 1397]
[:mouse_move, 1047, 325, 2, 762, 1398]
[:mouse_move, 1051, 325, 2, 763, 1399]
[:mouse_move, 1055, 325, 2, 764, 1400]
[:mouse_move, 1057, 325, 2, 765, 1401]
[:mouse_move, 1058, 326, 2, 766, 1403]
[:mouse_button_pressed, 1, 0, 1, 767, 1411]
[:mouse_move, 1057, 326, 2, 768, 1412]
[:mouse_button_up, 1, 0, 1, 769, 1418]
[:mouse_move, 1055, 326, 2, 770, 1423]
[:mouse_move, 1043, 326, 2, 771, 1424]
[:mouse_move, 1033, 326, 2, 772, 1425]
[:mouse_move, 1012, 326, 2, 773, 1426]
[:mouse_move, 977, 326, 2, 774, 1427]
[:mouse_move, 946, 326, 2, 775, 1428]
[:mouse_move, 905, 326, 2, 776, 1429]
[:mouse_move, 873, 329, 2, 777, 1430]
[:mouse_move, 846, 333, 2, 778, 1431]
[:mouse_move, 816, 338, 2, 779, 1432]
[:mouse_move, 782, 345, 2, 780, 1433]
[:mouse_move, 757, 349, 2, 781, 1434]
[:mouse_move, 734, 353, 2, 782, 1435]
[:mouse_move, 715, 356, 2, 783, 1436]
[:mouse_move, 702, 359, 2, 784, 1437]
[:mouse_move, 687, 362, 2, 785, 1438]
[:mouse_move, 672, 366, 2, 786, 1439]
[:mouse_move, 664, 368, 2, 787, 1440]
[:mouse_move, 653, 371, 2, 788, 1441]
[:mouse_move, 645, 373, 2, 789, 1442]
[:mouse_move, 640, 373, 2, 790, 1443]
[:mouse_move, 633, 374, 2, 791, 1444]
[:mouse_move, 628, 375, 2, 792, 1445]
[:mouse_move, 624, 375, 2, 793, 1446]
[:mouse_move, 621, 376, 2, 794, 1447]
[:mouse_move, 617, 377, 2, 795, 1448]
[:mouse_move, 613, 377, 2, 796, 1450]
[:mouse_move, 609, 378, 2, 797, 1451]
[:mouse_move, 599, 379, 2, 798, 1452]
[:mouse_move, 596, 379, 2, 799, 1453]
[:mouse_move, 595, 379, 2, 800, 1454]
[:mouse_move, 594, 379, 2, 801, 1455]
[:mouse_move, 595, 379, 2, 802, 1458]
[:mouse_move, 602, 377, 2, 803, 1460]
[:mouse_move, 604, 377, 2, 804, 1461]
[:mouse_move, 605, 377, 2, 805, 1463]
[:mouse_move, 605, 376, 2, 806, 1465]
[:mouse_move, 611, 375, 2, 807, 1467]
[:mouse_move, 620, 375, 2, 808, 1468]
[:mouse_move, 634, 375, 2, 809, 1469]
[:mouse_move, 648, 375, 2, 810, 1470]
[:mouse_move, 652, 375, 2, 811, 1471]
[:mouse_move, 657, 375, 2, 812, 1472]
[:mouse_move, 658, 375, 2, 813, 1473]
[:mouse_move, 656, 375, 2, 814, 1492]
[:mouse_move, 654, 376, 2, 815, 1493]
[:mouse_move, 648, 377, 2, 816, 1495]
[:mouse_move, 647, 378, 2, 817, 1496]
[:mouse_move, 646, 378, 2, 818, 1497]
[:mouse_button_pressed, 1, 0, 1, 819, 1504]
[:mouse_button_up, 1, 0, 1, 820, 1511]
[:mouse_move, 645, 378, 2, 821, 1515]
[:mouse_move, 640, 378, 2, 822, 1516]
[:mouse_move, 631, 378, 2, 823, 1518]
[:mouse_move, 605, 379, 2, 824, 1519]
[:mouse_move, 582, 382, 2, 825, 1520]
[:mouse_move, 542, 388, 2, 826, 1521]
[:mouse_move, 501, 392, 2, 827, 1522]
[:mouse_move, 464, 395, 2, 828, 1523]
[:mouse_move, 442, 397, 2, 829, 1524]
[:mouse_move, 411, 401, 2, 830, 1525]
[:mouse_move, 395, 403, 2, 831, 1526]
[:mouse_move, 376, 406, 2, 832, 1527]
[:mouse_move, 359, 410, 2, 833, 1528]
[:mouse_move, 347, 411, 2, 834, 1529]
[:mouse_move, 340, 412, 2, 835, 1530]
[:mouse_move, 328, 413, 2, 836, 1531]
[:mouse_move, 323, 413, 2, 837, 1532]
[:mouse_move, 317, 414, 2, 838, 1533]
[:mouse_move, 313, 414, 2, 839, 1534]
[:mouse_move, 312, 414, 2, 840, 1535]
[:mouse_move, 310, 415, 2, 841, 1536]
[:mouse_move, 309, 415, 2, 842, 1537]
[:mouse_move, 308, 415, 2, 843, 1539]
[:mouse_move, 307, 415, 2, 844, 1540]
[:mouse_move, 305, 415, 2, 845, 1541]
[:mouse_move, 302, 416, 2, 846, 1542]
[:mouse_move, 295, 417, 2, 847, 1543]
[:mouse_move, 288, 418, 2, 848, 1544]
[:mouse_move, 283, 419, 2, 849, 1545]
[:mouse_move, 272, 421, 2, 850, 1547]
[:mouse_move, 270, 421, 2, 851, 1548]
[:mouse_move, 266, 422, 2, 852, 1549]
[:mouse_move, 262, 423, 2, 853, 1550]
[:mouse_move, 259, 423, 2, 854, 1551]
[:mouse_move, 254, 424, 2, 855, 1552]
[:mouse_move, 247, 425, 2, 856, 1554]
[:mouse_move, 237, 427, 2, 857, 1557]
[:mouse_move, 235, 427, 2, 858, 1558]
[:mouse_move, 233, 427, 2, 859, 1559]
[:mouse_move, 232, 428, 2, 860, 1560]
[:mouse_move, 231, 428, 2, 861, 1562]
[:mouse_move, 230, 428, 2, 862, 1564]
[:mouse_move, 229, 428, 2, 863, 1566]
[:mouse_button_pressed, 1, 0, 1, 864, 1572]
[:mouse_button_up, 1, 0, 1, 865, 1579]
[:mouse_move, 230, 428, 2, 866, 1598]
[:mouse_move, 238, 428, 2, 867, 1599]
[:mouse_move, 242, 428, 2, 868, 1600]
[:mouse_move, 286, 420, 2, 869, 1602]
[:mouse_move, 306, 417, 2, 870, 1603]
[:mouse_move, 336, 414, 2, 871, 1604]
[:mouse_move, 380, 411, 2, 872, 1605]
[:mouse_move, 432, 409, 2, 873, 1606]
[:mouse_move, 466, 408, 2, 874, 1607]
[:mouse_move, 501, 407, 2, 875, 1608]
[:mouse_move, 552, 403, 2, 876, 1610]
[:mouse_move, 573, 399, 2, 877, 1611]
[:mouse_move, 588, 396, 2, 878, 1612]
[:mouse_move, 596, 394, 2, 879, 1613]
[:mouse_move, 609, 390, 2, 880, 1614]
[:mouse_move, 614, 388, 2, 881, 1615]
[:mouse_move, 620, 386, 2, 882, 1616]
[:mouse_move, 623, 384, 2, 883, 1617]
[:mouse_move, 624, 383, 2, 884, 1618]
[:mouse_move, 626, 383, 2, 885, 1619]
[:mouse_move, 627, 383, 2, 886, 1620]
[:mouse_move, 628, 382, 2, 887, 1621]
[:mouse_move, 632, 381, 2, 888, 1623]
[:mouse_move, 637, 381, 2, 889, 1625]
[:mouse_move, 638, 381, 2, 890, 1626]
[:mouse_move, 639, 381, 2, 891, 1627]
[:mouse_move, 640, 381, 2, 892, 1628]
[:mouse_move, 641, 381, 2, 893, 1634]
[:mouse_move, 638, 379, 2, 894, 1702]
[:mouse_move, 634, 379, 2, 895, 1703]
[:mouse_move, 631, 377, 2, 896, 1704]
[:mouse_move, 629, 376, 2, 897, 1705]
[:mouse_move, 628, 376, 2, 898, 1706]
[:mouse_move, 630, 373, 2, 899, 1709]
[:mouse_move, 634, 372, 2, 900, 1710]
[:mouse_move, 636, 372, 2, 901, 1711]
[:mouse_move, 639, 372, 2, 902, 1712]
[:mouse_move, 641, 372, 2, 903, 1713]
[:mouse_move, 642, 372, 2, 904, 1716]
[:mouse_move, 647, 372, 2, 905, 1717]
[:mouse_move, 661, 371, 2, 906, 1718]
[:mouse_move, 699, 370, 2, 907, 1719]
[:mouse_move, 758, 361, 2, 908, 1720]
[:mouse_move, 824, 354, 2, 909, 1721]
[:mouse_move, 905, 351, 2, 910, 1722]
[:mouse_move, 971, 350, 2, 911, 1723]
[:mouse_move, 1005, 350, 2, 912, 1724]
[:mouse_move, 1018, 350, 2, 913, 1725]
[:mouse_move, 1034, 350, 2, 914, 1726]
[:mouse_move, 1044, 350, 2, 915, 1727]
[:mouse_move, 1045, 350, 2, 916, 1728]
[:mouse_move, 1047, 350, 2, 917, 1729]
[:mouse_move, 1049, 350, 2, 918, 1731]
[:mouse_move, 1050, 350, 2, 919, 1732]
[:mouse_move, 1053, 349, 2, 920, 1733]
[:mouse_move, 1054, 349, 2, 921, 1734]
[:mouse_move, 1058, 347, 2, 922, 1735]
[:mouse_move, 1061, 347, 2, 923, 1736]
[:mouse_move, 1065, 346, 2, 924, 1737]
[:mouse_move, 1066, 346, 2, 925, 1738]
[:mouse_move, 1067, 346, 2, 926, 1739]
[:mouse_move, 1068, 346, 2, 927, 1741]
[:mouse_button_pressed, 1, 0, 1, 928, 1747]
[:mouse_button_up, 1, 0, 1, 929, 1757]
[:mouse_move, 1067, 346, 2, 930, 1757]
[:mouse_move, 1061, 346, 2, 931, 1758]
[:mouse_move, 1045, 346, 2, 932, 1759]
[:mouse_move, 1013, 339, 2, 933, 1761]
[:mouse_move, 952, 327, 2, 934, 1762]
[:mouse_move, 852, 319, 2, 935, 1763]
[:mouse_move, 780, 319, 2, 936, 1764]
[:mouse_move, 721, 319, 2, 937, 1765]
[:mouse_move, 618, 319, 2, 938, 1766]
[:mouse_move, 485, 321, 2, 939, 1768]
[:mouse_move, 454, 322, 2, 940, 1769]
[:mouse_move, 426, 328, 2, 941, 1770]
[:mouse_move, 418, 329, 2, 942, 1771]
[:mouse_move, 388, 333, 2, 943, 1772]
[:mouse_move, 380, 333, 2, 944, 1773]
[:mouse_move, 367, 336, 2, 945, 1774]
[:mouse_move, 356, 339, 2, 946, 1775]
[:mouse_move, 350, 342, 2, 947, 1776]
[:mouse_move, 338, 347, 2, 948, 1777]
[:mouse_move, 328, 352, 2, 949, 1778]
[:mouse_move, 307, 360, 2, 950, 1780]
[:mouse_move, 300, 363, 2, 951, 1781]
[:mouse_move, 283, 368, 2, 952, 1782]
[:mouse_move, 275, 371, 2, 953, 1783]
[:mouse_move, 265, 374, 2, 954, 1784]
[:mouse_move, 256, 376, 2, 955, 1786]
[:mouse_move, 255, 377, 2, 956, 1787]
[:mouse_move, 253, 377, 2, 957, 1789]
[:mouse_move, 244, 378, 2, 958, 1791]
[:mouse_move, 240, 379, 2, 959, 1792]
[:mouse_move, 225, 384, 2, 960, 1794]
[:mouse_move, 222, 385, 2, 961, 1795]
[:mouse_move, 219, 386, 2, 962, 1796]
[:mouse_move, 217, 386, 2, 963, 1798]
[:mouse_button_pressed, 1, 0, 1, 964, 1806]
[:mouse_button_up, 1, 0, 1, 965, 1813]
[:mouse_move, 222, 386, 2, 966, 1817]
[:mouse_move, 229, 386, 2, 967, 1818]
[:mouse_move, 241, 386, 2, 968, 1819]
[:mouse_move, 253, 386, 2, 969, 1820]
[:mouse_move, 270, 386, 2, 970, 1821]
[:mouse_move, 282, 386, 2, 971, 1822]
[:mouse_move, 296, 386, 2, 972, 1823]
[:mouse_move, 299, 386, 2, 973, 1824]
[:mouse_move, 356, 386, 2, 974, 1826]
[:mouse_move, 405, 384, 2, 975, 1827]
[:mouse_move, 438, 381, 2, 976, 1828]
[:mouse_move, 460, 378, 2, 977, 1829]
[:mouse_move, 497, 373, 2, 978, 1830]
[:mouse_move, 526, 369, 2, 979, 1831]
[:mouse_move, 580, 363, 2, 980, 1833]
[:mouse_move, 607, 361, 2, 981, 1834]
[:mouse_move, 624, 360, 2, 982, 1835]
[:mouse_move, 641, 359, 2, 983, 1836]
[:mouse_move, 656, 355, 2, 984, 1837]
[:mouse_move, 665, 353, 2, 985, 1838]
[:mouse_move, 672, 351, 2, 986, 1839]
[:mouse_move, 679, 349, 2, 987, 1840]
[:mouse_move, 682, 348, 2, 988, 1841]
[:mouse_move, 686, 347, 2, 989, 1842]
[:mouse_move, 688, 347, 2, 990, 1843]
[:mouse_move, 689, 347, 2, 991, 1845]
[:mouse_move, 688, 347, 2, 992, 1850]
[:mouse_move, 686, 347, 2, 993, 1851]
[:mouse_move, 682, 347, 2, 994, 1852]
[:mouse_move, 678, 347, 2, 995, 1853]
[:mouse_move, 663, 347, 2, 996, 1855]
[:mouse_move, 659, 347, 2, 997, 1856]
[:mouse_move, 650, 347, 2, 998, 1857]
[:mouse_move, 646, 347, 2, 999, 1858]
[:mouse_move, 644, 347, 2, 1000, 1859]
[:mouse_move, 642, 347, 2, 1001, 1862]
[:mouse_move, 641, 347, 2, 1002, 1863]
[:mouse_move, 640, 346, 2, 1003, 1864]
[:mouse_move, 639, 346, 2, 1004, 1865]
[:mouse_button_pressed, 1, 0, 1, 1005, 1870]
[:mouse_button_up, 1, 0, 1, 1006, 1876]
[:mouse_move, 658, 346, 2, 1007, 1884]
[:mouse_move, 689, 342, 2, 1008, 1885]
[:mouse_move, 709, 340, 2, 1009, 1886]
[:mouse_move, 803, 328, 2, 1010, 1888]
[:mouse_move, 815, 328, 2, 1011, 1889]
[:mouse_move, 851, 325, 2, 1012, 1890]
[:mouse_move, 878, 323, 2, 1013, 1891]
[:mouse_move, 897, 322, 2, 1014, 1892]
[:mouse_move, 911, 321, 2, 1015, 1893]
[:mouse_move, 927, 321, 2, 1016, 1894]
[:mouse_move, 931, 321, 2, 1017, 1895]
[:mouse_move, 948, 321, 2, 1018, 1896]
[:mouse_move, 959, 321, 2, 1019, 1897]
[:mouse_move, 969, 321, 2, 1020, 1899]
[:mouse_move, 971, 321, 2, 1021, 1900]
[:mouse_move, 974, 321, 2, 1022, 1901]
[:mouse_move, 976, 321, 2, 1023, 1902]
[:mouse_move, 981, 321, 2, 1024, 1904]
[:mouse_move, 985, 320, 2, 1025, 1905]
[:mouse_move, 989, 320, 2, 1026, 1906]
[:mouse_move, 994, 319, 2, 1027, 1907]
[:mouse_move, 998, 318, 2, 1028, 1908]
[:mouse_move, 1006, 317, 2, 1029, 1909]
[:mouse_move, 1018, 316, 2, 1030, 1910]
[:mouse_move, 1030, 315, 2, 1031, 1911]
[:mouse_move, 1043, 312, 2, 1032, 1912]
[:mouse_move, 1049, 311, 2, 1033, 1913]
[:mouse_move, 1058, 308, 2, 1034, 1914]
[:mouse_move, 1063, 307, 2, 1035, 1915]
[:mouse_move, 1066, 306, 2, 1036, 1917]
[:mouse_move, 1065, 306, 2, 1037, 1925]
[:mouse_move, 1064, 306, 2, 1038, 1929]
[:mouse_button_pressed, 1, 0, 1, 1039, 1933]
[:mouse_button_up, 1, 0, 1, 1040, 1939]
[:mouse_move, 1062, 306, 2, 1041, 1945]
[:mouse_move, 1055, 306, 2, 1042, 1946]
[:mouse_move, 1045, 306, 2, 1043, 1947]
[:mouse_move, 1031, 306, 2, 1044, 1948]
[:mouse_move, 1008, 306, 2, 1045, 1949]
[:mouse_move, 963, 301, 2, 1046, 1950]
[:mouse_move, 923, 293, 2, 1047, 1951]
[:mouse_move, 805, 279, 2, 1048, 1953]
[:mouse_move, 747, 279, 2, 1049, 1954]
[:mouse_move, 692, 279, 2, 1050, 1955]
[:mouse_move, 634, 280, 2, 1051, 1956]
[:mouse_move, 565, 285, 2, 1052, 1957]
[:mouse_move, 497, 290, 2, 1053, 1958]
[:mouse_move, 460, 294, 2, 1054, 1959]
[:mouse_move, 420, 296, 2, 1055, 1960]
[:mouse_move, 353, 303, 2, 1056, 1962]
[:mouse_move, 333, 306, 2, 1057, 1963]
[:mouse_move, 304, 313, 2, 1058, 1964]
[:mouse_move, 292, 315, 2, 1059, 1965]
[:mouse_move, 283, 317, 2, 1060, 1966]
[:mouse_move, 269, 320, 2, 1061, 1967]
[:mouse_move, 264, 321, 2, 1062, 1968]
[:mouse_move, 246, 325, 2, 1063, 1969]
[:mouse_move, 232, 329, 2, 1064, 1970]
[:mouse_move, 223, 330, 2, 1065, 1973]
[:mouse_move, 219, 331, 2, 1066, 1974]
[:mouse_move, 218, 331, 2, 1067, 1975]
[:mouse_move, 217, 331, 2, 1068, 1976]
[:mouse_button_pressed, 1, 0, 1, 1069, 1989]
[:mouse_button_up, 1, 0, 1, 1070, 1996]
[:mouse_move, 221, 331, 2, 1071, 2000]
[:mouse_move, 234, 331, 2, 1072, 2001]
[:mouse_move, 254, 331, 2, 1073, 2002]
[:mouse_move, 293, 331, 2, 1074, 2003]
[:mouse_move, 334, 331, 2, 1075, 2004]
[:mouse_move, 377, 331, 2, 1076, 2005]
[:mouse_move, 424, 331, 2, 1077, 2006]
[:mouse_move, 438, 331, 2, 1078, 2007]
[:mouse_move, 475, 331, 2, 1079, 2008]
[:mouse_move, 498, 330, 2, 1080, 2009]
[:mouse_move, 513, 329, 2, 1081, 2010]
[:mouse_move, 523, 328, 2, 1082, 2011]
[:mouse_move, 537, 326, 2, 1083, 2013]
[:mouse_move, 543, 326, 2, 1084, 2014]
[:mouse_move, 548, 325, 2, 1085, 2015]
[:mouse_move, 552, 325, 2, 1086, 2016]
[:mouse_move, 556, 325, 2, 1087, 2017]
[:mouse_move, 561, 325, 2, 1088, 2018]
[:mouse_move, 564, 325, 2, 1089, 2019]
[:mouse_move, 569, 325, 2, 1090, 2020]
[:mouse_move, 573, 325, 2, 1091, 2021]
[:mouse_move, 580, 325, 2, 1092, 2023]
[:mouse_move, 586, 324, 2, 1093, 2024]
[:mouse_move, 589, 324, 2, 1094, 2025]
[:mouse_move, 592, 322, 2, 1095, 2026]
[:mouse_move, 596, 321, 2, 1096, 2027]
[:mouse_move, 599, 320, 2, 1097, 2028]
[:mouse_move, 603, 319, 2, 1098, 2030]
[:mouse_move, 607, 319, 2, 1099, 2032]
[:mouse_move, 610, 319, 2, 1100, 2033]
[:mouse_move, 614, 318, 2, 1101, 2034]
[:mouse_move, 616, 317, 2, 1102, 2035]
[:mouse_move, 622, 315, 2, 1103, 2036]
[:mouse_move, 625, 314, 2, 1104, 2037]
[:mouse_move, 627, 313, 2, 1105, 2038]
[:mouse_move, 630, 312, 2, 1106, 2040]
[:mouse_move, 631, 312, 2, 1107, 2042]
[:mouse_button_pressed, 1, 0, 1, 1108, 2048]
[:mouse_button_up, 1, 0, 1, 1109, 2056]
[:mouse_move, 627, 312, 2, 1110, 2059]
[:mouse_move, 620, 312, 2, 1111, 2060]
[:mouse_move, 610, 312, 2, 1112, 2061]
[:mouse_move, 596, 312, 2, 1113, 2062]
[:mouse_move, 581, 312, 2, 1114, 2063]
[:mouse_move, 559, 312, 2, 1115, 2064]
[:mouse_move, 522, 312, 2, 1116, 2065]
[:mouse_move, 501, 312, 2, 1117, 2066]
[:mouse_move, 473, 312, 2, 1118, 2067]
[:mouse_move, 443, 312, 2, 1119, 2068]
[:mouse_move, 396, 313, 2, 1120, 2069]
[:mouse_move, 370, 316, 2, 1121, 2070]
[:mouse_move, 350, 319, 2, 1122, 2071]
[:mouse_move, 325, 323, 2, 1123, 2072]
[:mouse_move, 306, 326, 2, 1124, 2073]
[:mouse_move, 289, 328, 2, 1125, 2074]
[:mouse_move, 274, 331, 2, 1126, 2075]
[:mouse_move, 259, 333, 2, 1127, 2076]
[:mouse_move, 249, 334, 2, 1128, 2077]
[:mouse_move, 241, 335, 2, 1129, 2078]
[:mouse_move, 235, 336, 2, 1130, 2079]
[:mouse_move, 230, 336, 2, 1131, 2080]
[:mouse_move, 226, 337, 2, 1132, 2081]
[:mouse_move, 224, 337, 2, 1133, 2082]
[:mouse_move, 222, 337, 2, 1134, 2083]
[:mouse_button_pressed, 1, 0, 1, 1135, 2099]
[:mouse_button_up, 1, 0, 1, 1136, 2107]
[:mouse_move, 224, 337, 2, 1137, 2110]
[:mouse_move, 241, 337, 2, 1138, 2112]
[:mouse_move, 369, 337, 2, 1139, 2114]
[:mouse_move, 428, 337, 2, 1140, 2115]
[:mouse_move, 524, 337, 2, 1141, 2116]
[:mouse_move, 593, 336, 2, 1142, 2117]
[:mouse_move, 645, 333, 2, 1143, 2118]
[:mouse_move, 708, 331, 2, 1144, 2119]
[:mouse_move, 768, 331, 2, 1145, 2120]
[:mouse_move, 821, 331, 2, 1146, 2121]
[:mouse_move, 881, 333, 2, 1147, 2123]
[:mouse_move, 899, 333, 2, 1148, 2124]
[:mouse_move, 917, 333, 2, 1149, 2125]
[:mouse_move, 928, 333, 2, 1150, 2126]
[:mouse_move, 936, 333, 2, 1151, 2127]
[:mouse_move, 943, 333, 2, 1152, 2128]
[:mouse_move, 945, 333, 2, 1153, 2129]
[:mouse_move, 955, 333, 2, 1154, 2130]
[:mouse_move, 959, 333, 2, 1155, 2131]
[:mouse_move, 962, 332, 2, 1156, 2132]
[:mouse_move, 968, 331, 2, 1157, 2134]
[:mouse_move, 971, 331, 2, 1158, 2135]
[:mouse_move, 974, 330, 2, 1159, 2136]
[:mouse_move, 976, 330, 2, 1160, 2137]
[:mouse_move, 980, 329, 2, 1161, 2139]
[:mouse_move, 983, 327, 2, 1162, 2140]
[:mouse_move, 989, 325, 2, 1163, 2141]
[:mouse_move, 995, 323, 2, 1164, 2142]
[:mouse_move, 1006, 321, 2, 1165, 2143]
[:mouse_move, 1017, 318, 2, 1166, 2144]
[:mouse_move, 1029, 315, 2, 1167, 2145]
[:mouse_move, 1039, 312, 2, 1168, 2146]
[:mouse_move, 1045, 310, 2, 1169, 2147]
[:mouse_move, 1053, 308, 2, 1170, 2148]
[:mouse_move, 1056, 307, 2, 1171, 2149]
[:mouse_move, 1054, 307, 2, 1172, 2155]
[:mouse_move, 1053, 307, 2, 1173, 2156]
[:mouse_move, 1051, 307, 2, 1174, 2158]
[:mouse_move, 1050, 307, 2, 1175, 2159]
[:mouse_move, 1049, 307, 2, 1176, 2160]
[:mouse_button_pressed, 1, 0, 1, 1177, 2166]
[:mouse_button_up, 1, 0, 1, 1178, 2174]
[:mouse_move, 1044, 307, 2, 1179, 2178]
[:mouse_move, 1035, 307, 2, 1180, 2179]
[:mouse_move, 1009, 307, 2, 1181, 2181]
[:mouse_move, 976, 307, 2, 1182, 2182]
[:mouse_move, 925, 308, 2, 1183, 2183]
[:mouse_move, 864, 311, 2, 1184, 2184]
[:mouse_move, 845, 314, 2, 1185, 2185]
[:mouse_move, 797, 323, 2, 1186, 2186]
[:mouse_move, 774, 329, 2, 1187, 2187]
[:mouse_move, 751, 334, 2, 1188, 2188]
[:mouse_move, 721, 341, 2, 1189, 2189]
[:mouse_move, 686, 347, 2, 1190, 2191]
[:mouse_move, 671, 347, 2, 1191, 2192]
[:mouse_move, 661, 348, 2, 1192, 2193]
[:mouse_move, 657, 348, 2, 1193, 2194]
[:mouse_move, 650, 348, 2, 1194, 2195]
[:mouse_move, 647, 348, 2, 1195, 2196]
[:mouse_move, 645, 348, 2, 1196, 2197]
[:mouse_move, 644, 348, 2, 1197, 2198]
[:mouse_move, 640, 347, 2, 1198, 2199]
[:mouse_move, 637, 346, 2, 1199, 2200]
[:mouse_move, 634, 345, 2, 1200, 2201]
[:mouse_move, 632, 344, 2, 1201, 2202]
[:mouse_move, 631, 344, 2, 1202, 2203]
[:mouse_move, 630, 343, 2, 1203, 2204]
[:mouse_move, 629, 342, 2, 1204, 2206]
[:mouse_button_pressed, 1, 0, 1, 1205, 2213]
[:mouse_button_up, 1, 0, 1, 1206, 2221]
[:mouse_move, 631, 342, 2, 1207, 2224]
[:mouse_move, 639, 342, 2, 1208, 2225]
[:mouse_move, 699, 342, 2, 1209, 2227]
[:mouse_move, 740, 342, 2, 1210, 2228]
[:mouse_move, 788, 341, 2, 1211, 2229]
[:mouse_move, 837, 333, 2, 1212, 2230]
[:mouse_move, 877, 326, 2, 1213, 2231]
[:mouse_move, 930, 318, 2, 1214, 2232]
[:mouse_move, 957, 313, 2, 1215, 2233]
[:mouse_move, 1012, 304, 2, 1216, 2235]
[:mouse_move, 1021, 303, 2, 1217, 2236]
[:mouse_move, 1037, 301, 2, 1218, 2237]
[:mouse_move, 1049, 301, 2, 1219, 2238]
[:mouse_move, 1053, 301, 2, 1220, 2239]
[:mouse_move, 1055, 301, 2, 1221, 2240]
[:mouse_move, 1056, 301, 2, 1222, 2241]
[:mouse_move, 1057, 301, 2, 1223, 2245]
[:mouse_move, 1058, 301, 2, 1224, 2251]
[:mouse_move, 1060, 301, 2, 1225, 2252]
[:mouse_move, 1063, 301, 2, 1226, 2254]
[:mouse_move, 1065, 301, 2, 1227, 2256]
[:mouse_button_pressed, 1, 0, 1, 1228, 2260]
[:mouse_move, 1065, 302, 2, 1229, 2261]
[:mouse_button_up, 1, 0, 1, 1230, 2268]
[:mouse_move, 1063, 302, 2, 1231, 2276]
[:mouse_move, 1057, 302, 2, 1232, 2277]
[:mouse_move, 1049, 302, 2, 1233, 2278]
[:mouse_move, 1038, 302, 2, 1234, 2279]
[:mouse_move, 1022, 302, 2, 1235, 2280]
[:mouse_move, 998, 302, 2, 1236, 2281]
[:mouse_move, 972, 299, 2, 1237, 2282]
[:mouse_move, 951, 297, 2, 1238, 2283]
[:mouse_move, 933, 294, 2, 1239, 2284]
[:mouse_move, 924, 291, 2, 1240, 2285]
[:mouse_move, 909, 285, 2, 1241, 2286]
[:mouse_move, 898, 280, 2, 1242, 2287]
[:mouse_move, 890, 276, 2, 1243, 2288]
[:mouse_move, 882, 272, 2, 1244, 2289]
[:mouse_move, 880, 271, 2, 1245, 2290]
[:mouse_move, 873, 268, 2, 1246, 2291]
[:mouse_move, 872, 267, 2, 1247, 2292]
[:mouse_move, 871, 267, 2, 1248, 2293]
[:mouse_move, 871, 266, 2, 1249, 2295]
[:mouse_move, 871, 267, 2, 1250, 2479]
[:mouse_move, 871, 268, 2, 1251, 2513]
[:mouse_move, 871, 269, 2, 1252, 2518]
[:mouse_move, 870, 270, 2, 1253, 2523]
[:mouse_move, 870, 271, 2, 1254, 2527]
[:mouse_move, 870, 272, 2, 1255, 2530]
[:mouse_move, 869, 272, 2, 1256, 2530]
[:mouse_move, 869, 273, 2, 1257, 2532]
[:mouse_move, 869, 274, 2, 1258, 2533]
[:mouse_move, 868, 276, 2, 1259, 2535]
[:mouse_move, 868, 278, 2, 1260, 2537]
[:mouse_move, 867, 279, 2, 1261, 2538]
[:mouse_move, 867, 280, 2, 1262, 2539]
[:mouse_move, 867, 281, 2, 1263, 2540]
[:mouse_move, 866, 282, 2, 1264, 2542]
[:mouse_move, 866, 283, 2, 1265, 2543]
[:mouse_move, 866, 284, 2, 1266, 2545]
[:mouse_move, 865, 284, 2, 1267, 2546]
[:mouse_move, 865, 285, 2, 1268, 2547]
[:mouse_move, 864, 286, 2, 1269, 2549]
[:mouse_move, 863, 286, 2, 1270, 2632]
[:mouse_move, 863, 287, 2, 1271, 2633]
[:mouse_move, 862, 288, 2, 1272, 2634]
[:mouse_move, 860, 290, 2, 1273, 2635]
[:mouse_move, 858, 292, 2, 1274, 2636]
[:mouse_move, 855, 295, 2, 1275, 2637]
[:mouse_move, 850, 300, 2, 1276, 2638]
[:mouse_move, 845, 304, 2, 1277, 2639]
[:mouse_move, 840, 309, 2, 1278, 2640]
[:mouse_move, 833, 314, 2, 1279, 2642]
[:mouse_move, 832, 315, 2, 1280, 2643]
[:mouse_move, 831, 315, 2, 1281, 2644]
[:mouse_move, 831, 316, 2, 1282, 2645]
[:mouse_move, 830, 316, 2, 1283, 2646]
[:mouse_move, 829, 316, 2, 1284, 2647]
[:mouse_move, 828, 316, 2, 1285, 2649]
[:mouse_move, 828, 317, 2, 1286, 2670]
[:mouse_move, 828, 319, 2, 1287, 2672]
[:mouse_move, 828, 322, 2, 1288, 2673]
[:mouse_move, 828, 326, 2, 1289, 2674]
[:mouse_move, 828, 327, 2, 1290, 2675]
[:mouse_move, 828, 340, 2, 1291, 2676]
[:mouse_move, 828, 351, 2, 1292, 2677]
[:mouse_move, 828, 365, 2, 1293, 2678]
[:mouse_move, 828, 382, 2, 1294, 2679]
[:mouse_move, 829, 394, 2, 1295, 2680]
[:mouse_move, 829, 406, 2, 1296, 2681]
[:mouse_move, 830, 417, 2, 1297, 2682]
[:mouse_move, 831, 431, 2, 1298, 2683]
[:mouse_move, 831, 439, 2, 1299, 2684]
[:mouse_move, 831, 445, 2, 1300, 2685]
[:mouse_move, 831, 451, 2, 1301, 2686]
[:mouse_move, 831, 463, 2, 1302, 2687]
[:mouse_move, 832, 477, 2, 1303, 2688]
[:mouse_move, 836, 530, 2, 1304, 2690]
[:mouse_move, 839, 579, 2, 1305, 2692]
[:mouse_move, 836, 598, 2, 1306, 2693]
[:mouse_move, 835, 603, 2, 1307, 2694]
[:mouse_move, 832, 610, 2, 1308, 2695]
[:mouse_move, 829, 613, 2, 1309, 2696]
[:mouse_move, 827, 615, 2, 1310, 2697]
[:mouse_move, 824, 617, 2, 1311, 2698]
[:mouse_move, 820, 620, 2, 1312, 2699]
[:mouse_move, 814, 624, 2, 1313, 2700]
[:mouse_move, 810, 627, 2, 1314, 2701]
[:mouse_move, 805, 634, 2, 1315, 2702]
[:mouse_move, 800, 639, 2, 1316, 2703]
[:mouse_move, 796, 644, 2, 1317, 2705]
[:mouse_move, 793, 649, 2, 1318, 2706]
[:mouse_move, 792, 649, 2, 1319, 2707]
[:mouse_button_pressed, 1, 0, 1, 1320, 2780]
[:mouse_button_up, 1, 0, 1, 1321, 2787]
[:mouse_move, 792, 648, 2, 1322, 2800]
[:mouse_move, 791, 617, 2, 1323, 2803]
[:mouse_move, 791, 606, 2, 1324, 2804]
[:mouse_move, 791, 596, 2, 1325, 2805]
[:mouse_move, 791, 579, 2, 1326, 2806]
[:mouse_move, 791, 566, 2, 1327, 2807]
[:mouse_move, 791, 548, 2, 1328, 2808]
[:mouse_move, 791, 524, 2, 1329, 2809]
[:mouse_move, 791, 492, 2, 1330, 2810]
[:mouse_move, 791, 455, 2, 1331, 2811]
[:mouse_move, 791, 418, 2, 1332, 2812]
[:mouse_move, 791, 389, 2, 1333, 2813]
[:mouse_move, 791, 373, 2, 1334, 2814]
[:mouse_move, 791, 364, 2, 1335, 2815]
[:mouse_move, 791, 358, 2, 1336, 2816]
[:mouse_move, 791, 357, 2, 1337, 2817]
[:mouse_move, 791, 356, 2, 1338, 2819]
[:mouse_move, 792, 356, 2, 1339, 2821]
[:mouse_move, 792, 357, 2, 1340, 2825]
[:mouse_move, 793, 357, 2, 1341, 2828]
[:mouse_move, 794, 357, 2, 1342, 2832]
[:mouse_move, 794, 358, 2, 1343, 2833]
[:mouse_move, 794, 359, 2, 1344, 2836]
[:mouse_move, 794, 360, 2, 1345, 3056]
[:mouse_move, 794, 361, 2, 1346, 3060]
[:mouse_move, 795, 361, 2, 1347, 3062]
[:mouse_move, 794, 361, 2, 1348, 3066]
[:key_down_raw, 106, 0, 2, 1349, 3648]
[:scancode_down_raw, 13, 0, 2, 1350, 3648]
[:textinput, "j", 0, 1, 1351, 3648]
[:key_up_raw, 106, 0, 2, 1352, 3655]
[:scancode_up_raw, 13, 0, 2, 1353, 3655]
[:key_down_raw, 107, 0, 2, 1354, 3688]
[:scancode_down_raw, 14, 0, 2, 1355, 3688]
[:textinput, "k", 0, 1, 1356, 3688]
[:key_up_raw, 107, 0, 2, 1357, 3694]
[:scancode_up_raw, 14, 0, 2, 1358, 3694]
[:key_down_raw, 106, 0, 2, 1359, 3752]
[:scancode_down_raw, 13, 0, 2, 1360, 3752]
[:textinput, "j", 0, 1, 1361, 3752]
[:key_up_raw, 106, 0, 2, 1362, 3760]
[:scancode_up_raw, 13, 0, 2, 1363, 3760]
[:key_down_raw, 108, 0, 2, 1364, 3775]
[:scancode_down_raw, 15, 0, 2, 1365, 3775]
[:textinput, "l", 0, 1, 1366, 3775]
[:key_up_raw, 108, 0, 2, 1367, 3783]
[:scancode_up_raw, 15, 0, 2, 1368, 3783]
[:key_down_raw, 108, 0, 2, 1369, 3818]
[:scancode_down_raw, 15, 0, 2, 1370, 3818]
[:textinput, "l", 0, 1, 1371, 3818]
[:key_up_raw, 108, 0, 2, 1372, 3823]
[:scancode_up_raw, 15, 0, 2, 1373, 3823]
[:key_down_raw, 108, 0, 2, 1374, 3856]
[:scancode_down_raw, 15, 0, 2, 1375, 3856]
[:textinput, "l", 0, 1, 1376, 3856]
[:key_up_raw, 108, 0, 2, 1377, 3863]
[:scancode_up_raw, 15, 0, 2, 1378, 3863]
[:key_down_raw, 108, 0, 2, 1379, 3907]
[:scancode_down_raw, 15, 0, 2, 1380, 3907]
[:textinput, "l", 0, 1, 1381, 3907]
[:key_up_raw, 108, 0, 2, 1382, 3914]
[:scancode_up_raw, 15, 0, 2, 1383, 3914]
[:key_down_raw, 107, 0, 2, 1384, 3931]
[:scancode_down_raw, 14, 0, 2, 1385, 3931]
[:textinput, "k", 0, 1, 1386, 3931]
[:key_up_raw, 107, 0, 2, 1387, 3938]
[:scancode_up_raw, 14, 0, 2, 1388, 3938]
[:key_down_raw, 117, 0, 2, 1389, 4043]
[:scancode_down_raw, 24, 0, 2, 1390, 4043]
[:textinput, "u", 0, 1, 1391, 4043]
[:key_up_raw, 117, 0, 2, 1392, 4048]
[:scancode_up_raw, 24, 0, 2, 1393, 4048]
[:key_down_raw, 117, 0, 2, 1394, 4104]
[:scancode_down_raw, 24, 0, 2, 1395, 4104]
[:textinput, "u", 0, 1, 1396, 4104]
[:key_up_raw, 117, 0, 2, 1397, 4109]
[:scancode_up_raw, 24, 0, 2, 1398, 4109]
[:key_down_raw, 117, 0, 2, 1399, 4168]
[:scancode_down_raw, 24, 0, 2, 1400, 4168]
[:textinput, "u", 0, 1, 1401, 4168]
[:key_up_raw, 117, 0, 2, 1402, 4175]
[:scancode_up_raw, 24, 0, 2, 1403, 4175]
[:key_down_raw, 32, 0, 2, 1404, 4264]
[:scancode_down_raw, 44, 0, 2, 1405, 4264]
[:textinput, " ", 0, 1, 1406, 4264]
[:key_up_raw, 32, 0, 2, 1407, 4268]
[:scancode_up_raw, 44, 0, 2, 1408, 4268]
[:key_down_raw, 106, 0, 2, 1409, 5094]
[:scancode_down_raw, 13, 0, 2, 1410, 5094]
[:textinput, "j", 0, 1, 1411, 5094]
[:key_up_raw, 106, 0, 2, 1412, 5099]
[:scancode_up_raw, 13, 0, 2, 1413, 5099]
[:key_down_raw, 106, 0, 2, 1414, 5159]
[:scancode_down_raw, 13, 0, 2, 1415, 5159]
[:textinput, "j", 0, 1, 1416, 5159]
[:key_up_raw, 106, 0, 2, 1417, 5166]
[:scancode_up_raw, 13, 0, 2, 1418, 5166]
[:scancode_down_raw, 53, 0, 2, 1419, 5244]
[:textinput, "`", 0, 1, 1420, 5244]
