replay_version 2.0
stopped_at 697
seed 100
recorded_at 2021-11-20 11:36:12 -0600
[:mouse_button_up, 1, 0, 1, 1, 4]
[:mouse_move, 793, 90, 2, 2, 24]
[:mouse_move, 799, 95, 2, 3, 25]
[:mouse_move, 809, 104, 2, 4, 26]
[:mouse_move, 818, 111, 2, 5, 27]
[:mouse_move, 832, 118, 2, 6, 28]
[:mouse_move, 843, 123, 2, 7, 29]
[:mouse_move, 849, 126, 2, 8, 30]
[:key_down_raw, 1073741903, 0, 2, 9, 89]
[:key_up_raw, 1073741903, 0, 2, 10, 94]
[:key_down_raw, 1073741903, 0, 2, 11, 98]
[:key_up_raw, 1073741903, 0, 2, 12, 105]
[:key_down_raw, 1073741903, 0, 2, 13, 108]
[:key_down_raw, 1073741906, 0, 2, 14, 116]
[:key_up_raw, 1073741903, 0, 2, 15, 117]
[:key_up_raw, 1073741906, 0, 2, 16, 121]
[:key_down_raw, 1073741906, 0, 2, 17, 126]
[:key_up_raw, 1073741906, 0, 2, 18, 128]
[:key_down_raw, 1073741906, 0, 2, 19, 135]
[:key_up_raw, 1073741906, 0, 2, 20, 138]
[:key_down_raw, 1073741906, 0, 2, 21, 143]
[:key_up_raw, 1073741906, 0, 2, 22, 147]
[:key_down_raw, 1073741906, 0, 2, 23, 152]
[:key_up_raw, 1073741906, 0, 2, 24, 156]
[:key_down_raw, 1073741906, 0, 2, 25, 162]
[:key_up_raw, 1073741906, 0, 2, 26, 167]
[:key_down_raw, 1073741903, 0, 2, 27, 171]
[:key_up_raw, 1073741903, 0, 2, 28, 177]
[:key_down_raw, 1073741903, 0, 2, 29, 181]
[:key_up_raw, 1073741903, 0, 2, 30, 187]
[:key_down_raw, 1073741903, 0, 2, 31, 190]
[:key_up_raw, 1073741903, 0, 2, 32, 197]
[:key_down_raw, 1073741903, 0, 2, 33, 200]
[:key_up_raw, 1073741903, 0, 2, 34, 212]
[:key_down_raw, 1073741906, 0, 2, 35, 214]
[:key_up_raw, 1073741906, 0, 2, 36, 218]
[:key_down_raw, 1073741906, 0, 2, 37, 224]
[:key_up_raw, 1073741906, 0, 2, 38, 227]
[:key_down_raw, 1073741906, 0, 2, 39, 233]
[:key_up_raw, 1073741906, 0, 2, 40, 238]
[:key_down_raw, 1073741906, 0, 2, 41, 243]
[:key_up_raw, 1073741906, 0, 2, 42, 247]
[:key_down_raw, 1073741903, 0, 2, 43, 252]
[:key_up_raw, 1073741903, 0, 2, 44, 259]
[:key_down_raw, 1073741903, 0, 2, 45, 264]
[:key_up_raw, 1073741903, 0, 2, 46, 269]
[:key_down_raw, 1073741903, 0, 2, 47, 274]
[:key_up_raw, 1073741903, 0, 2, 48, 279]
[:key_down_raw, 1073741903, 0, 2, 49, 283]
[:key_up_raw, 1073741903, 0, 2, 50, 289]
[:key_down_raw, 1073741903, 0, 2, 51, 294]
[:key_up_raw, 1073741903, 0, 2, 52, 300]
[:key_down_raw, 1073741905, 0, 2, 53, 308]
[:key_up_raw, 1073741905, 0, 2, 54, 313]
[:key_down_raw, 1073741903, 0, 2, 55, 323]
[:key_up_raw, 1073741903, 0, 2, 56, 333]
[:key_down_raw, 1073741906, 0, 2, 57, 360]
[:key_up_raw, 1073741906, 0, 2, 58, 364]
[:key_down_raw, 1073741906, 0, 2, 59, 369]
[:key_up_raw, 1073741906, 0, 2, 60, 374]
[:key_down_raw, 1073741906, 0, 2, 61, 379]
[:key_up_raw, 1073741906, 0, 2, 62, 383]
[:mouse_move, 868, 122, 2, 63, 418]
[:mouse_move, 879, 121, 2, 64, 419]
[:mouse_move, 882, 120, 2, 65, 420]
[:mouse_move, 876, 120, 2, 66, 426]
[:mouse_move, 853, 119, 2, 67, 427]
[:mouse_move, 830, 117, 2, 68, 428]
[:mouse_move, 799, 112, 2, 69, 429]
[:mouse_move, 750, 105, 2, 70, 430]
[:mouse_move, 659, 100, 2, 71, 431]
[:mouse_move, 544, 100, 2, 72, 432]
[:mouse_move, 447, 100, 2, 73, 433]
[:mouse_move, 383, 100, 2, 74, 434]
[:mouse_move, 336, 100, 2, 75, 435]
[:mouse_move, 290, 100, 2, 76, 436]
[:mouse_move, 251, 100, 2, 77, 437]
[:mouse_move, 205, 100, 2, 78, 438]
[:mouse_move, 181, 100, 2, 79, 439]
[:mouse_move, 159, 102, 2, 80, 440]
[:mouse_move, 137, 106, 2, 81, 441]
[:mouse_move, 124, 111, 2, 82, 442]
[:mouse_move, 120, 113, 2, 83, 443]
[:mouse_move, 134, 117, 2, 84, 446]
[:mouse_move, 167, 127, 2, 85, 447]
[:mouse_move, 208, 137, 2, 86, 448]
[:mouse_move, 255, 142, 2, 87, 449]
[:mouse_move, 356, 155, 2, 88, 450]
[:mouse_move, 439, 159, 2, 89, 451]
[:mouse_move, 522, 159, 2, 90, 452]
[:mouse_move, 576, 151, 2, 91, 453]
[:mouse_move, 606, 139, 2, 92, 454]
[:mouse_move, 622, 128, 2, 93, 455]
[:mouse_move, 630, 120, 2, 94, 456]
[:mouse_move, 630, 117, 2, 95, 457]
[:mouse_move, 620, 104, 2, 96, 458]
[:mouse_move, 592, 85, 2, 97, 459]
[:mouse_move, 544, 64, 2, 98, 460]
[:mouse_move, 465, 35, 2, 99, 461]
[:mouse_move, 377, 15, 2, 100, 462]
[:mouse_move, 209, 0, 2, 101, 463]
[:mouse_move, 10, 66, 2, 102, 473]
[:mouse_move, 39, 76, 2, 103, 474]
[:mouse_move, 66, 80, 2, 104, 475]
[:mouse_move, 96, 81, 2, 105, 476]
[:mouse_move, 125, 81, 2, 106, 477]
[:mouse_move, 149, 80, 2, 107, 478]
[:mouse_move, 173, 76, 2, 108, 479]
[:mouse_move, 192, 74, 2, 109, 480]
[:mouse_move, 209, 71, 2, 110, 481]
[:mouse_move, 213, 71, 2, 111, 482]
[:mouse_move, 212, 72, 2, 112, 486]
[:mouse_move, 212, 75, 2, 113, 487]
[:mouse_move, 217, 79, 2, 114, 488]
[:mouse_move, 218, 80, 2, 115, 489]
[:key_down_raw, 1073741905, 0, 2, 116, 517]
[:key_up_raw, 1073741905, 0, 2, 117, 522]
[:key_down_raw, 1073741905, 0, 2, 118, 526]
[:key_up_raw, 1073741905, 0, 2, 119, 530]
[:key_down_raw, 1073741905, 0, 2, 120, 535]
[:key_up_raw, 1073741905, 0, 2, 121, 539]
[:key_down_raw, 1073741905, 0, 2, 122, 544]
[:key_up_raw, 1073741905, 0, 2, 123, 549]
[:mouse_move, 217, 80, 2, 124, 582]
[:mouse_move, 214, 80, 2, 125, 583]
[:mouse_move, 205, 80, 2, 126, 584]
[:mouse_move, 190, 80, 2, 127, 585]
[:mouse_move, 168, 80, 2, 128, 586]
[:mouse_move, 145, 80, 2, 129, 587]
[:mouse_move, 123, 80, 2, 130, 588]
[:mouse_move, 95, 80, 2, 131, 589]
[:mouse_move, 64, 80, 2, 132, 590]
[:mouse_move, 43, 82, 2, 133, 591]
[:mouse_move, 29, 82, 2, 134, 592]
[:mouse_move, 22, 83, 2, 135, 593]
[:mouse_move, 19, 83, 2, 136, 594]
[:mouse_move, 19, 85, 2, 137, 596]
[:mouse_move, 22, 98, 2, 138, 597]
[:mouse_move, 35, 116, 2, 139, 598]
[:mouse_move, 55, 135, 2, 140, 599]
[:mouse_move, 79, 147, 2, 141, 600]
[:mouse_move, 106, 152, 2, 142, 601]
[:mouse_move, 140, 153, 2, 143, 602]
[:mouse_move, 182, 151, 2, 144, 603]
[:mouse_move, 220, 141, 2, 145, 604]
[:mouse_move, 247, 127, 2, 146, 605]
[:mouse_move, 272, 103, 2, 147, 606]
[:mouse_move, 274, 90, 2, 148, 607]
[:mouse_move, 271, 77, 2, 149, 608]
[:mouse_move, 254, 64, 2, 150, 609]
[:mouse_move, 222, 50, 2, 151, 610]
[:mouse_move, 181, 37, 2, 152, 611]
[:mouse_move, 141, 32, 2, 153, 612]
[:mouse_move, 102, 30, 2, 154, 613]
[:mouse_move, 69, 30, 2, 155, 614]
[:mouse_move, 40, 34, 2, 156, 615]
[:mouse_move, 20, 43, 2, 157, 616]
[:mouse_move, 5, 54, 2, 158, 617]
[:mouse_move, 0, 77, 2, 159, 618]
[:mouse_move, 6, 99, 2, 160, 619]
[:mouse_move, 25, 120, 2, 161, 620]
[:mouse_move, 51, 134, 2, 162, 621]
[:mouse_move, 83, 139, 2, 163, 622]
[:mouse_move, 119, 142, 2, 164, 623]
[:mouse_move, 156, 142, 2, 165, 624]
[:mouse_move, 189, 142, 2, 166, 625]
[:mouse_move, 209, 138, 2, 167, 626]
[:mouse_move, 222, 132, 2, 168, 627]
[:mouse_move, 227, 126, 2, 169, 628]
[:mouse_move, 229, 120, 2, 170, 629]
[:mouse_move, 231, 113, 2, 171, 630]
[:mouse_move, 232, 113, 2, 172, 631]
[:mouse_move, 235, 113, 2, 173, 651]
[:mouse_move, 236, 113, 2, 174, 652]
[:mouse_move, 237, 113, 2, 175, 653]
[:mouse_move, 242, 113, 2, 176, 654]
[:mouse_move, 252, 115, 2, 177, 655]
[:mouse_move, 277, 116, 2, 178, 656]
[:key_down_raw, 96, 0, 2, 179, 656]
[:mouse_move, 316, 116, 2, 180, 657]
[:mouse_move, 372, 116, 2, 181, 658]
[:mouse_move, 445, 117, 2, 182, 659]
[:mouse_move, 513, 123, 2, 183, 660]
[:key_up_raw, 96, 0, 2, 184, 661]
[:mouse_move, 572, 131, 2, 185, 661]
[:mouse_move, 622, 135, 2, 186, 662]
[:mouse_move, 669, 135, 2, 187, 663]
[:mouse_move, 704, 135, 2, 188, 664]
[:mouse_move, 724, 135, 2, 189, 665]
[:mouse_move, 728, 135, 2, 190, 666]
[:mouse_move, 727, 135, 2, 191, 670]
[:key_down_raw, 13, 0, 2, 192, 697]
