replay_version 2.0
stopped_at 1075
seed 100
recorded_at 2023-07-15 13:06:20 -0500
[:mouse_button_up, 1, 0, 1, 1, 2]
[:mouse_move, 884, 138, 2, 2, 2]
[:mouse_move, 884, 139, 2, 3, 18]
[:mouse_move, 883, 142, 2, 4, 19]
[:mouse_move, 880, 150, 2, 5, 20]
[:mouse_move, 878, 158, 2, 6, 21]
[:mouse_move, 873, 174, 2, 7, 22]
[:mouse_move, 870, 184, 2, 8, 23]
[:mouse_move, 858, 215, 2, 9, 24]
[:mouse_move, 851, 227, 2, 10, 25]
[:mouse_move, 830, 258, 2, 11, 26]
[:mouse_move, 804, 293, 2, 12, 27]
[:mouse_move, 789, 312, 2, 13, 28]
[:mouse_move, 775, 328, 2, 14, 29]
[:mouse_move, 746, 354, 2, 15, 30]
[:mouse_move, 735, 363, 2, 16, 31]
[:mouse_move, 724, 371, 2, 17, 32]
[:mouse_move, 690, 388, 2, 18, 33]
[:mouse_move, 672, 395, 2, 19, 34]
[:mouse_move, 660, 399, 2, 20, 35]
[:mouse_move, 648, 403, 2, 21, 36]
[:mouse_move, 644, 404, 2, 22, 37]
[:mouse_move, 641, 405, 2, 23, 38]
[:mouse_move, 635, 406, 2, 24, 39]
[:mouse_move, 633, 407, 2, 25, 40]
[:mouse_move, 632, 407, 2, 26, 42]
[:mouse_move, 632, 408, 2, 27, 53]
[:mouse_move, 631, 408, 2, 28, 54]
[:mouse_move, 626, 412, 2, 29, 55]
[:mouse_move, 624, 414, 2, 30, 56]
[:mouse_move, 622, 418, 2, 31, 57]
[:mouse_move, 617, 423, 2, 32, 58]
[:mouse_move, 614, 427, 2, 33, 59]
[:mouse_move, 613, 428, 2, 34, 60]
[:mouse_move, 612, 430, 2, 35, 61]
[:mouse_move, 612, 431, 2, 36, 63]
[:mouse_move, 612, 427, 2, 37, 65]
[:mouse_move, 614, 425, 2, 38, 66]
[:mouse_move, 614, 423, 2, 39, 67]
[:mouse_move, 615, 420, 2, 40, 68]
[:mouse_move, 616, 418, 2, 41, 69]
[:mouse_move, 616, 417, 2, 42, 70]
[:mouse_move, 616, 416, 2, 43, 72]
[:key_down_raw, 105, 0, 2, 44, 148]
[:key_up_raw, 105, 0, 2, 45, 151]
[:key_down_raw, 105, 0, 2, 46, 157]
[:key_up_raw, 105, 0, 2, 47, 160]
[:key_down_raw, 105, 0, 2, 48, 165]
[:key_up_raw, 105, 0, 2, 49, 170]
[:key_down_raw, 105, 0, 2, 50, 191]
[:key_up_raw, 105, 0, 2, 51, 194]
[:key_down_raw, 105, 0, 2, 52, 198]
[:key_up_raw, 105, 0, 2, 53, 202]
[:key_down_raw, 105, 0, 2, 54, 206]
[:key_up_raw, 105, 0, 2, 55, 210]
[:mouse_move, 611, 415, 2, 56, 253]
[:mouse_move, 601, 409, 2, 57, 254]
[:mouse_move, 573, 399, 2, 58, 255]
[:mouse_move, 551, 390, 2, 59, 256]
[:mouse_move, 528, 379, 2, 60, 257]
[:mouse_move, 518, 373, 2, 61, 258]
[:mouse_move, 500, 360, 2, 62, 259]
[:mouse_move, 493, 354, 2, 63, 260]
[:mouse_move, 481, 341, 2, 64, 261]
[:mouse_move, 477, 335, 2, 65, 262]
[:mouse_move, 472, 328, 2, 66, 263]
[:mouse_move, 469, 324, 2, 67, 264]
[:mouse_move, 465, 318, 2, 68, 265]
[:mouse_move, 462, 314, 2, 69, 266]
[:mouse_move, 459, 309, 2, 70, 267]
[:mouse_move, 458, 307, 2, 71, 268]
[:mouse_move, 456, 303, 2, 72, 269]
[:mouse_move, 455, 300, 2, 73, 270]
[:mouse_move, 453, 297, 2, 74, 271]
[:mouse_move, 451, 294, 2, 75, 272]
[:mouse_move, 446, 289, 2, 76, 273]
[:mouse_move, 442, 287, 2, 77, 274]
[:mouse_move, 439, 284, 2, 78, 275]
[:mouse_move, 432, 280, 2, 79, 276]
[:mouse_move, 429, 278, 2, 80, 277]
[:mouse_move, 423, 275, 2, 81, 278]
[:mouse_move, 421, 273, 2, 82, 279]
[:mouse_move, 417, 270, 2, 83, 280]
[:mouse_move, 415, 269, 2, 84, 281]
[:mouse_move, 411, 266, 2, 85, 282]
[:mouse_move, 410, 265, 2, 86, 283]
[:mouse_move, 408, 263, 2, 87, 284]
[:mouse_move, 407, 263, 2, 88, 285]
[:mouse_move, 406, 262, 2, 89, 286]
[:mouse_move, 406, 261, 2, 90, 288]
[:mouse_move, 406, 259, 2, 91, 292]
[:mouse_move, 406, 258, 2, 92, 293]
[:mouse_move, 405, 258, 2, 93, 294]
[:mouse_move, 404, 255, 2, 94, 295]
[:mouse_move, 402, 254, 2, 95, 296]
[:mouse_move, 402, 253, 2, 96, 297]
[:mouse_move, 401, 253, 2, 97, 298]
[:mouse_move, 401, 252, 2, 98, 299]
[:mouse_move, 400, 251, 2, 99, 303]
[:mouse_move, 400, 250, 2, 100, 305]
[:mouse_button_pressed, 1, 0, 1, 101, 311]
[:mouse_button_up, 1, 0, 1, 102, 318]
[:mouse_move, 406, 250, 2, 103, 328]
[:mouse_move, 437, 264, 2, 104, 329]
[:mouse_move, 462, 275, 2, 105, 330]
[:mouse_move, 491, 289, 2, 106, 331]
[:mouse_move, 560, 323, 2, 107, 332]
[:mouse_move, 574, 330, 2, 108, 333]
[:mouse_move, 642, 361, 2, 109, 334]
[:mouse_move, 664, 371, 2, 110, 335]
[:mouse_move, 713, 389, 2, 111, 336]
[:mouse_move, 734, 395, 2, 112, 337]
[:mouse_move, 770, 404, 2, 113, 338]
[:mouse_move, 778, 405, 2, 114, 339]
[:mouse_move, 808, 408, 2, 115, 340]
[:mouse_move, 819, 409, 2, 116, 341]
[:mouse_move, 842, 409, 2, 117, 342]
[:mouse_move, 850, 409, 2, 118, 343]
[:mouse_move, 861, 409, 2, 119, 344]
[:mouse_move, 866, 409, 2, 120, 345]
[:mouse_move, 872, 410, 2, 121, 346]
[:mouse_move, 875, 411, 2, 122, 347]
[:mouse_move, 876, 412, 2, 123, 348]
[:mouse_move, 877, 412, 2, 124, 349]
[:mouse_move, 880, 413, 2, 125, 350]
[:mouse_move, 881, 413, 2, 126, 351]
[:mouse_move, 887, 416, 2, 127, 352]
[:mouse_move, 890, 419, 2, 128, 353]
[:mouse_move, 894, 423, 2, 129, 354]
[:mouse_move, 895, 424, 2, 130, 355]
[:mouse_move, 897, 426, 2, 131, 356]
[:mouse_move, 903, 436, 2, 132, 357]
[:mouse_move, 908, 442, 2, 133, 358]
[:mouse_move, 917, 454, 2, 134, 359]
[:mouse_move, 924, 461, 2, 135, 360]
[:mouse_move, 932, 469, 2, 136, 361]
[:mouse_move, 940, 476, 2, 137, 363]
[:mouse_move, 941, 477, 2, 138, 364]
[:mouse_move, 944, 478, 2, 139, 365]
[:mouse_move, 945, 478, 2, 140, 367]
[:mouse_move, 945, 479, 2, 141, 371]
[:mouse_move, 946, 479, 2, 142, 376]
[:mouse_button_pressed, 1, 0, 1, 143, 382]
[:mouse_button_up, 1, 0, 1, 144, 389]
[:mouse_move, 944, 479, 2, 145, 395]
[:mouse_move, 921, 484, 2, 146, 396]
[:mouse_move, 903, 494, 2, 147, 397]
[:mouse_move, 839, 526, 2, 148, 398]
[:mouse_move, 793, 548, 2, 149, 399]
[:mouse_move, 688, 595, 2, 150, 400]
[:mouse_move, 635, 615, 2, 151, 401]
[:mouse_move, 536, 643, 2, 152, 402]
[:mouse_move, 488, 651, 2, 153, 403]
[:mouse_move, 387, 656, 2, 154, 404]
[:mouse_move, 367, 657, 2, 155, 405]
[:mouse_move, 315, 661, 2, 156, 406]
[:mouse_move, 290, 663, 2, 157, 407]
[:mouse_move, 269, 664, 2, 158, 408]
[:mouse_move, 240, 666, 2, 159, 409]
[:mouse_move, 231, 667, 2, 160, 410]
[:mouse_move, 223, 668, 2, 161, 411]
[:mouse_move, 220, 668, 2, 162, 412]
[:mouse_move, 217, 668, 2, 163, 413]
[:mouse_move, 217, 669, 2, 164, 415]
[:mouse_move, 216, 670, 2, 165, 417]
[:mouse_move, 215, 672, 2, 166, 418]
[:mouse_move, 211, 675, 2, 167, 419]
[:mouse_move, 208, 677, 2, 168, 420]
[:mouse_move, 202, 679, 2, 169, 421]
[:mouse_move, 200, 679, 2, 170, 422]
[:mouse_move, 197, 680, 2, 171, 423]
[:mouse_move, 196, 680, 2, 172, 424]
[:mouse_move, 196, 679, 2, 173, 425]
[:mouse_move, 196, 678, 2, 174, 426]
[:mouse_move, 196, 676, 2, 175, 427]
[:mouse_move, 196, 675, 2, 176, 428]
[:mouse_move, 197, 674, 2, 177, 429]
[:mouse_move, 197, 673, 2, 178, 430]
[:mouse_move, 197, 672, 2, 179, 431]
[:mouse_move, 198, 672, 2, 180, 433]
[:mouse_move, 198, 671, 2, 181, 435]
[:mouse_move, 198, 670, 2, 182, 440]
[:mouse_button_pressed, 1, 0, 1, 183, 443]
[:mouse_button_up, 1, 0, 1, 184, 447]
[:key_down_raw, 111, 0, 2, 185, 496]
[:key_up_raw, 111, 0, 2, 186, 500]
[:key_down_raw, 111, 0, 2, 187, 504]
[:key_up_raw, 111, 0, 2, 188, 509]
[:key_down_raw, 111, 0, 2, 189, 513]
[:key_up_raw, 111, 0, 2, 190, 516]
[:key_down_raw, 111, 0, 2, 191, 522]
[:key_up_raw, 111, 0, 2, 192, 525]
[:key_down_raw, 111, 0, 2, 193, 530]
[:key_up_raw, 111, 0, 2, 194, 533]
[:key_down_raw, 111, 0, 2, 195, 537]
[:key_up_raw, 111, 0, 2, 196, 541]
[:key_down_raw, 111, 0, 2, 197, 546]
[:key_up_raw, 111, 0, 2, 198, 549]
[:key_down_raw, 111, 0, 2, 199, 554]
[:key_up_raw, 111, 0, 2, 200, 558]
[:key_down_raw, 111, 0, 2, 201, 562]
[:key_up_raw, 111, 0, 2, 202, 566]
[:key_down_raw, 111, 0, 2, 203, 571]
[:key_up_raw, 111, 0, 2, 204, 574]
[:key_down_raw, 111, 0, 2, 205, 579]
[:key_up_raw, 111, 0, 2, 206, 584]
[:key_down_raw, 1073741903, 0, 2, 207, 597]
[:key_down_raw, 1073741903, 0, 2, 208, 612]
[:key_down_raw, 1073741903, 0, 2, 209, 614]
[:key_down_raw, 1073741903, 0, 2, 210, 616]
[:key_down_raw, 1073741903, 0, 2, 211, 618]
[:key_down_raw, 1073741903, 0, 2, 212, 620]
[:key_down_raw, 1073741903, 0, 2, 213, 622]
[:key_down_raw, 1073741903, 0, 2, 214, 624]
[:key_down_raw, 1073741903, 0, 2, 215, 626]
[:key_down_raw, 1073741903, 0, 2, 216, 628]
[:key_down_raw, 1073741903, 0, 2, 217, 630]
[:key_down_raw, 1073741903, 0, 2, 218, 632]
[:key_down_raw, 1073741903, 0, 2, 219, 634]
[:key_down_raw, 1073741903, 0, 2, 220, 636]
[:key_down_raw, 1073741903, 0, 2, 221, 638]
[:key_down_raw, 1073741903, 0, 2, 222, 640]
[:key_down_raw, 1073741903, 0, 2, 223, 642]
[:key_down_raw, 1073741903, 0, 2, 224, 644]
[:key_down_raw, 1073741903, 0, 2, 225, 646]
[:key_down_raw, 1073741903, 0, 2, 226, 648]
[:key_down_raw, 1073741903, 0, 2, 227, 650]
[:key_down_raw, 1073741903, 0, 2, 228, 652]
[:key_down_raw, 1073741903, 0, 2, 229, 654]
[:key_down_raw, 1073741903, 0, 2, 230, 656]
[:key_down_raw, 1073741903, 0, 2, 231, 658]
[:key_down_raw, 1073741903, 0, 2, 232, 660]
[:key_down_raw, 1073741903, 0, 2, 233, 662]
[:key_down_raw, 1073741903, 0, 2, 234, 664]
[:key_down_raw, 1073741903, 0, 2, 235, 666]
[:key_down_raw, 1073741903, 0, 2, 236, 668]
[:key_down_raw, 1073741903, 0, 2, 237, 670]
[:key_down_raw, 1073741903, 0, 2, 238, 672]
[:key_down_raw, 1073741903, 0, 2, 239, 674]
[:key_down_raw, 1073741903, 0, 2, 240, 676]
[:key_down_raw, 1073741903, 0, 2, 241, 678]
[:key_down_raw, 1073741903, 0, 2, 242, 680]
[:key_down_raw, 1073741903, 0, 2, 243, 682]
[:key_down_raw, 1073741903, 0, 2, 244, 684]
[:key_down_raw, 1073741903, 0, 2, 245, 686]
[:key_down_raw, 1073741903, 0, 2, 246, 688]
[:key_down_raw, 1073741903, 0, 2, 247, 690]
[:key_down_raw, 1073741903, 0, 2, 248, 692]
[:key_down_raw, 1073741903, 0, 2, 249, 694]
[:key_down_raw, 1073741903, 0, 2, 250, 696]
[:key_down_raw, 1073741903, 0, 2, 251, 698]
[:key_down_raw, 1073741903, 0, 2, 252, 700]
[:key_down_raw, 1073741903, 0, 2, 253, 702]
[:key_down_raw, 1073741903, 0, 2, 254, 704]
[:key_down_raw, 1073741903, 0, 2, 255, 706]
[:key_down_raw, 1073741903, 0, 2, 256, 708]
[:key_down_raw, 1073741903, 0, 2, 257, 710]
[:key_down_raw, 1073741903, 0, 2, 258, 712]
[:key_down_raw, 1073741903, 0, 2, 259, 714]
[:key_down_raw, 1073741903, 0, 2, 260, 716]
[:key_down_raw, 1073741903, 0, 2, 261, 718]
[:key_down_raw, 1073741903, 0, 2, 262, 720]
[:key_down_raw, 1073741903, 0, 2, 263, 722]
[:key_down_raw, 1073741903, 0, 2, 264, 724]
[:key_down_raw, 1073741903, 0, 2, 265, 726]
[:key_down_raw, 1073741903, 0, 2, 266, 728]
[:key_down_raw, 1073741903, 0, 2, 267, 730]
[:key_down_raw, 1073741903, 0, 2, 268, 732]
[:key_down_raw, 1073741903, 0, 2, 269, 734]
[:key_down_raw, 1073741903, 0, 2, 270, 736]
[:key_down_raw, 1073741903, 0, 2, 271, 738]
[:key_down_raw, 1073741903, 0, 2, 272, 740]
[:key_down_raw, 1073741903, 0, 2, 273, 742]
[:key_down_raw, 1073741903, 0, 2, 274, 744]
[:key_down_raw, 1073741903, 0, 2, 275, 746]
[:key_down_raw, 1073741903, 0, 2, 276, 748]
[:key_down_raw, 1073741903, 0, 2, 277, 750]
[:key_up_raw, 1073741903, 0, 2, 278, 751]
[:key_down_raw, 105, 0, 2, 279, 757]
[:key_up_raw, 105, 0, 2, 280, 761]
[:key_down_raw, 105, 0, 2, 281, 767]
[:key_up_raw, 105, 0, 2, 282, 770]
[:key_down_raw, 105, 0, 2, 283, 775]
[:key_up_raw, 105, 0, 2, 284, 778]
[:key_down_raw, 105, 0, 2, 285, 783]
[:key_up_raw, 105, 0, 2, 286, 787]
[:key_down_raw, 105, 0, 2, 287, 791]
[:key_up_raw, 105, 0, 2, 288, 795]
[:key_down_raw, 105, 0, 2, 289, 798]
[:key_up_raw, 105, 0, 2, 290, 803]
[:key_down_raw, 105, 0, 2, 291, 807]
[:key_up_raw, 105, 0, 2, 292, 811]
[:key_down_raw, 105, 0, 2, 293, 814]
[:key_up_raw, 105, 0, 2, 294, 818]
[:key_down_raw, 105, 0, 2, 295, 822]
[:key_up_raw, 105, 0, 2, 296, 826]
[:key_down_raw, 105, 0, 2, 297, 830]
[:key_up_raw, 105, 0, 2, 298, 833]
[:key_down_raw, 105, 0, 2, 299, 838]
[:key_up_raw, 105, 0, 2, 300, 841]
[:key_down_raw, 105, 0, 2, 301, 845]
[:key_up_raw, 105, 0, 2, 302, 850]
[:key_down_raw, 105, 0, 2, 303, 854]
[:key_up_raw, 105, 0, 2, 304, 859]
[:mouse_move, 198, 668, 2, 305, 892]
[:mouse_move, 201, 657, 2, 306, 893]
[:mouse_move, 216, 628, 2, 307, 894]
[:mouse_move, 229, 608, 2, 308, 895]
[:mouse_move, 246, 584, 2, 309, 896]
[:mouse_move, 315, 490, 2, 310, 897]
[:mouse_move, 337, 464, 2, 311, 898]
[:mouse_move, 401, 391, 2, 312, 899]
[:mouse_move, 437, 354, 2, 313, 900]
[:mouse_move, 470, 327, 2, 314, 901]
[:mouse_move, 509, 295, 2, 315, 902]
[:mouse_move, 529, 283, 2, 316, 903]
[:mouse_move, 534, 280, 2, 317, 904]
[:mouse_move, 547, 272, 2, 318, 905]
[:mouse_move, 551, 270, 2, 319, 906]
[:mouse_move, 555, 268, 2, 320, 907]
[:mouse_move, 558, 267, 2, 321, 908]
[:mouse_move, 562, 267, 2, 322, 909]
[:mouse_move, 564, 267, 2, 323, 910]
[:mouse_move, 566, 268, 2, 324, 911]
[:mouse_move, 568, 269, 2, 325, 912]
[:mouse_move, 571, 282, 2, 326, 913]
[:mouse_move, 573, 291, 2, 327, 914]
[:mouse_move, 579, 317, 2, 328, 915]
[:mouse_move, 582, 324, 2, 329, 916]
[:mouse_move, 595, 350, 2, 330, 917]
[:mouse_move, 597, 354, 2, 331, 918]
[:mouse_move, 603, 364, 2, 332, 919]
[:mouse_move, 606, 372, 2, 333, 920]
[:mouse_move, 606, 378, 2, 334, 921]
[:mouse_move, 606, 382, 2, 335, 922]
[:mouse_move, 605, 388, 2, 336, 923]
[:mouse_move, 604, 392, 2, 337, 924]
[:mouse_move, 603, 394, 2, 338, 925]
[:mouse_move, 602, 398, 2, 339, 926]
[:mouse_move, 602, 400, 2, 340, 927]
[:mouse_move, 602, 401, 2, 341, 928]
[:mouse_move, 602, 402, 2, 342, 929]
[:mouse_move, 602, 403, 2, 343, 930]
[:mouse_move, 601, 403, 2, 344, 931]
[:mouse_move, 600, 403, 2, 345, 934]
[:mouse_move, 599, 403, 2, 346, 935]
[:mouse_move, 598, 404, 2, 347, 936]
[:mouse_move, 596, 404, 2, 348, 937]
[:mouse_move, 594, 407, 2, 349, 938]
[:mouse_move, 591, 409, 2, 350, 939]
[:mouse_move, 587, 413, 2, 351, 940]
[:mouse_move, 585, 415, 2, 352, 941]
[:mouse_move, 581, 418, 2, 353, 942]
[:mouse_move, 578, 420, 2, 354, 944]
[:mouse_move, 576, 420, 2, 355, 945]
[:mouse_move, 575, 421, 2, 356, 946]
[:mouse_move, 574, 421, 2, 357, 947]
[:mouse_move, 573, 422, 2, 358, 948]
[:mouse_move, 572, 422, 2, 359, 949]
[:mouse_move, 571, 422, 2, 360, 952]
[:mouse_move, 571, 423, 2, 361, 957]
[:mouse_button_pressed, 1, 0, 1, 362, 959]
[:mouse_button_up, 1, 0, 1, 363, 965]
[:mouse_move, 572, 427, 2, 364, 973]
[:mouse_move, 573, 430, 2, 365, 974]
[:mouse_move, 574, 435, 2, 366, 975]
[:mouse_move, 575, 439, 2, 367, 977]
[:mouse_move, 575, 441, 2, 368, 978]
[:mouse_move, 575, 442, 2, 369, 979]
[:mouse_move, 576, 442, 2, 370, 980]
[:mouse_move, 576, 443, 2, 371, 981]
[:mouse_move, 576, 444, 2, 372, 982]
[:mouse_move, 576, 445, 2, 373, 983]
[:mouse_move, 576, 446, 2, 374, 985]
[:mouse_move, 576, 447, 2, 375, 986]
[:mouse_move, 576, 448, 2, 376, 988]
[:mouse_move, 576, 449, 2, 377, 990]
[:mouse_move, 576, 450, 2, 378, 992]
[:mouse_move, 576, 451, 2, 379, 994]
[:mouse_move, 576, 452, 2, 380, 997]
[:mouse_button_pressed, 1, 0, 1, 381, 1000]
[:mouse_move, 577, 452, 2, 382, 1000]
[:mouse_button_up, 1, 0, 1, 383, 1008]
[:mouse_move, 581, 453, 2, 384, 1015]
[:mouse_move, 585, 457, 2, 385, 1016]
[:mouse_move, 594, 465, 2, 386, 1017]
[:mouse_move, 598, 469, 2, 387, 1018]
[:mouse_move, 606, 479, 2, 388, 1019]
[:mouse_move, 607, 480, 2, 389, 1020]
[:mouse_move, 612, 486, 2, 390, 1021]
[:mouse_move, 614, 488, 2, 391, 1022]
[:key_down_raw, 96, 0, 2, 392, 1023]
[:key_up_raw, 96, 0, 2, 393, 1027]
[:key_down_raw, 13, 0, 2, 394, 1075]
