replay_version 2.1
stopped_at 659
seed 100
recorded_at 2024-12-21 15:56:26 -0600
[:mouse_button_up, 1, 0, 1, 1, 4]
[:mouse_move, 889, 133, 2, 2, 18]
[:mouse_move, 879, 134, 2, 3, 19]
[:mouse_move, 865, 137, 2, 4, 20]
[:mouse_move, 849, 141, 2, 5, 21]
[:mouse_move, 826, 145, 2, 6, 22]
[:mouse_move, 764, 158, 2, 7, 24]
[:mouse_move, 711, 169, 2, 8, 25]
[:mouse_move, 632, 191, 2, 9, 27]
[:mouse_move, 583, 207, 2, 10, 28]
[:mouse_move, 558, 215, 2, 11, 29]
[:mouse_move, 523, 229, 2, 12, 31]
[:mouse_move, 489, 241, 2, 13, 32]
[:mouse_move, 478, 245, 2, 14, 34]
[:mouse_button_pressed, 1, 0, 1, 15, 62]
[:mouse_move, 477, 245, 2, 16, 63]
[:mouse_button_up, 1, 0, 1, 17, 67]
[:mouse_button_pressed, 1, 0, 1, 18, 86]
[:mouse_move, 476, 245, 2, 19, 88]
[:mouse_move, 475, 245, 2, 20, 89]
[:mouse_move, 473, 246, 2, 21, 90]
[:mouse_move, 465, 247, 2, 22, 91]
[:mouse_move, 457, 247, 2, 23, 92]
[:mouse_move, 441, 249, 2, 24, 93]
[:mouse_move, 421, 254, 2, 25, 94]
[:mouse_move, 402, 259, 2, 26, 95]
[:mouse_move, 392, 261, 2, 27, 96]
[:mouse_move, 385, 264, 2, 28, 97]
[:mouse_move, 377, 267, 2, 29, 98]
[:mouse_move, 363, 274, 2, 30, 100]
[:mouse_move, 353, 279, 2, 31, 101]
[:mouse_move, 340, 285, 2, 32, 102]
[:mouse_move, 326, 294, 2, 33, 103]
[:mouse_move, 318, 299, 2, 34, 104]
[:mouse_move, 309, 305, 2, 35, 105]
[:mouse_move, 306, 307, 2, 36, 106]
[:mouse_move, 300, 313, 2, 37, 107]
[:mouse_move, 296, 316, 2, 38, 108]
[:mouse_move, 292, 321, 2, 39, 109]
[:mouse_move, 287, 326, 2, 40, 110]
[:mouse_move, 281, 333, 2, 41, 111]
[:mouse_move, 278, 338, 2, 42, 112]
[:mouse_move, 275, 344, 2, 43, 113]
[:mouse_move, 271, 351, 2, 44, 115]
[:mouse_move, 270, 354, 2, 45, 115]
[:mouse_move, 264, 366, 2, 46, 116]
[:mouse_move, 258, 376, 2, 47, 118]
[:mouse_move, 243, 395, 2, 48, 119]
[:mouse_move, 236, 403, 2, 49, 120]
[:mouse_move, 229, 407, 2, 50, 121]
[:mouse_move, 218, 413, 2, 51, 122]
[:mouse_move, 214, 414, 2, 52, 123]
[:mouse_move, 209, 415, 2, 53, 124]
[:mouse_move, 203, 415, 2, 54, 125]
[:mouse_move, 201, 415, 2, 55, 126]
[:mouse_move, 196, 411, 2, 56, 128]
[:mouse_move, 192, 403, 2, 57, 130]
[:mouse_move, 188, 395, 2, 58, 131]
[:mouse_move, 183, 384, 2, 59, 132]
[:mouse_move, 180, 377, 2, 60, 133]
[:mouse_move, 171, 352, 2, 61, 135]
[:mouse_move, 163, 319, 2, 62, 136]
[:mouse_move, 158, 290, 2, 63, 138]
[:mouse_move, 158, 276, 2, 64, 139]
[:mouse_move, 158, 262, 2, 65, 140]
[:mouse_move, 158, 239, 2, 66, 142]
[:mouse_move, 162, 217, 2, 67, 143]
[:mouse_move, 168, 202, 2, 68, 144]
[:mouse_move, 173, 189, 2, 69, 145]
[:mouse_move, 179, 173, 2, 70, 147]
[:mouse_move, 183, 165, 2, 71, 148]
[:mouse_move, 191, 155, 2, 72, 149]
[:mouse_move, 196, 151, 2, 73, 151]
[:mouse_move, 206, 145, 2, 74, 152]
[:mouse_move, 215, 141, 2, 75, 153]
[:mouse_move, 225, 138, 2, 76, 154]
[:mouse_move, 252, 130, 2, 77, 155]
[:mouse_move, 287, 122, 2, 78, 156]
[:mouse_move, 328, 113, 2, 79, 157]
[:mouse_move, 347, 111, 2, 80, 158]
[:mouse_move, 384, 109, 2, 81, 159]
[:mouse_move, 406, 109, 2, 82, 160]
[:mouse_move, 446, 109, 2, 83, 161]
[:mouse_move, 485, 109, 2, 84, 163]
[:mouse_move, 522, 112, 2, 85, 163]
[:mouse_move, 577, 121, 2, 86, 165]
[:mouse_move, 582, 122, 2, 87, 166]
[:mouse_move, 591, 125, 2, 88, 167]
[:mouse_move, 593, 126, 2, 89, 168]
[:mouse_move, 595, 127, 2, 90, 169]
[:mouse_move, 606, 130, 2, 91, 170]
[:mouse_move, 613, 133, 2, 92, 171]
[:mouse_move, 621, 136, 2, 93, 173]
[:mouse_move, 623, 137, 2, 94, 174]
[:mouse_move, 623, 139, 2, 95, 176]
[:mouse_move, 623, 140, 2, 96, 178]
[:mouse_move, 618, 144, 2, 97, 179]
[:mouse_move, 613, 146, 2, 98, 180]
[:mouse_move, 606, 147, 2, 99, 181]
[:mouse_move, 563, 155, 2, 100, 183]
[:mouse_move, 522, 170, 2, 101, 184]
[:mouse_move, 471, 190, 2, 102, 186]
[:mouse_move, 416, 213, 2, 103, 186]
[:mouse_move, 377, 230, 2, 104, 187]
[:mouse_move, 319, 254, 2, 105, 189]
[:mouse_move, 300, 262, 2, 106, 191]
[:mouse_move, 297, 264, 2, 107, 192]
[:mouse_move, 295, 264, 2, 108, 193]
[:mouse_move, 293, 265, 2, 109, 196]
[:mouse_move, 289, 267, 2, 110, 197]
[:mouse_move, 281, 273, 2, 111, 198]
[:mouse_move, 269, 281, 2, 112, 199]
[:mouse_move, 234, 304, 2, 113, 201]
[:mouse_move, 228, 308, 2, 114, 202]
[:mouse_move, 224, 311, 2, 115, 203]
[:mouse_move, 222, 311, 2, 116, 204]
[:mouse_move, 222, 312, 2, 117, 206]
[:mouse_move, 222, 310, 2, 118, 208]
[:mouse_move, 224, 306, 2, 119, 210]
[:mouse_move, 227, 303, 2, 120, 211]
[:mouse_move, 230, 300, 2, 121, 212]
[:mouse_move, 238, 296, 2, 122, 213]
[:mouse_move, 293, 272, 2, 123, 215]
[:mouse_move, 338, 256, 2, 124, 216]
[:mouse_move, 443, 220, 2, 125, 218]
[:mouse_move, 497, 206, 2, 126, 219]
[:mouse_move, 543, 195, 2, 127, 220]
[:mouse_move, 582, 189, 2, 128, 221]
[:mouse_move, 606, 185, 2, 129, 223]
[:mouse_move, 643, 180, 2, 130, 224]
[:mouse_move, 693, 177, 2, 131, 225]
[:mouse_move, 727, 175, 2, 132, 226]
[:mouse_move, 804, 175, 2, 133, 228]
[:mouse_move, 822, 175, 2, 134, 229]
[:mouse_move, 860, 175, 2, 135, 230]
[:mouse_move, 892, 175, 2, 136, 231]
[:mouse_move, 923, 175, 2, 137, 232]
[:mouse_move, 955, 175, 2, 138, 233]
[:mouse_move, 976, 176, 2, 139, 235]
[:mouse_move, 998, 179, 2, 140, 236]
[:mouse_move, 1011, 182, 2, 141, 237]
[:mouse_move, 1021, 185, 2, 142, 238]
[:mouse_move, 1031, 189, 2, 143, 239]
[:mouse_move, 1037, 192, 2, 144, 240]
[:mouse_move, 1043, 197, 2, 145, 241]
[:mouse_move, 1048, 200, 2, 146, 242]
[:mouse_move, 1055, 207, 2, 147, 243]
[:mouse_move, 1061, 213, 2, 148, 244]
[:mouse_move, 1069, 221, 2, 149, 245]
[:mouse_move, 1073, 226, 2, 150, 246]
[:mouse_move, 1076, 231, 2, 151, 247]
[:mouse_move, 1078, 236, 2, 152, 248]
[:mouse_move, 1079, 239, 2, 153, 249]
[:mouse_move, 1079, 242, 2, 154, 250]
[:mouse_move, 1077, 246, 2, 155, 251]
[:mouse_move, 1072, 253, 2, 156, 252]
[:mouse_move, 1065, 259, 2, 157, 253]
[:mouse_move, 1058, 265, 2, 158, 254]
[:mouse_move, 1049, 270, 2, 159, 255]
[:mouse_move, 1039, 275, 2, 160, 256]
[:mouse_move, 1023, 281, 2, 161, 257]
[:mouse_move, 984, 292, 2, 162, 258]
[:mouse_move, 896, 311, 2, 163, 259]
[:mouse_move, 778, 335, 2, 164, 260]
[:mouse_move, 704, 351, 2, 165, 261]
[:mouse_move, 613, 368, 2, 166, 262]
[:mouse_move, 557, 374, 2, 167, 263]
[:mouse_move, 517, 375, 2, 168, 264]
[:mouse_move, 483, 374, 2, 169, 265]
[:mouse_move, 424, 368, 2, 170, 266]
[:mouse_move, 386, 363, 2, 171, 268]
[:mouse_move, 327, 359, 2, 172, 269]
[:mouse_move, 280, 359, 2, 173, 271]
[:mouse_move, 268, 359, 2, 174, 273]
[:mouse_move, 266, 359, 2, 175, 274]
[:mouse_move, 266, 360, 2, 176, 276]
[:mouse_move, 265, 360, 2, 177, 277]
[:mouse_move, 264, 362, 2, 178, 278]
[:mouse_move, 264, 363, 2, 179, 279]
[:mouse_move, 262, 367, 2, 180, 280]
[:mouse_move, 261, 371, 2, 181, 281]
[:mouse_move, 258, 376, 2, 182, 282]
[:mouse_move, 255, 382, 2, 183, 283]
[:mouse_move, 252, 389, 2, 184, 284]
[:mouse_move, 250, 394, 2, 185, 285]
[:mouse_move, 248, 397, 2, 186, 286]
[:mouse_move, 247, 399, 2, 187, 287]
[:mouse_move, 246, 401, 2, 188, 288]
[:mouse_move, 246, 404, 2, 189, 289]
[:mouse_move, 245, 408, 2, 190, 290]
[:mouse_move, 245, 412, 2, 191, 291]
[:mouse_move, 245, 414, 2, 192, 292]
[:mouse_move, 245, 417, 2, 193, 293]
[:mouse_move, 246, 419, 2, 194, 294]
[:mouse_move, 247, 422, 2, 195, 295]
[:mouse_move, 249, 424, 2, 196, 296]
[:mouse_move, 250, 426, 2, 197, 297]
[:mouse_move, 252, 427, 2, 198, 298]
[:mouse_move, 264, 431, 2, 199, 299]
[:mouse_move, 292, 438, 2, 200, 300]
[:mouse_move, 352, 451, 2, 201, 301]
[:mouse_move, 417, 460, 2, 202, 302]
[:mouse_move, 456, 463, 2, 203, 303]
[:mouse_move, 487, 465, 2, 204, 304]
[:mouse_move, 520, 465, 2, 205, 305]
[:mouse_move, 569, 459, 2, 206, 307]
[:mouse_move, 609, 445, 2, 207, 308]
[:mouse_move, 619, 440, 2, 208, 309]
[:mouse_move, 643, 426, 2, 209, 310]
[:mouse_move, 652, 417, 2, 210, 311]
[:mouse_move, 666, 402, 2, 211, 312]
[:mouse_move, 679, 385, 2, 212, 313]
[:mouse_move, 685, 377, 2, 213, 314]
[:mouse_move, 691, 368, 2, 214, 315]
[:mouse_move, 700, 354, 2, 215, 316]
[:mouse_move, 705, 345, 2, 216, 317]
[:mouse_move, 720, 315, 2, 217, 319]
[:mouse_move, 723, 308, 2, 218, 320]
[:mouse_move, 726, 302, 2, 219, 321]
[:mouse_move, 728, 300, 2, 220, 322]
[:mouse_move, 728, 299, 2, 221, 323]
[:mouse_move, 728, 298, 2, 222, 324]
[:mouse_move, 728, 297, 2, 223, 325]
[:mouse_move, 729, 292, 2, 224, 326]
[:mouse_move, 730, 288, 2, 225, 327]
[:mouse_move, 733, 279, 2, 226, 329]
[:mouse_move, 735, 276, 2, 227, 331]
[:mouse_move, 735, 275, 2, 228, 333]
[:mouse_move, 734, 275, 2, 229, 334]
[:mouse_move, 724, 275, 2, 230, 335]
[:mouse_move, 679, 278, 2, 231, 336]
[:mouse_move, 585, 288, 2, 232, 337]
[:mouse_move, 469, 308, 2, 233, 339]
[:mouse_move, 446, 315, 2, 234, 340]
[:mouse_move, 431, 321, 2, 235, 342]
[:mouse_move, 431, 322, 2, 236, 344]
[:mouse_move, 431, 323, 2, 237, 345]
[:mouse_move, 432, 325, 2, 238, 346]
[:mouse_move, 434, 327, 2, 239, 347]
[:mouse_move, 438, 331, 2, 240, 348]
[:mouse_move, 444, 336, 2, 241, 349]
[:mouse_move, 449, 339, 2, 242, 350]
[:mouse_move, 453, 341, 2, 243, 351]
[:mouse_move, 454, 341, 2, 244, 352]
[:mouse_move, 492, 342, 2, 245, 354]
[:mouse_move, 557, 342, 2, 246, 355]
[:mouse_move, 604, 342, 2, 247, 356]
[:mouse_move, 643, 342, 2, 248, 357]
[:mouse_move, 675, 342, 2, 249, 358]
[:mouse_move, 741, 343, 2, 250, 360]
[:mouse_move, 766, 347, 2, 251, 361]
[:mouse_move, 805, 355, 2, 252, 363]
[:mouse_move, 810, 357, 2, 253, 364]
[:mouse_move, 818, 359, 2, 254, 365]
[:mouse_move, 820, 359, 2, 255, 366]
[:mouse_move, 829, 362, 2, 256, 367]
[:mouse_move, 840, 365, 2, 257, 368]
[:mouse_move, 854, 369, 2, 258, 369]
[:mouse_move, 860, 370, 2, 259, 370]
[:mouse_move, 867, 373, 2, 260, 371]
[:mouse_move, 873, 375, 2, 261, 372]
[:mouse_move, 879, 378, 2, 262, 373]
[:mouse_move, 883, 382, 2, 263, 374]
[:mouse_move, 885, 384, 2, 264, 375]
[:mouse_move, 892, 391, 2, 265, 376]
[:mouse_move, 894, 394, 2, 266, 377]
[:mouse_move, 896, 397, 2, 267, 379]
[:mouse_move, 896, 399, 2, 268, 380]
[:mouse_move, 895, 400, 2, 269, 381]
[:mouse_move, 893, 402, 2, 270, 382]
[:mouse_move, 891, 403, 2, 271, 383]
[:mouse_move, 890, 403, 2, 272, 384]
[:mouse_move, 885, 403, 2, 273, 385]
[:mouse_move, 883, 404, 2, 274, 386]
[:mouse_move, 881, 404, 2, 275, 387]
[:mouse_move, 879, 404, 2, 276, 388]
[:mouse_move, 878, 405, 2, 277, 389]
[:mouse_move, 876, 406, 2, 278, 390]
[:mouse_move, 870, 411, 2, 279, 391]
[:mouse_move, 860, 418, 2, 280, 392]
[:mouse_move, 856, 421, 2, 281, 393]
[:mouse_move, 851, 425, 2, 282, 394]
[:mouse_move, 848, 427, 2, 283, 395]
[:mouse_move, 847, 428, 2, 284, 397]
[:mouse_move, 845, 437, 2, 285, 467]
[:mouse_move, 839, 454, 2, 286, 468]
[:mouse_move, 836, 470, 2, 287, 469]
[:mouse_move, 832, 487, 2, 288, 470]
[:mouse_move, 828, 511, 2, 289, 471]
[:mouse_move, 824, 527, 2, 290, 472]
[:mouse_move, 823, 537, 2, 291, 473]
[:mouse_move, 823, 544, 2, 292, 474]
[:mouse_move, 823, 550, 2, 293, 475]
[:mouse_move, 823, 554, 2, 294, 476]
[:mouse_move, 827, 560, 2, 295, 478]
[:mouse_move, 833, 565, 2, 296, 479]
[:mouse_move, 847, 576, 2, 297, 480]
[:mouse_move, 862, 589, 2, 298, 481]
[:mouse_move, 877, 601, 2, 299, 482]
[:mouse_move, 884, 605, 2, 300, 483]
[:mouse_move, 902, 617, 2, 301, 484]
[:mouse_move, 913, 622, 2, 302, 485]
[:mouse_move, 926, 626, 2, 303, 486]
[:mouse_move, 938, 629, 2, 304, 487]
[:mouse_move, 952, 632, 2, 305, 488]
[:mouse_move, 964, 635, 2, 306, 489]
[:mouse_move, 972, 637, 2, 307, 490]
[:mouse_move, 981, 640, 2, 308, 491]
[:mouse_move, 988, 642, 2, 309, 492]
[:mouse_move, 994, 644, 2, 310, 493]
[:mouse_move, 998, 645, 2, 311, 494]
[:mouse_move, 1001, 646, 2, 312, 495]
[:mouse_move, 1005, 646, 2, 313, 496]
[:mouse_move, 1007, 647, 2, 314, 497]
[:mouse_move, 1010, 648, 2, 315, 498]
[:mouse_move, 1014, 649, 2, 316, 499]
[:mouse_move, 1016, 650, 2, 317, 500]
[:mouse_move, 1022, 653, 2, 318, 501]
[:mouse_move, 1025, 655, 2, 319, 502]
[:mouse_move, 1027, 656, 2, 320, 503]
[:mouse_move, 1029, 657, 2, 321, 504]
[:mouse_move, 1029, 658, 2, 322, 505]
[:mouse_move, 1030, 658, 2, 323, 506]
[:mouse_move, 1031, 658, 2, 324, 510]
[:mouse_move, 1031, 657, 2, 325, 512]
[:mouse_move, 1031, 656, 2, 326, 513]
[:mouse_move, 1031, 655, 2, 327, 514]
[:mouse_move, 1031, 654, 2, 328, 515]
[:mouse_move, 1031, 653, 2, 329, 518]
[:mouse_move, 1032, 650, 2, 330, 519]
[:mouse_move, 1035, 644, 2, 331, 521]
[:mouse_move, 1041, 634, 2, 332, 521]
[:mouse_move, 1069, 574, 2, 333, 523]
[:mouse_move, 1074, 563, 2, 334, 524]
[:mouse_move, 1080, 549, 2, 335, 525]
[:mouse_move, 1084, 537, 2, 336, 526]
[:mouse_move, 1086, 533, 2, 337, 527]
[:mouse_move, 1086, 532, 2, 338, 528]
[:mouse_move, 1087, 531, 2, 339, 530]
[:mouse_move, 1091, 521, 2, 340, 531]
[:mouse_move, 1098, 508, 2, 341, 532]
[:mouse_move, 1103, 497, 2, 342, 533]
[:mouse_move, 1104, 495, 2, 343, 534]
[:mouse_move, 1109, 485, 2, 344, 535]
[:mouse_move, 1115, 475, 2, 345, 536]
[:mouse_move, 1123, 458, 2, 346, 538]
[:mouse_move, 1130, 444, 2, 347, 539]
[:mouse_move, 1133, 438, 2, 348, 539]
[:mouse_move, 1136, 430, 2, 349, 540]
[:mouse_move, 1138, 424, 2, 350, 541]
[:mouse_move, 1140, 417, 2, 351, 542]
[:mouse_move, 1143, 405, 2, 352, 543]
[:mouse_move, 1146, 392, 2, 353, 544]
[:mouse_move, 1153, 366, 2, 354, 546]
[:mouse_move, 1154, 355, 2, 355, 547]
[:mouse_move, 1155, 347, 2, 356, 548]
[:mouse_move, 1156, 340, 2, 357, 550]
[:mouse_move, 1158, 328, 2, 358, 551]
[:mouse_move, 1160, 313, 2, 359, 551]
[:mouse_move, 1164, 294, 2, 360, 553]
[:mouse_move, 1164, 288, 2, 361, 554]
[:mouse_move, 1164, 287, 2, 362, 555]
[:mouse_move, 1164, 286, 2, 363, 556]
[:mouse_move, 1163, 287, 2, 364, 566]
[:mouse_move, 1162, 288, 2, 365, 567]
[:mouse_move, 1161, 290, 2, 366, 568]
[:mouse_move, 1161, 294, 2, 367, 569]
[:mouse_button_up, 1, 0, 1, 368, 572]
[:mouse_move, 1160, 294, 2, 369, 586]
[:mouse_move, 1141, 297, 2, 370, 587]
[:mouse_move, 1115, 304, 2, 371, 588]
[:mouse_move, 1077, 308, 2, 372, 589]
[:mouse_move, 989, 318, 2, 373, 591]
[:mouse_move, 956, 320, 2, 374, 592]
[:mouse_move, 916, 322, 2, 375, 593]
[:mouse_move, 909, 323, 2, 376, 594]
[:mouse_move, 898, 323, 2, 377, 595]
[:scancode_down_raw, 53, 0, 2, 378, 654]
[:textinput, "`", 0, 1, 379, 654]
