replay_version 2.0
stopped_at 581
seed 100
recorded_at 2022-08-28 13:27:07 -0500
[:mouse_button_up, 1, 0, 1, 1, 5]
[:mouse_move, 807, 91, 2, 2, 23]
[:mouse_move, 808, 92, 2, 3, 23]
[:mouse_move, 810, 95, 2, 4, 24]
[:mouse_move, 811, 98, 2, 5, 24]
[:mouse_move, 815, 105, 2, 6, 25]
[:mouse_move, 817, 110, 2, 7, 26]
[:mouse_move, 819, 116, 2, 8, 26]
[:mouse_move, 822, 125, 2, 9, 27]
[:mouse_move, 825, 136, 2, 10, 27]
[:mouse_move, 832, 157, 2, 11, 28]
[:mouse_move, 835, 171, 2, 12, 28]
[:mouse_move, 838, 188, 2, 13, 29]
[:mouse_move, 839, 197, 2, 14, 29]
[:mouse_move, 840, 211, 2, 15, 30]
[:mouse_move, 840, 225, 2, 16, 30]
[:mouse_move, 840, 240, 2, 17, 31]
[:mouse_move, 840, 250, 2, 18, 31]
[:mouse_move, 840, 254, 2, 19, 32]
[:mouse_move, 838, 262, 2, 20, 32]
[:mouse_move, 836, 262, 2, 21, 50]
[:mouse_move, 832, 262, 2, 22, 50]
[:mouse_move, 821, 262, 2, 23, 51]
[:mouse_move, 811, 262, 2, 24, 51]
[:mouse_move, 754, 262, 2, 25, 52]
[:mouse_move, 716, 262, 2, 26, 52]
[:mouse_move, 663, 262, 2, 27, 53]
[:mouse_move, 607, 260, 2, 28, 53]
[:mouse_move, 546, 255, 2, 29, 54]
[:mouse_move, 489, 249, 2, 30, 54]
[:mouse_move, 463, 248, 2, 31, 55]
[:mouse_move, 411, 241, 2, 32, 55]
[:mouse_move, 369, 236, 2, 33, 56]
[:mouse_move, 327, 231, 2, 34, 56]
[:mouse_move, 292, 226, 2, 35, 57]
[:mouse_move, 260, 218, 2, 36, 57]
[:mouse_move, 231, 210, 2, 37, 58]
[:mouse_move, 207, 198, 2, 38, 58]
[:mouse_move, 186, 187, 2, 39, 59]
[:mouse_move, 179, 182, 2, 40, 59]
[:mouse_move, 173, 178, 2, 41, 60]
[:mouse_move, 163, 171, 2, 42, 60]
[:mouse_move, 156, 164, 2, 43, 61]
[:mouse_move, 151, 160, 2, 44, 61]
[:mouse_move, 148, 157, 2, 45, 62]
[:mouse_move, 146, 155, 2, 46, 62]
[:mouse_move, 145, 153, 2, 47, 63]
[:mouse_move, 145, 152, 2, 48, 64]
[:mouse_move, 144, 152, 2, 49, 64]
[:mouse_move, 144, 151, 2, 50, 65]
[:mouse_move, 144, 150, 2, 51, 68]
[:mouse_move, 144, 149, 2, 52, 69]
[:mouse_move, 144, 147, 2, 53, 69]
[:mouse_move, 145, 144, 2, 54, 70]
[:mouse_move, 145, 140, 2, 55, 70]
[:mouse_move, 145, 136, 2, 56, 71]
[:mouse_move, 145, 134, 2, 57, 71]
[:mouse_move, 145, 130, 2, 58, 72]
[:mouse_move, 145, 127, 2, 59, 72]
[:mouse_move, 145, 123, 2, 60, 73]
[:mouse_move, 145, 120, 2, 61, 73]
[:mouse_move, 145, 118, 2, 62, 74]
[:mouse_move, 145, 112, 2, 63, 74]
[:mouse_move, 145, 111, 2, 64, 75]
[:mouse_move, 145, 107, 2, 65, 75]
[:mouse_move, 144, 101, 2, 66, 76]
[:mouse_move, 144, 97, 2, 67, 76]
[:mouse_move, 144, 95, 2, 68, 77]
[:mouse_move, 143, 92, 2, 69, 77]
[:mouse_move, 143, 90, 2, 70, 78]
[:mouse_move, 142, 87, 2, 71, 78]
[:mouse_move, 142, 86, 2, 72, 79]
[:mouse_move, 142, 84, 2, 73, 79]
[:mouse_move, 142, 83, 2, 74, 80]
[:mouse_move, 142, 82, 2, 75, 81]
[:mouse_move, 141, 82, 2, 76, 81]
[:mouse_move, 141, 81, 2, 77, 87]
[:mouse_move, 140, 80, 2, 78, 88]
[:mouse_move, 140, 79, 2, 79, 90]
[:mouse_move, 139, 79, 2, 80, 129]
[:mouse_button_pressed, 1, 0, 1, 81, 130]
[:mouse_button_up, 1, 0, 1, 82, 135]
[:mouse_move, 140, 79, 2, 83, 153]
[:mouse_move, 146, 79, 2, 84, 153]
[:mouse_move, 155, 79, 2, 85, 154]
[:mouse_move, 187, 79, 2, 86, 154]
[:mouse_move, 216, 80, 2, 87, 155]
[:mouse_move, 261, 92, 2, 88, 155]
[:mouse_move, 315, 111, 2, 89, 156]
[:mouse_move, 376, 137, 2, 90, 156]
[:mouse_move, 435, 167, 2, 91, 157]
[:mouse_move, 499, 207, 2, 92, 157]
[:mouse_move, 524, 224, 2, 93, 158]
[:mouse_move, 570, 258, 2, 94, 158]
[:mouse_move, 609, 289, 2, 95, 159]
[:mouse_move, 620, 299, 2, 96, 159]
[:mouse_move, 641, 319, 2, 97, 160]
[:mouse_move, 647, 324, 2, 98, 160]
[:mouse_move, 657, 336, 2, 99, 161]
[:mouse_move, 664, 344, 2, 100, 161]
[:mouse_move, 667, 350, 2, 101, 162]
[:mouse_move, 669, 357, 2, 102, 162]
[:mouse_move, 669, 359, 2, 103, 163]
[:mouse_move, 666, 362, 2, 104, 163]
[:mouse_move, 660, 364, 2, 105, 164]
[:mouse_move, 645, 367, 2, 106, 164]
[:mouse_move, 629, 368, 2, 107, 165]
[:mouse_move, 589, 371, 2, 108, 165]
[:mouse_move, 578, 371, 2, 109, 166]
[:mouse_move, 562, 371, 2, 110, 166]
[:mouse_move, 547, 371, 2, 111, 167]
[:mouse_move, 543, 371, 2, 112, 167]
[:mouse_move, 532, 371, 2, 113, 168]
[:mouse_move, 526, 371, 2, 114, 168]
[:mouse_move, 520, 371, 2, 115, 169]
[:mouse_move, 516, 370, 2, 116, 169]
[:mouse_move, 513, 369, 2, 117, 170]
[:mouse_move, 512, 368, 2, 118, 170]
[:mouse_move, 510, 366, 2, 119, 171]
[:mouse_move, 509, 363, 2, 120, 171]
[:mouse_move, 509, 361, 2, 121, 172]
[:mouse_move, 509, 357, 2, 122, 172]
[:mouse_move, 509, 353, 2, 123, 173]
[:mouse_move, 509, 350, 2, 124, 173]
[:mouse_move, 512, 345, 2, 125, 174]
[:mouse_move, 517, 341, 2, 126, 174]
[:mouse_move, 522, 337, 2, 127, 175]
[:mouse_move, 529, 334, 2, 128, 175]
[:mouse_move, 544, 328, 2, 129, 176]
[:mouse_move, 558, 326, 2, 130, 176]
[:mouse_move, 576, 324, 2, 131, 177]
[:mouse_move, 595, 324, 2, 132, 177]
[:mouse_move, 619, 324, 2, 133, 178]
[:mouse_move, 642, 324, 2, 134, 178]
[:mouse_move, 667, 324, 2, 135, 179]
[:mouse_move, 697, 325, 2, 136, 179]
[:mouse_move, 734, 334, 2, 137, 180]
[:mouse_move, 763, 343, 2, 138, 181]
[:mouse_move, 783, 351, 2, 139, 181]
[:mouse_move, 799, 361, 2, 140, 182]
[:mouse_move, 818, 371, 2, 141, 182]
[:mouse_move, 834, 382, 2, 142, 183]
[:mouse_move, 843, 389, 2, 143, 183]
[:mouse_move, 857, 402, 2, 144, 184]
[:mouse_move, 870, 412, 2, 145, 184]
[:mouse_move, 880, 423, 2, 146, 185]
[:mouse_move, 883, 426, 2, 147, 185]
[:mouse_move, 888, 433, 2, 148, 186]
[:mouse_move, 892, 439, 2, 149, 186]
[:mouse_move, 893, 443, 2, 150, 187]
[:mouse_move, 895, 447, 2, 151, 187]
[:mouse_move, 895, 449, 2, 152, 188]
[:mouse_move, 895, 451, 2, 153, 188]
[:mouse_move, 892, 453, 2, 154, 189]
[:mouse_move, 886, 454, 2, 155, 189]
[:mouse_move, 880, 456, 2, 156, 190]
[:mouse_move, 863, 460, 2, 157, 190]
[:mouse_move, 849, 461, 2, 158, 191]
[:mouse_move, 830, 462, 2, 159, 191]
[:mouse_move, 807, 462, 2, 160, 192]
[:mouse_move, 783, 462, 2, 161, 192]
[:mouse_move, 757, 462, 2, 162, 193]
[:mouse_move, 686, 451, 2, 163, 193]
[:mouse_move, 654, 442, 2, 164, 194]
[:mouse_move, 624, 429, 2, 165, 194]
[:mouse_move, 596, 418, 2, 166, 195]
[:mouse_move, 585, 412, 2, 167, 195]
[:mouse_move, 565, 403, 2, 168, 196]
[:mouse_move, 560, 399, 2, 169, 196]
[:mouse_move, 536, 386, 2, 170, 197]
[:mouse_move, 533, 383, 2, 171, 197]
[:mouse_move, 527, 378, 2, 172, 198]
[:mouse_move, 524, 374, 2, 173, 198]
[:mouse_move, 521, 371, 2, 174, 199]
[:mouse_move, 519, 366, 2, 175, 199]
[:mouse_move, 519, 363, 2, 176, 200]
[:mouse_move, 519, 360, 2, 177, 200]
[:mouse_move, 519, 355, 2, 178, 201]
[:mouse_move, 519, 351, 2, 179, 201]
[:mouse_move, 519, 346, 2, 180, 202]
[:mouse_move, 520, 341, 2, 181, 202]
[:mouse_move, 524, 335, 2, 182, 203]
[:mouse_move, 530, 327, 2, 183, 203]
[:mouse_move, 535, 322, 2, 184, 204]
[:mouse_move, 545, 314, 2, 185, 204]
[:mouse_move, 562, 300, 2, 186, 205]
[:mouse_move, 573, 294, 2, 187, 205]
[:mouse_move, 590, 288, 2, 188, 206]
[:mouse_move, 608, 283, 2, 189, 206]
[:mouse_move, 632, 281, 2, 190, 207]
[:mouse_move, 653, 281, 2, 191, 207]
[:mouse_move, 677, 281, 2, 192, 208]
[:mouse_move, 707, 282, 2, 193, 208]
[:mouse_move, 725, 287, 2, 194, 209]
[:mouse_move, 740, 293, 2, 195, 209]
[:mouse_move, 753, 299, 2, 196, 210]
[:mouse_move, 775, 315, 2, 197, 210]
[:mouse_move, 783, 325, 2, 198, 211]
[:mouse_move, 787, 331, 2, 199, 211]
[:mouse_move, 796, 344, 2, 200, 212]
[:mouse_move, 802, 355, 2, 201, 212]
[:mouse_move, 805, 359, 2, 202, 213]
[:mouse_move, 808, 365, 2, 203, 213]
[:mouse_move, 811, 371, 2, 204, 214]
[:mouse_move, 813, 374, 2, 205, 214]
[:mouse_move, 814, 377, 2, 206, 215]
[:mouse_move, 814, 378, 2, 207, 215]
[:mouse_move, 814, 379, 2, 208, 216]
[:mouse_move, 813, 379, 2, 209, 217]
[:mouse_move, 810, 379, 2, 210, 217]
[:mouse_move, 809, 378, 2, 211, 218]
[:mouse_move, 807, 377, 2, 212, 218]
[:mouse_move, 805, 376, 2, 213, 219]
[:mouse_move, 803, 375, 2, 214, 219]
[:mouse_move, 801, 375, 2, 215, 220]
[:mouse_move, 799, 374, 2, 216, 220]
[:mouse_move, 797, 374, 2, 217, 221]
[:mouse_move, 795, 374, 2, 218, 221]
[:mouse_move, 793, 373, 2, 219, 222]
[:mouse_move, 786, 373, 2, 220, 222]
[:mouse_move, 782, 373, 2, 221, 223]
[:mouse_move, 777, 373, 2, 222, 223]
[:mouse_move, 771, 373, 2, 223, 224]
[:mouse_move, 764, 372, 2, 224, 224]
[:mouse_move, 747, 369, 2, 225, 225]
[:mouse_move, 728, 364, 2, 226, 225]
[:mouse_move, 692, 352, 2, 227, 226]
[:mouse_move, 662, 341, 2, 228, 226]
[:mouse_move, 618, 324, 2, 229, 227]
[:mouse_move, 573, 304, 2, 230, 227]
[:mouse_move, 554, 296, 2, 231, 228]
[:mouse_move, 510, 279, 2, 232, 228]
[:mouse_move, 471, 263, 2, 233, 229]
[:mouse_move, 434, 249, 2, 234, 229]
[:mouse_move, 402, 236, 2, 235, 230]
[:mouse_move, 374, 225, 2, 236, 230]
[:mouse_move, 349, 215, 2, 237, 231]
[:mouse_move, 339, 211, 2, 238, 231]
[:mouse_move, 319, 203, 2, 239, 232]
[:mouse_move, 300, 197, 2, 240, 232]
[:mouse_move, 287, 192, 2, 241, 233]
[:mouse_move, 282, 190, 2, 242, 233]
[:mouse_move, 274, 185, 2, 243, 234]
[:mouse_move, 268, 182, 2, 244, 234]
[:mouse_move, 263, 180, 2, 245, 235]
[:mouse_move, 260, 178, 2, 246, 235]
[:mouse_move, 258, 177, 2, 247, 236]
[:mouse_move, 256, 176, 2, 248, 236]
[:mouse_move, 255, 175, 2, 249, 238]
[:mouse_move, 253, 175, 2, 250, 244]
[:mouse_move, 249, 175, 2, 251, 244]
[:mouse_move, 240, 175, 2, 252, 245]
[:mouse_move, 229, 174, 2, 253, 245]
[:mouse_move, 217, 169, 2, 254, 246]
[:mouse_move, 204, 162, 2, 255, 246]
[:mouse_move, 186, 153, 2, 256, 247]
[:mouse_move, 178, 148, 2, 257, 247]
[:mouse_move, 173, 145, 2, 258, 248]
[:mouse_move, 163, 140, 2, 259, 248]
[:mouse_move, 155, 134, 2, 260, 249]
[:mouse_move, 150, 131, 2, 261, 249]
[:mouse_move, 147, 130, 2, 262, 250]
[:mouse_move, 145, 128, 2, 263, 250]
[:mouse_move, 143, 127, 2, 264, 251]
[:mouse_move, 142, 127, 2, 265, 252]
[:mouse_move, 142, 126, 2, 266, 259]
[:mouse_button_pressed, 1, 0, 1, 267, 263]
[:mouse_button_up, 1, 0, 1, 268, 268]
[:mouse_move, 145, 126, 2, 269, 281]
[:mouse_move, 154, 126, 2, 270, 281]
[:mouse_move, 165, 126, 2, 271, 282]
[:mouse_move, 179, 126, 2, 272, 282]
[:mouse_move, 192, 128, 2, 273, 283]
[:mouse_move, 210, 132, 2, 274, 283]
[:mouse_move, 229, 136, 2, 275, 284]
[:mouse_move, 255, 140, 2, 276, 284]
[:mouse_move, 279, 147, 2, 277, 285]
[:mouse_move, 303, 153, 2, 278, 285]
[:mouse_move, 326, 158, 2, 279, 286]
[:mouse_move, 350, 165, 2, 280, 286]
[:mouse_move, 359, 168, 2, 281, 287]
[:mouse_move, 398, 180, 2, 282, 287]
[:mouse_move, 418, 188, 2, 283, 288]
[:mouse_move, 438, 196, 2, 284, 288]
[:mouse_move, 463, 208, 2, 285, 289]
[:mouse_move, 487, 219, 2, 286, 289]
[:mouse_move, 511, 234, 2, 287, 290]
[:mouse_move, 538, 252, 2, 288, 290]
[:mouse_move, 563, 271, 2, 289, 291]
[:mouse_move, 573, 279, 2, 290, 291]
[:mouse_move, 590, 292, 2, 291, 292]
[:mouse_move, 605, 303, 2, 292, 292]
[:mouse_move, 608, 307, 2, 293, 293]
[:mouse_move, 622, 320, 2, 294, 293]
[:mouse_move, 624, 323, 2, 295, 294]
[:mouse_move, 626, 325, 2, 296, 294]
[:mouse_move, 627, 327, 2, 297, 295]
[:mouse_move, 627, 330, 2, 298, 295]
[:mouse_move, 627, 332, 2, 299, 296]
[:mouse_move, 627, 335, 2, 300, 296]
[:mouse_move, 627, 340, 2, 301, 297]
[:mouse_move, 627, 346, 2, 302, 297]
[:mouse_move, 625, 351, 2, 303, 298]
[:mouse_move, 623, 354, 2, 304, 298]
[:mouse_move, 619, 362, 2, 305, 299]
[:mouse_move, 615, 365, 2, 306, 299]
[:mouse_move, 610, 369, 2, 307, 300]
[:mouse_move, 605, 371, 2, 308, 300]
[:mouse_move, 598, 374, 2, 309, 301]
[:mouse_move, 581, 376, 2, 310, 301]
[:mouse_move, 569, 377, 2, 311, 302]
[:mouse_move, 550, 377, 2, 312, 302]
[:mouse_move, 532, 377, 2, 313, 303]
[:mouse_move, 513, 371, 2, 314, 303]
[:mouse_move, 492, 364, 2, 315, 304]
[:mouse_move, 482, 359, 2, 316, 304]
[:mouse_move, 476, 357, 2, 317, 305]
[:mouse_move, 465, 352, 2, 318, 305]
[:mouse_move, 457, 349, 2, 319, 306]
[:mouse_move, 452, 346, 2, 320, 306]
[:mouse_move, 450, 343, 2, 321, 307]
[:mouse_move, 448, 340, 2, 322, 307]
[:mouse_move, 448, 338, 2, 323, 308]
[:mouse_move, 448, 337, 2, 324, 308]
[:mouse_move, 452, 334, 2, 325, 309]
[:mouse_move, 458, 331, 2, 326, 309]
[:mouse_move, 466, 328, 2, 327, 310]
[:mouse_move, 475, 325, 2, 328, 310]
[:mouse_move, 494, 320, 2, 329, 311]
[:mouse_move, 512, 319, 2, 330, 311]
[:mouse_move, 531, 319, 2, 331, 312]
[:mouse_move, 552, 319, 2, 332, 312]
[:mouse_move, 576, 324, 2, 333, 313]
[:mouse_move, 600, 334, 2, 334, 313]
[:mouse_move, 624, 347, 2, 335, 314]
[:mouse_move, 632, 354, 2, 336, 314]
[:mouse_move, 647, 365, 2, 337, 315]
[:mouse_move, 652, 370, 2, 338, 315]
[:mouse_move, 661, 378, 2, 339, 316]
[:mouse_move, 667, 386, 2, 340, 316]
[:mouse_move, 670, 390, 2, 341, 317]
[:mouse_move, 671, 393, 2, 342, 317]
[:mouse_move, 672, 397, 2, 343, 318]
[:mouse_move, 672, 399, 2, 344, 318]
[:mouse_move, 672, 403, 2, 345, 319]
[:mouse_move, 670, 405, 2, 346, 319]
[:mouse_move, 666, 406, 2, 347, 320]
[:mouse_move, 653, 409, 2, 348, 320]
[:mouse_move, 641, 410, 2, 349, 321]
[:mouse_move, 605, 410, 2, 350, 321]
[:mouse_move, 582, 403, 2, 351, 322]
[:mouse_move, 571, 399, 2, 352, 322]
[:mouse_move, 552, 393, 2, 353, 323]
[:mouse_move, 537, 385, 2, 354, 323]
[:mouse_move, 525, 378, 2, 355, 324]
[:mouse_move, 516, 369, 2, 356, 324]
[:mouse_move, 508, 359, 2, 357, 325]
[:mouse_move, 504, 349, 2, 358, 325]
[:mouse_move, 501, 340, 2, 359, 326]
[:mouse_move, 499, 330, 2, 360, 326]
[:mouse_move, 499, 317, 2, 361, 327]
[:mouse_move, 499, 308, 2, 362, 327]
[:mouse_move, 499, 298, 2, 363, 328]
[:mouse_move, 503, 289, 2, 364, 328]
[:mouse_move, 515, 274, 2, 365, 329]
[:mouse_move, 528, 266, 2, 366, 329]
[:mouse_move, 545, 260, 2, 367, 330]
[:mouse_move, 586, 253, 2, 368, 330]
[:mouse_move, 621, 253, 2, 369, 331]
[:mouse_move, 642, 253, 2, 370, 331]
[:mouse_move, 674, 254, 2, 371, 332]
[:mouse_move, 688, 259, 2, 372, 332]
[:mouse_move, 714, 264, 2, 373, 333]
[:mouse_move, 735, 271, 2, 374, 333]
[:mouse_move, 755, 279, 2, 375, 334]
[:mouse_move, 772, 286, 2, 376, 334]
[:mouse_move, 784, 295, 2, 377, 335]
[:mouse_move, 804, 314, 2, 378, 335]
[:mouse_move, 815, 335, 2, 379, 336]
[:mouse_move, 817, 344, 2, 380, 337]
[:mouse_move, 819, 355, 2, 381, 337]
[:mouse_move, 820, 366, 2, 382, 338]
[:mouse_move, 820, 375, 2, 383, 338]
[:mouse_move, 820, 382, 2, 384, 339]
[:mouse_move, 819, 390, 2, 385, 339]
[:mouse_move, 811, 400, 2, 386, 340]
[:mouse_move, 802, 407, 2, 387, 340]
[:mouse_move, 792, 411, 2, 388, 341]
[:mouse_move, 777, 414, 2, 389, 341]
[:mouse_move, 758, 415, 2, 390, 342]
[:mouse_move, 717, 415, 2, 391, 342]
[:mouse_move, 700, 415, 2, 392, 343]
[:mouse_move, 671, 411, 2, 393, 343]
[:mouse_move, 642, 403, 2, 394, 344]
[:mouse_move, 613, 395, 2, 395, 344]
[:mouse_move, 584, 386, 2, 396, 345]
[:mouse_move, 573, 381, 2, 397, 345]
[:mouse_move, 553, 372, 2, 398, 346]
[:mouse_move, 536, 363, 2, 399, 346]
[:mouse_move, 524, 355, 2, 400, 347]
[:mouse_move, 515, 348, 2, 401, 347]
[:mouse_move, 510, 343, 2, 402, 348]
[:mouse_move, 505, 335, 2, 403, 348]
[:mouse_move, 504, 327, 2, 404, 349]
[:mouse_move, 503, 314, 2, 405, 349]
[:mouse_move, 504, 300, 2, 406, 350]
[:mouse_move, 513, 288, 2, 407, 351]
[:mouse_move, 522, 282, 2, 408, 351]
[:mouse_move, 537, 278, 2, 409, 352]
[:mouse_move, 553, 276, 2, 410, 352]
[:mouse_move, 574, 276, 2, 411, 353]
[:mouse_move, 598, 276, 2, 412, 353]
[:mouse_move, 625, 287, 2, 413, 354]
[:mouse_move, 647, 298, 2, 414, 354]
[:mouse_move, 657, 306, 2, 415, 355]
[:mouse_move, 663, 311, 2, 416, 355]
[:mouse_move, 674, 321, 2, 417, 356]
[:mouse_move, 681, 329, 2, 418, 356]
[:mouse_move, 686, 335, 2, 419, 357]
[:mouse_move, 688, 339, 2, 420, 357]
[:mouse_move, 690, 345, 2, 421, 358]
[:mouse_move, 690, 348, 2, 422, 358]
[:mouse_move, 689, 350, 2, 423, 359]
[:mouse_move, 685, 353, 2, 424, 359]
[:mouse_move, 678, 356, 2, 425, 360]
[:mouse_move, 663, 360, 2, 426, 360]
[:mouse_move, 649, 361, 2, 427, 361]
[:mouse_move, 630, 361, 2, 428, 361]
[:mouse_move, 590, 361, 2, 429, 362]
[:mouse_move, 573, 361, 2, 430, 362]
[:mouse_move, 544, 353, 2, 431, 363]
[:mouse_move, 482, 333, 2, 432, 363]
[:mouse_move, 434, 314, 2, 433, 364]
[:mouse_move, 424, 309, 2, 434, 364]
[:mouse_move, 401, 296, 2, 435, 365]
[:mouse_move, 383, 285, 2, 436, 365]
[:mouse_move, 368, 273, 2, 437, 366]
[:mouse_move, 346, 251, 2, 438, 366]
[:mouse_move, 339, 239, 2, 439, 367]
[:mouse_move, 333, 225, 2, 440, 367]
[:mouse_move, 332, 225, 2, 441, 381]
[:mouse_move, 326, 224, 2, 442, 382]
[:mouse_move, 317, 222, 2, 443, 382]
[:mouse_move, 310, 219, 2, 444, 383]
[:mouse_move, 301, 218, 2, 445, 383]
[:mouse_move, 292, 216, 2, 446, 384]
[:mouse_move, 271, 211, 2, 447, 384]
[:mouse_move, 250, 205, 2, 448, 385]
[:mouse_move, 226, 201, 2, 449, 385]
[:mouse_move, 216, 199, 2, 450, 386]
[:mouse_move, 194, 195, 2, 451, 386]
[:mouse_move, 176, 193, 2, 452, 387]
[:mouse_move, 158, 192, 2, 453, 387]
[:mouse_move, 153, 191, 2, 454, 388]
[:mouse_move, 141, 190, 2, 455, 388]
[:mouse_move, 133, 190, 2, 456, 389]
[:mouse_move, 127, 189, 2, 457, 389]
[:mouse_move, 122, 189, 2, 458, 390]
[:mouse_move, 120, 189, 2, 459, 390]
[:mouse_move, 118, 189, 2, 460, 391]
[:mouse_move, 117, 189, 2, 461, 391]
[:mouse_move, 116, 188, 2, 462, 392]
[:mouse_move, 114, 188, 2, 463, 392]
[:mouse_move, 113, 188, 2, 464, 396]
[:mouse_move, 112, 188, 2, 465, 399]
[:mouse_move, 111, 188, 2, 466, 401]
[:mouse_move, 111, 187, 2, 467, 401]
[:mouse_button_pressed, 1, 0, 1, 468, 404]
[:mouse_button_up, 1, 0, 1, 469, 410]
[:mouse_move, 112, 187, 2, 470, 421]
[:mouse_move, 119, 187, 2, 471, 421]
[:mouse_move, 132, 187, 2, 472, 422]
[:mouse_move, 146, 187, 2, 473, 422]
[:mouse_move, 160, 187, 2, 474, 423]
[:mouse_move, 195, 194, 2, 475, 423]
[:mouse_move, 240, 205, 2, 476, 424]
[:mouse_move, 287, 221, 2, 477, 424]
[:mouse_move, 334, 238, 2, 478, 425]
[:mouse_move, 385, 259, 2, 479, 425]
[:mouse_move, 404, 268, 2, 480, 426]
[:mouse_move, 442, 286, 2, 481, 426]
[:mouse_move, 452, 292, 2, 482, 427]
[:mouse_move, 478, 305, 2, 483, 427]
[:mouse_move, 498, 315, 2, 484, 428]
[:mouse_move, 503, 318, 2, 485, 428]
[:mouse_move, 515, 323, 2, 486, 429]
[:mouse_move, 521, 327, 2, 487, 429]
[:mouse_move, 525, 329, 2, 488, 430]
[:mouse_move, 527, 330, 2, 489, 430]
[:mouse_move, 528, 331, 2, 490, 431]
[:mouse_move, 529, 332, 2, 491, 432]
[:mouse_move, 529, 333, 2, 492, 433]
[:mouse_move, 528, 334, 2, 493, 434]
[:mouse_move, 527, 335, 2, 494, 435]
[:mouse_move, 525, 335, 2, 495, 435]
[:mouse_move, 523, 336, 2, 496, 436]
[:mouse_move, 520, 336, 2, 497, 436]
[:mouse_move, 516, 336, 2, 498, 437]
[:mouse_move, 512, 336, 2, 499, 437]
[:mouse_move, 508, 336, 2, 500, 438]
[:mouse_move, 503, 336, 2, 501, 438]
[:mouse_move, 498, 336, 2, 502, 439]
[:mouse_move, 490, 336, 2, 503, 439]
[:mouse_move, 484, 336, 2, 504, 440]
[:mouse_move, 478, 336, 2, 505, 440]
[:mouse_move, 471, 337, 2, 506, 441]
[:mouse_move, 469, 338, 2, 507, 441]
[:mouse_move, 464, 339, 2, 508, 442]
[:mouse_move, 460, 340, 2, 509, 442]
[:mouse_move, 457, 341, 2, 510, 443]
[:mouse_move, 455, 342, 2, 511, 443]
[:mouse_move, 455, 343, 2, 512, 444]
[:mouse_move, 454, 343, 2, 513, 444]
[:mouse_move, 454, 345, 2, 514, 445]
[:mouse_move, 456, 347, 2, 515, 445]
[:mouse_move, 467, 350, 2, 516, 446]
[:mouse_move, 481, 355, 2, 517, 446]
[:mouse_move, 500, 360, 2, 518, 447]
[:mouse_move, 547, 374, 2, 519, 447]
[:mouse_move, 563, 377, 2, 520, 448]
[:mouse_move, 630, 390, 2, 521, 448]
[:mouse_move, 668, 396, 2, 522, 449]
[:mouse_move, 703, 397, 2, 523, 449]
[:mouse_move, 735, 399, 2, 524, 450]
[:mouse_move, 746, 399, 2, 525, 450]
[:mouse_move, 769, 399, 2, 526, 451]
[:mouse_move, 788, 399, 2, 527, 451]
[:mouse_move, 794, 399, 2, 528, 452]
[:mouse_move, 805, 399, 2, 529, 452]
[:mouse_move, 814, 399, 2, 530, 453]
[:mouse_move, 820, 399, 2, 531, 453]
[:mouse_move, 823, 398, 2, 532, 454]
[:mouse_move, 825, 398, 2, 533, 454]
[:mouse_move, 826, 398, 2, 534, 455]
[:mouse_move, 825, 398, 2, 535, 456]
[:mouse_move, 821, 398, 2, 536, 457]
[:mouse_move, 814, 398, 2, 537, 457]
[:mouse_move, 800, 398, 2, 538, 458]
[:mouse_move, 785, 398, 2, 539, 458]
[:mouse_move, 764, 398, 2, 540, 459]
[:mouse_move, 740, 398, 2, 541, 459]
[:mouse_move, 711, 398, 2, 542, 460]
[:mouse_move, 680, 398, 2, 543, 460]
[:mouse_move, 644, 398, 2, 544, 461]
[:mouse_move, 613, 400, 2, 545, 461]
[:mouse_move, 546, 400, 2, 546, 462]
[:mouse_move, 503, 400, 2, 547, 463]
[:mouse_move, 479, 400, 2, 548, 463]
[:mouse_move, 473, 400, 2, 549, 464]
[:mouse_move, 461, 400, 2, 550, 464]
[:mouse_move, 453, 399, 2, 551, 465]
[:mouse_move, 449, 398, 2, 552, 465]
[:mouse_move, 446, 397, 2, 553, 466]
[:mouse_move, 444, 397, 2, 554, 466]
[:mouse_move, 444, 396, 2, 555, 467]
[:mouse_move, 447, 395, 2, 556, 468]
[:mouse_move, 454, 393, 2, 557, 469]
[:mouse_move, 468, 392, 2, 558, 469]
[:mouse_move, 485, 391, 2, 559, 470]
[:mouse_move, 508, 389, 2, 560, 470]
[:mouse_move, 537, 389, 2, 561, 471]
[:mouse_move, 566, 389, 2, 562, 471]
[:mouse_move, 579, 389, 2, 563, 472]
[:mouse_move, 605, 389, 2, 564, 472]
[:mouse_move, 626, 389, 2, 565, 473]
[:mouse_move, 645, 389, 2, 566, 473]
[:mouse_move, 650, 389, 2, 567, 474]
[:mouse_move, 660, 389, 2, 568, 474]
[:mouse_move, 668, 389, 2, 569, 475]
[:mouse_move, 674, 389, 2, 570, 475]
[:mouse_move, 677, 389, 2, 571, 476]
[:mouse_move, 678, 389, 2, 572, 476]
[:mouse_move, 680, 389, 2, 573, 477]
[:mouse_move, 678, 389, 2, 574, 478]
[:mouse_move, 673, 389, 2, 575, 479]
[:mouse_move, 666, 388, 2, 576, 479]
[:mouse_move, 649, 387, 2, 577, 480]
[:mouse_move, 633, 386, 2, 578, 480]
[:mouse_move, 624, 385, 2, 579, 481]
[:mouse_move, 610, 384, 2, 580, 481]
[:mouse_move, 595, 383, 2, 581, 482]
[:mouse_move, 590, 383, 2, 582, 482]
[:mouse_move, 581, 383, 2, 583, 483]
[:mouse_move, 574, 382, 2, 584, 483]
[:mouse_move, 569, 382, 2, 585, 484]
[:mouse_move, 566, 382, 2, 586, 484]
[:mouse_move, 564, 382, 2, 587, 485]
[:mouse_move, 563, 382, 2, 588, 486]
[:mouse_move, 567, 382, 2, 589, 487]
[:mouse_move, 586, 382, 2, 590, 488]
[:mouse_move, 598, 382, 2, 591, 488]
[:mouse_move, 619, 382, 2, 592, 489]
[:mouse_move, 643, 387, 2, 593, 489]
[:mouse_move, 653, 391, 2, 594, 490]
[:mouse_move, 672, 397, 2, 595, 490]
[:mouse_move, 678, 399, 2, 596, 491]
[:mouse_move, 700, 406, 2, 597, 491]
[:mouse_move, 705, 408, 2, 598, 492]
[:mouse_move, 706, 408, 2, 599, 492]
[:mouse_move, 708, 409, 2, 600, 493]
[:mouse_move, 703, 408, 2, 601, 494]
[:mouse_move, 690, 402, 2, 602, 494]
[:mouse_move, 671, 396, 2, 603, 495]
[:mouse_move, 646, 387, 2, 604, 495]
[:mouse_move, 617, 380, 2, 605, 496]
[:mouse_move, 588, 372, 2, 606, 496]
[:mouse_move, 559, 365, 2, 607, 497]
[:mouse_move, 501, 347, 2, 608, 497]
[:mouse_move, 484, 343, 2, 609, 498]
[:mouse_move, 451, 331, 2, 610, 498]
[:mouse_move, 417, 318, 2, 611, 499]
[:mouse_move, 386, 303, 2, 612, 499]
[:mouse_move, 376, 297, 2, 613, 500]
[:mouse_move, 370, 293, 2, 614, 500]
[:mouse_move, 356, 285, 2, 615, 501]
[:mouse_move, 348, 280, 2, 616, 501]
[:mouse_move, 344, 275, 2, 617, 502]
[:mouse_move, 339, 269, 2, 618, 502]
[:mouse_move, 339, 267, 2, 619, 503]
[:mouse_move, 340, 263, 2, 620, 503]
[:mouse_move, 347, 261, 2, 621, 504]
[:mouse_move, 358, 259, 2, 622, 504]
[:mouse_move, 393, 258, 2, 623, 505]
[:mouse_move, 417, 258, 2, 624, 505]
[:mouse_move, 440, 258, 2, 625, 506]
[:mouse_move, 467, 258, 2, 626, 506]
[:mouse_move, 490, 263, 2, 627, 507]
[:mouse_move, 516, 269, 2, 628, 507]
[:mouse_move, 525, 271, 2, 629, 508]
[:mouse_move, 544, 276, 2, 630, 508]
[:mouse_move, 559, 280, 2, 631, 509]
[:mouse_move, 571, 285, 2, 632, 509]
[:mouse_move, 575, 286, 2, 633, 510]
[:mouse_move, 582, 288, 2, 634, 510]
[:mouse_move, 586, 290, 2, 635, 511]
[:mouse_move, 589, 291, 2, 636, 511]
[:mouse_move, 591, 292, 2, 637, 512]
[:mouse_move, 592, 292, 2, 638, 513]
[:mouse_move, 592, 293, 2, 639, 513]
[:mouse_move, 593, 293, 2, 640, 519]
[:key_down_raw, 96, 0, 2, 641, 528]
[:key_up_raw, 96, 0, 2, 642, 533]
[:key_down_raw, 13, 0, 2, 643, 581]
