replay_version 2.0
stopped_at 913
seed 100
recorded_at 2021-11-20 17:04:30 -0600
[:mouse_move, 784, 90, 2, 1, 1]
[:mouse_button_up, 1, 0, 1, 2, 4]
[:mouse_move, 785, 90, 2, 3, 7]
[:key_down_raw, 1073741903, 0, 2, 4, 63]
[:key_down_raw, 1073741903, 0, 2, 5, 78]
[:key_down_raw, 1073741903, 0, 2, 6, 81]
[:key_down_raw, 1073741903, 0, 2, 7, 83]
[:key_down_raw, 1073741903, 0, 2, 8, 85]
[:key_down_raw, 1073741903, 0, 2, 9, 87]
[:key_down_raw, 1073741903, 0, 2, 10, 89]
[:key_down_raw, 1073741903, 0, 2, 11, 91]
[:key_down_raw, 1073741903, 0, 2, 12, 93]
[:key_down_raw, 1073741903, 0, 2, 13, 95]
[:key_down_raw, 1073741903, 0, 2, 14, 97]
[:key_down_raw, 1073741903, 0, 2, 15, 99]
[:key_down_raw, 1073741903, 0, 2, 16, 101]
[:key_down_raw, 1073741903, 0, 2, 17, 103]
[:key_down_raw, 1073741903, 0, 2, 18, 105]
[:key_down_raw, 1073741903, 0, 2, 19, 107]
[:key_down_raw, 1073741903, 0, 2, 20, 109]
[:key_down_raw, 1073741903, 0, 2, 21, 111]
[:key_down_raw, 1073741903, 0, 2, 22, 113]
[:key_down_raw, 1073741903, 0, 2, 23, 115]
[:key_down_raw, 1073741903, 0, 2, 24, 117]
[:key_down_raw, 1073741903, 0, 2, 25, 119]
[:key_down_raw, 1073741903, 0, 2, 26, 121]
[:key_up_raw, 1073741903, 0, 2, 27, 121]
[:key_down_raw, 1073741904, 0, 2, 28, 155]
[:key_up_raw, 1073741904, 0, 2, 29, 159]
[:key_down_raw, 32, 0, 2, 30, 170]
[:key_up_raw, 32, 0, 2, 31, 176]
[:key_down_raw, 1073741903, 0, 2, 32, 189]
[:key_up_raw, 1073741903, 0, 2, 33, 199]
[:key_down_raw, 1073741904, 0, 2, 34, 235]
[:key_up_raw, 1073741904, 0, 2, 35, 249]
[:key_down_raw, 32, 0, 2, 36, 258]
[:key_down_raw, 1073741903, 0, 2, 37, 262]
[:key_down_raw, 1073741903, 0, 2, 38, 277]
[:key_down_raw, 1073741903, 0, 2, 39, 279]
[:key_down_raw, 1073741903, 0, 2, 40, 281]
[:key_down_raw, 1073741903, 0, 2, 41, 283]
[:key_down_raw, 1073741903, 0, 2, 42, 285]
[:key_down_raw, 1073741903, 0, 2, 43, 287]
[:key_up_raw, 32, 0, 2, 44, 288]
[:key_down_raw, 1073741903, 0, 2, 45, 289]
[:key_up_raw, 1073741903, 0, 2, 46, 290]
[:key_down_raw, 1073741904, 0, 2, 47, 309]
[:key_down_raw, 32, 0, 2, 48, 320]
[:key_up_raw, 32, 0, 2, 49, 330]
[:key_down_raw, 32, 0, 2, 50, 335]
[:key_up_raw, 32, 0, 2, 51, 339]
[:key_up_raw, 1073741904, 0, 2, 52, 355]
[:key_down_raw, 1073741903, 0, 2, 53, 361]
[:key_down_raw, 1073741903, 0, 2, 54, 376]
[:key_down_raw, 1073741903, 0, 2, 55, 378]
[:key_down_raw, 1073741903, 0, 2, 56, 380]
[:key_down_raw, 1073741903, 0, 2, 57, 382]
[:key_down_raw, 1073741903, 0, 2, 58, 384]
[:key_down_raw, 1073741903, 0, 2, 59, 386]
[:key_down_raw, 1073741903, 0, 2, 60, 388]
[:key_down_raw, 1073741903, 0, 2, 61, 390]
[:key_down_raw, 1073741903, 0, 2, 62, 392]
[:key_down_raw, 1073741903, 0, 2, 63, 394]
[:key_down_raw, 1073741903, 0, 2, 64, 396]
[:key_down_raw, 1073741903, 0, 2, 65, 398]
[:key_down_raw, 1073741903, 0, 2, 66, 400]
[:key_down_raw, 1073741903, 0, 2, 67, 402]
[:key_up_raw, 1073741903, 0, 2, 68, 403]
[:key_down_raw, 32, 0, 2, 69, 408]
[:key_up_raw, 32, 0, 2, 70, 415]
[:key_down_raw, 32, 0, 2, 71, 435]
[:key_up_raw, 32, 0, 2, 72, 450]
[:key_down_raw, 32, 0, 2, 73, 461]
[:key_up_raw, 32, 0, 2, 74, 473]
[:key_down_raw, 1073741903, 0, 2, 75, 480]
[:key_up_raw, 1073741903, 0, 2, 76, 491]
[:key_down_raw, 32, 0, 2, 77, 495]
[:key_down_raw, 32, 0, 2, 78, 509]
[:key_down_raw, 32, 0, 2, 79, 511]
[:key_down_raw, 32, 0, 2, 80, 515]
[:key_down_raw, 32, 0, 2, 81, 515]
[:key_down_raw, 32, 0, 2, 82, 517]
[:key_up_raw, 32, 0, 2, 83, 519]
[:key_down_raw, 1073741903, 0, 2, 84, 525]
[:key_down_raw, 32, 0, 2, 85, 537]
[:key_up_raw, 1073741903, 0, 2, 86, 539]
[:key_up_raw, 32, 0, 2, 87, 549]
[:key_down_raw, 1073741904, 0, 2, 88, 567]
[:key_down_raw, 1073741904, 0, 2, 89, 582]
[:key_down_raw, 1073741904, 0, 2, 90, 584]
[:key_down_raw, 1073741904, 0, 2, 91, 586]
[:key_down_raw, 1073741904, 0, 2, 92, 588]
[:key_down_raw, 1073741904, 0, 2, 93, 591]
[:key_down_raw, 1073741904, 0, 2, 94, 593]
[:key_down_raw, 1073741904, 0, 2, 95, 594]
[:key_up_raw, 1073741904, 0, 2, 96, 595]
[:key_down_raw, 1073741904, 0, 2, 97, 623]
[:key_down_raw, 1073741904, 0, 2, 98, 640]
[:key_down_raw, 1073741904, 0, 2, 99, 640]
[:key_down_raw, 1073741904, 0, 2, 100, 642]
[:key_down_raw, 1073741904, 0, 2, 101, 645]
[:key_down_raw, 1073741904, 0, 2, 102, 647]
[:key_down_raw, 1073741904, 0, 2, 103, 649]
[:key_down_raw, 1073741904, 0, 2, 104, 651]
[:key_up_raw, 1073741904, 0, 2, 105, 652]
[:key_down_raw, 1073741903, 0, 2, 106, 683]
[:key_down_raw, 1073741903, 0, 2, 107, 698]
[:key_down_raw, 1073741903, 0, 2, 108, 700]
[:key_down_raw, 1073741903, 0, 2, 109, 702]
[:key_down_raw, 1073741903, 0, 2, 110, 704]
[:key_down_raw, 1073741903, 0, 2, 111, 706]
[:key_down_raw, 1073741903, 0, 2, 112, 708]
[:key_down_raw, 1073741903, 0, 2, 113, 710]
[:key_down_raw, 1073741903, 0, 2, 114, 712]
[:key_down_raw, 1073741903, 0, 2, 115, 714]
[:key_down_raw, 1073741903, 0, 2, 116, 716]
[:key_down_raw, 1073741903, 0, 2, 117, 718]
[:key_down_raw, 1073741903, 0, 2, 118, 720]
[:key_down_raw, 1073741903, 0, 2, 119, 722]
[:key_down_raw, 1073741903, 0, 2, 120, 724]
[:key_down_raw, 1073741903, 0, 2, 121, 726]
[:key_down_raw, 1073741903, 0, 2, 122, 728]
[:key_down_raw, 1073741903, 0, 2, 123, 730]
[:key_down_raw, 1073741903, 0, 2, 124, 732]
[:key_down_raw, 1073741903, 0, 2, 125, 734]
[:key_down_raw, 1073741903, 0, 2, 126, 736]
[:key_down_raw, 1073741903, 0, 2, 127, 738]
[:key_down_raw, 1073741903, 0, 2, 128, 740]
[:key_down_raw, 1073741903, 0, 2, 129, 742]
[:key_down_raw, 1073741903, 0, 2, 130, 744]
[:key_down_raw, 1073741903, 0, 2, 131, 746]
[:key_down_raw, 1073741903, 0, 2, 132, 748]
[:key_down_raw, 32, 0, 2, 133, 748]
[:key_down_raw, 32, 0, 2, 134, 763]
[:key_down_raw, 32, 0, 2, 135, 765]
[:key_down_raw, 32, 0, 2, 136, 767]
[:key_down_raw, 32, 0, 2, 137, 769]
[:key_down_raw, 32, 0, 2, 138, 771]
[:key_up_raw, 32, 0, 2, 139, 773]
[:key_down_raw, 1073741904, 0, 2, 140, 775]
[:key_up_raw, 1073741903, 0, 2, 141, 776]
[:key_down_raw, 1073741904, 0, 2, 142, 790]
[:key_down_raw, 1073741904, 0, 2, 143, 792]
[:key_down_raw, 1073741904, 0, 2, 144, 794]
[:key_down_raw, 1073741904, 0, 2, 145, 796]
[:key_down_raw, 1073741904, 0, 2, 146, 798]
[:key_down_raw, 1073741904, 0, 2, 147, 801]
[:key_down_raw, 1073741904, 0, 2, 148, 803]
[:key_down_raw, 1073741904, 0, 2, 149, 804]
[:key_down_raw, 1073741904, 0, 2, 150, 807]
[:key_down_raw, 1073741904, 0, 2, 151, 809]
[:key_up_raw, 1073741904, 0, 2, 152, 810]
[:key_down_raw, 96, 0, 2, 153, 854]
[:key_up_raw, 96, 0, 2, 154, 858]
[:key_down_raw, 13, 0, 2, 155, 913]
