100,10740,500,10780
500,10780,960,10760
960,10760,1340,10760
1380,10760,1820,10780
1820,10780,2240,10780
2280,10780,2740,10740
2740,10740,3000,10780
3000,10780,3140,11020
-520,8820,-480,9160
-520,8480,-520,8820
-520,8480,-480,8180
-480,8180,-200,8120
-200,8120,100,8220
100,8220,420,8240
420,8240,760,8260
760,8260,1140,8280
1140,8280,1500,8200
1500,8200,1880,8240
1880,8240,2240,8260
2240,8260,2320,8480
2320,8480,2380,8680
2240,8860,2380,8680
2240,9080,2240,8860
2240,9080,2320,9260
2320,9260,2480,9440
2480,9440,2600,9640
2480,9840,2600,9640
2400,10020,2480,9840
2240,10080,2400,10020
1960,10080,2240,10080
1720,10080,1960,10080
1460,10080,1720,10080
1180,10080,1420,10080
900,10080,1180,10080
640,10080,900,10080
640,10080,640,9900
60,10520,100,10740
40,10240,60,10520
40,10240,40,9960
40,9960,40,9680
40,9680,40,9360
40,9360,60,9080
60,9080,100,8860
100,8860,460,9040
460,9040,760,9220
760,9220,1140,9220
1140,9220,1720,9200
-660,11580,-600,11420
-660,11800,-660,11580
-660,12000,-660,11800
-660,12000,-600,12220
-600,12220,-600,12440
-600,12440,-600,12640
-600,11240,-260,11280
-260,11280,100,11240
9000,12360,9020,12400
9020,12620,9020,12400
9020,12840,9020,12620
9020,13060,9020,12840
9020,13060,9020,13240
9020,13240,9020,13420
9020,13420,9020,13600
9020,13600,9020,13780
8880,13900,9020,13780
8560,13800,8880,13900
8220,13780,8560,13800
7860,13760,8220,13780
7640,13780,7860,13760
7360,13800,7640,13780
7100,13800,7360,13800
6540,13760,6800,13780
6800,13780,7100,13800
6280,13760,6540,13760
5760,13760,6280,13760
5220,13780,5760,13760
4700,13760,5220,13780
4200,13740,4700,13760
3680,13720,4200,13740
3140,13700,3680,13720
2600,13680,3140,13700
2040,13940,2600,13680
1640,13940,2040,13940
1200,13960,1640,13940
840,14000,1200,13960
300,13960,840,14000
-200,13900,300,13960
-600,12840,-600,12640
-600,13140,-600,12840
-600,13140,-600,13420
-600,13700,-600,13420
-600,13700,-600,13820
-600,13820,-200,13900
-600,11240,-560,11000
-560,11000,-480,10840
-520,10660,-480,10840
-520,10660,-520,10480
-520,10480,-520,10300
-520,10260,-480,10080
-480,9880,-440,10060
-520,9680,-480,9880
-520,9680,-480,9400
-480,9400,-480,9160
1820,9880,2140,9800
1540,9880,1820,9880
1200,9920,1500,9880
900,9880,1200,9920
640,9900,840,9880
2380,8760,2800,8760
2800,8760,2840,8660
2840,8660,2840,8420
2840,8160,2840,8420
2800,7900,2840,8160
2800,7900,2800,7720
2800,7540,2800,7720
2800,7540,2800,7360
2700,7220,2800,7360
2400,7220,2700,7220
2080,7240,2400,7220
1760,7320,2080,7240
1380,7360,1720,7320
1040,7400,1340,7360
640,7400,1000,7420
300,7380,640,7400
0,7300,240,7380
-300,7180,-60,7300
-380,6860,-360,7180
-380,6880,-360,6700
-360,6700,-260,6540
-260,6540,0,6520
0,6520,240,6640
240,6640,460,6640
460,6640,500,6480
500,6260,500,6480
460,6060,500,6260
460,5860,460,6060
460,5860,500,5640
500,5640,540,5440
540,5440,580,5220
580,5220,580,5000
580,4960,580,4740
580,4740,960,4700
960,4700,1140,4760
1140,4760,1420,4740
1420,4740,1720,4700
1720,4700,2000,4740
2000,4740,2380,4760
2380,4760,2700,4800
1720,4600,1760,4300
1760,4300,2200,4340
2200,4340,2560,4340
2560,4340,2740,4340
2160,12580,2440,12400
1820,12840,2160,12580
1500,13080,1820,12840
1140,13340,1500,13080
1140,13340,1580,13220
2110,13080,2520,13000
2520,13000,2900,12800
1580,13220,2110,13080
2900,12800,3200,12680
3200,12680,3440,12640
3440,12640,3720,12460
3720,12460,4040,12320
4040,12320,4360,12200
4360,11940,4380,12180
4360,11700,4360,11940
4360,11700,4540,11500
4540,11500,4880,11540
6000,11660,6280,11640
5440,11600,5720,11610
5720,11610,6000,11660
6280,11640,6760,11720
6760,11720,7060,11780
7060,11780,7360,11810
7360,11810,7640,11840
7640,11840,8000,11830
8000,11830,8320,11850
8320,11850,8390,11800
8330,11760,8390,11800
8160,11760,8330,11760
7910,11750,8160,11760
7660,11740,7900,11750
7400,11730,7660,11740
7160,11680,7400,11730
7080,11570,7160,11680
7080,11570,7100,11350
7100,11350,7440,11280
7440,11280,7940,11280
7960,11280,8360,11280
5840,11540,6650,11170
4880,11540,5440,11600
3410,11830,3420,11300
3410,11260,3520,10920
3520,10590,3520,10920
3520,10590,3540,10260
3520,9900,3540,10240
3520,9900,3640,9590
3640,9570,4120,9590
4140,9590,4600,9680
4620,9680,5030,9730
5120,9750,5520,9800
5620,9820,6080,9800
6130,9810,6580,9820
6640,9820,6800,9700
6780,9400,6800,9700
6780,9400,6840,9140
6820,8860,6840,9120
6780,8600,6820,8830
6720,8350,6780,8570
6480,8340,6720,8320
6260,8400,6480,8340
6050,8580,6240,8400
5760,8630,6040,8590
5520,8690,5740,8630
5120,8690,5450,8700
4570,8670,5080,8690
4020,8610,4540,8670
3540,8480,4020,8610
3520,8230,3520,8480
3520,7930,3520,8230
3520,7930,3540,7630
3480,7320,3540,7610
3480,7280,3500,7010
3500,6980,3680,6850
3680,6850,4220,6840
4230,6840,4760,6850
4780,6850,5310,6860
5310,6860,5720,6940
5720,6940,5880,7250
5880,7250,5900,7520
100,11240,440,11300
440,11300,760,11330
1480,11280,1840,11230
2200,11130,2360,11090
1840,11230,2200,11130