replay_version 2.1
stopped_at 3191
seed 100
recorded_at 2026-02-08 20:48:55 -0600
[:mouse_button_up, 1, 0, 1, 1, 2]
[:mouse_move, 902, 144, 2, 2, 19]
[:mouse_move, 905, 146, 2, 3, 20]
[:mouse_move, 908, 148, 2, 4, 21]
[:mouse_move, 914, 149, 2, 5, 22]
[:mouse_move, 925, 153, 2, 6, 23]
[:mouse_move, 937, 156, 2, 7, 24]
[:mouse_move, 950, 159, 2, 8, 25]
[:mouse_move, 961, 163, 2, 9, 26]
[:mouse_move, 970, 165, 2, 10, 27]
[:mouse_move, 974, 167, 2, 11, 28]
[:mouse_move, 980, 169, 2, 12, 29]
[:mouse_move, 982, 171, 2, 13, 30]
[:mouse_move, 983, 171, 2, 14, 31]
[:mouse_move, 983, 171, 2, 15, 32]
[:mouse_move, 982, 172, 2, 16, 33]
[:mouse_move, 977, 172, 2, 17, 34]
[:mouse_move, 972, 172, 2, 18, 35]
[:mouse_move, 971, 172, 2, 19, 59]
[:mouse_move, 968, 173, 2, 20, 60]
[:mouse_move, 965, 175, 2, 21, 61]
[:mouse_move, 958, 179, 2, 22, 62]
[:mouse_move, 951, 182, 2, 23, 63]
[:mouse_move, 941, 187, 2, 24, 64]
[:mouse_move, 929, 191, 2, 25, 65]
[:mouse_move, 911, 195, 2, 26, 66]
[:mouse_move, 899, 198, 2, 27, 67]
[:mouse_move, 894, 199, 2, 28, 68]
[:mouse_move, 891, 200, 2, 29, 69]
[:mouse_move, 890, 200, 2, 30, 70]
[:mouse_move, 889, 200, 2, 31, 71]
[:mouse_move, 890, 199, 2, 32, 73]
[:mouse_move, 890, 199, 2, 33, 113]
[:mouse_move, 890, 200, 2, 34, 116]
[:mouse_move, 890, 202, 2, 35, 117]
[:mouse_move, 889, 205, 2, 36, 118]
[:mouse_move, 885, 212, 2, 37, 119]
[:mouse_move, 881, 219, 2, 38, 120]
[:mouse_move, 877, 225, 2, 39, 121]
[:mouse_move, 873, 232, 2, 40, 122]
[:mouse_move, 871, 236, 2, 41, 123]
[:mouse_move, 865, 244, 2, 42, 124]
[:mouse_move, 860, 253, 2, 43, 125]
[:mouse_move, 853, 265, 2, 44, 126]
[:mouse_move, 846, 275, 2, 45, 127]
[:mouse_move, 823, 299, 2, 46, 128]
[:mouse_move, 788, 322, 2, 47, 129]
[:mouse_move, 702, 360, 2, 48, 130]
[:mouse_move, 626, 388, 2, 49, 131]
[:mouse_move, 551, 416, 2, 50, 132]
[:mouse_move, 496, 433, 2, 51, 133]
[:mouse_move, 442, 448, 2, 52, 134]
[:mouse_move, 427, 451, 2, 53, 135]
[:mouse_move, 406, 453, 2, 54, 136]
[:mouse_move, 395, 454, 2, 55, 137]
[:mouse_move, 386, 451, 2, 56, 138]
[:mouse_move, 380, 447, 2, 57, 139]
[:mouse_move, 376, 443, 2, 58, 140]
[:mouse_move, 373, 440, 2, 59, 141]
[:mouse_move, 371, 439, 2, 60, 142]
[:mouse_move, 368, 437, 2, 61, 143]
[:mouse_move, 363, 434, 2, 62, 144]
[:mouse_move, 354, 430, 2, 63, 145]
[:mouse_move, 350, 428, 2, 64, 146]
[:mouse_move, 343, 425, 2, 65, 147]
[:mouse_move, 338, 425, 2, 66, 148]
[:mouse_move, 331, 425, 2, 67, 149]
[:mouse_move, 314, 425, 2, 68, 150]
[:mouse_move, 291, 425, 2, 69, 151]
[:mouse_move, 272, 425, 2, 70, 152]
[:mouse_move, 261, 425, 2, 71, 153]
[:mouse_move, 251, 425, 2, 72, 154]
[:mouse_move, 250, 425, 2, 73, 155]
[:mouse_move, 250, 425, 2, 74, 157]
[:mouse_move, 251, 425, 2, 75, 162]
[:mouse_button_pressed, 1, 0, 1, 76, 167]
[:mouse_button_up, 1, 0, 1, 77, 174]
[:mouse_move, 251, 425, 2, 78, 182]
[:mouse_move, 254, 425, 2, 79, 183]
[:mouse_move, 262, 425, 2, 80, 184]
[:mouse_move, 276, 424, 2, 81, 185]
[:mouse_move, 302, 419, 2, 82, 186]
[:mouse_move, 340, 410, 2, 83, 187]
[:mouse_move, 392, 397, 2, 84, 188]
[:mouse_move, 483, 371, 2, 85, 189]
[:mouse_move, 514, 360, 2, 86, 190]
[:mouse_move, 577, 339, 2, 87, 191]
[:mouse_move, 648, 314, 2, 88, 192]
[:mouse_move, 751, 283, 2, 89, 193]
[:mouse_move, 800, 272, 2, 90, 194]
[:mouse_move, 851, 265, 2, 91, 195]
[:mouse_move, 886, 262, 2, 92, 196]
[:mouse_move, 911, 259, 2, 93, 197]
[:mouse_move, 921, 258, 2, 94, 198]
[:mouse_move, 934, 256, 2, 95, 199]
[:mouse_move, 937, 256, 2, 96, 200]
[:mouse_move, 940, 255, 2, 97, 201]
[:mouse_move, 941, 255, 2, 98, 202]
[:mouse_move, 942, 255, 2, 99, 203]
[:mouse_move, 942, 255, 2, 100, 204]
[:mouse_move, 942, 254, 2, 101, 206]
[:mouse_move, 942, 256, 2, 102, 416]
[:mouse_move, 942, 261, 2, 103, 417]
[:mouse_move, 942, 266, 2, 104, 418]
[:mouse_move, 942, 271, 2, 105, 419]
[:mouse_move, 941, 277, 2, 106, 420]
[:mouse_move, 939, 287, 2, 107, 421]
[:mouse_move, 937, 296, 2, 108, 422]
[:mouse_move, 934, 310, 2, 109, 423]
[:mouse_move, 931, 325, 2, 110, 424]
[:mouse_move, 928, 339, 2, 111, 425]
[:mouse_move, 925, 353, 2, 112, 426]
[:mouse_move, 922, 362, 2, 113, 427]
[:mouse_move, 920, 371, 2, 114, 428]
[:mouse_move, 915, 380, 2, 115, 429]
[:mouse_move, 912, 386, 2, 116, 430]
[:mouse_move, 909, 391, 2, 117, 431]
[:mouse_move, 906, 396, 2, 118, 432]
[:mouse_move, 905, 399, 2, 119, 433]
[:mouse_move, 902, 402, 2, 120, 434]
[:mouse_move, 900, 405, 2, 121, 435]
[:mouse_move, 899, 405, 2, 122, 436]
[:mouse_move, 898, 406, 2, 123, 437]
[:mouse_move, 897, 406, 2, 124, 438]
[:mouse_move, 897, 406, 2, 125, 440]
[:mouse_move, 897, 407, 2, 126, 444]
[:mouse_move, 896, 407, 2, 127, 445]
[:mouse_move, 895, 407, 2, 128, 446]
[:mouse_move, 894, 408, 2, 129, 447]
[:mouse_move, 894, 408, 2, 130, 448]
[:mouse_move, 893, 408, 2, 131, 450]
[:mouse_move, 890, 408, 2, 132, 453]
[:mouse_move, 884, 408, 2, 133, 454]
[:mouse_move, 877, 408, 2, 134, 455]
[:mouse_move, 870, 409, 2, 135, 456]
[:mouse_move, 865, 409, 2, 136, 457]
[:mouse_move, 857, 410, 2, 137, 458]
[:mouse_move, 847, 411, 2, 138, 459]
[:mouse_move, 841, 412, 2, 139, 460]
[:mouse_move, 828, 413, 2, 140, 461]
[:mouse_move, 820, 414, 2, 141, 462]
[:mouse_move, 814, 414, 2, 142, 463]
[:mouse_move, 808, 415, 2, 143, 464]
[:mouse_move, 805, 415, 2, 144, 465]
[:mouse_move, 805, 415, 2, 145, 466]
[:mouse_button_pressed, 1, 0, 1, 146, 487]
[:mouse_button_up, 1, 0, 1, 147, 493]
[:mouse_move, 809, 415, 2, 148, 509]
[:mouse_move, 814, 414, 2, 149, 510]
[:mouse_move, 815, 414, 2, 150, 511]
[:mouse_move, 821, 413, 2, 151, 512]
[:mouse_move, 825, 411, 2, 152, 513]
[:mouse_move, 828, 409, 2, 153, 514]
[:mouse_move, 828, 409, 2, 154, 517]
[:mouse_move, 822, 411, 2, 155, 518]
[:mouse_move, 805, 418, 2, 156, 519]
[:mouse_move, 800, 420, 2, 157, 520]
[:mouse_move, 771, 431, 2, 158, 521]
[:mouse_move, 755, 436, 2, 159, 522]
[:mouse_move, 742, 440, 2, 160, 523]
[:mouse_move, 731, 441, 2, 161, 524]
[:mouse_move, 727, 440, 2, 162, 525]
[:mouse_move, 722, 438, 2, 163, 526]
[:mouse_move, 719, 436, 2, 164, 527]
[:mouse_move, 717, 435, 2, 165, 528]
[:mouse_move, 716, 433, 2, 166, 529]
[:mouse_move, 715, 432, 2, 167, 530]
[:mouse_move, 714, 431, 2, 168, 531]
[:mouse_move, 714, 431, 2, 169, 532]
[:mouse_move, 714, 431, 2, 170, 534]
[:mouse_move, 713, 431, 2, 171, 536]
[:mouse_button_pressed, 1, 0, 1, 172, 539]
[:mouse_button_up, 1, 0, 1, 173, 545]
[:mouse_move, 713, 431, 2, 174, 571]
[:mouse_move, 713, 435, 2, 175, 572]
[:mouse_move, 714, 448, 2, 176, 573]
[:mouse_move, 714, 452, 2, 177, 574]
[:mouse_move, 715, 480, 2, 178, 575]
[:mouse_move, 717, 521, 2, 179, 576]
[:mouse_move, 718, 554, 2, 180, 577]
[:mouse_move, 720, 572, 2, 181, 578]
[:mouse_move, 723, 591, 2, 182, 579]
[:mouse_move, 724, 593, 2, 183, 580]
[:mouse_move, 725, 597, 2, 184, 581]
[:mouse_move, 725, 596, 2, 185, 584]
[:mouse_move, 725, 595, 2, 186, 585]
[:mouse_move, 725, 593, 2, 187, 586]
[:mouse_move, 725, 593, 2, 188, 588]
[:mouse_move, 725, 593, 2, 189, 589]
[:mouse_move, 725, 592, 2, 190, 592]
[:mouse_move, 725, 591, 2, 191, 593]
[:mouse_move, 725, 589, 2, 192, 594]
[:mouse_move, 725, 587, 2, 193, 595]
[:mouse_move, 724, 585, 2, 194, 596]
[:mouse_move, 723, 581, 2, 195, 597]
[:mouse_move, 723, 576, 2, 196, 598]
[:mouse_move, 723, 574, 2, 197, 599]
[:mouse_move, 723, 573, 2, 198, 600]
[:mouse_move, 723, 573, 2, 199, 601]
[:mouse_move, 723, 572, 2, 200, 624]
[:mouse_move, 723, 571, 2, 201, 625]
[:mouse_move, 724, 570, 2, 202, 626]
[:mouse_move, 725, 568, 2, 203, 627]
[:mouse_move, 726, 567, 2, 204, 628]
[:mouse_move, 728, 564, 2, 205, 629]
[:mouse_move, 733, 559, 2, 206, 630]
[:mouse_move, 737, 556, 2, 207, 631]
[:mouse_move, 742, 551, 2, 208, 632]
[:mouse_move, 750, 545, 2, 209, 633]
[:mouse_move, 761, 537, 2, 210, 634]
[:mouse_move, 774, 528, 2, 211, 635]
[:mouse_move, 791, 518, 2, 212, 636]
[:mouse_move, 797, 514, 2, 213, 637]
[:mouse_move, 827, 494, 2, 214, 638]
[:mouse_move, 845, 482, 2, 215, 639]
[:mouse_move, 865, 472, 2, 216, 640]
[:mouse_move, 874, 466, 2, 217, 641]
[:mouse_move, 885, 462, 2, 218, 642]
[:mouse_move, 890, 459, 2, 219, 643]
[:mouse_move, 900, 455, 2, 220, 644]
[:mouse_move, 909, 451, 2, 221, 645]
[:mouse_move, 911, 450, 2, 222, 646]
[:mouse_move, 928, 442, 2, 223, 647]
[:mouse_move, 940, 438, 2, 224, 648]
[:mouse_move, 948, 435, 2, 225, 649]
[:mouse_move, 954, 432, 2, 226, 650]
[:mouse_move, 958, 431, 2, 227, 651]
[:mouse_move, 961, 430, 2, 228, 652]
[:mouse_move, 964, 429, 2, 229, 653]
[:mouse_move, 965, 428, 2, 230, 654]
[:mouse_move, 968, 428, 2, 231, 656]
[:mouse_move, 969, 428, 2, 232, 657]
[:mouse_move, 971, 427, 2, 233, 658]
[:mouse_move, 972, 426, 2, 234, 659]
[:mouse_move, 974, 425, 2, 235, 660]
[:mouse_move, 976, 425, 2, 236, 661]
[:mouse_move, 977, 425, 2, 237, 662]
[:mouse_move, 977, 425, 2, 238, 663]
[:mouse_move, 978, 425, 2, 239, 664]
[:mouse_move, 979, 425, 2, 240, 665]
[:mouse_button_pressed, 1, 0, 1, 241, 676]
[:mouse_button_up, 1, 0, 1, 242, 684]
[:mouse_move, 979, 425, 2, 243, 700]
[:mouse_move, 979, 431, 2, 244, 701]
[:mouse_move, 979, 437, 2, 245, 702]
[:mouse_move, 978, 442, 2, 246, 703]
[:mouse_move, 977, 448, 2, 247, 704]
[:mouse_move, 974, 457, 2, 248, 705]
[:mouse_move, 971, 466, 2, 249, 706]
[:mouse_move, 965, 478, 2, 250, 707]
[:mouse_move, 959, 489, 2, 251, 708]
[:mouse_move, 955, 493, 2, 252, 709]
[:mouse_move, 938, 506, 2, 253, 710]
[:mouse_move, 925, 513, 2, 254, 711]
[:mouse_move, 912, 516, 2, 255, 712]
[:mouse_move, 905, 517, 2, 256, 713]
[:mouse_move, 900, 519, 2, 257, 714]
[:mouse_move, 898, 519, 2, 258, 715]
[:mouse_move, 897, 519, 2, 259, 716]
[:mouse_move, 897, 518, 2, 260, 774]
[:mouse_move, 896, 516, 2, 261, 775]
[:mouse_move, 894, 513, 2, 262, 776]
[:mouse_move, 893, 508, 2, 263, 777]
[:mouse_move, 891, 500, 2, 264, 778]
[:mouse_move, 891, 493, 2, 265, 779]
[:mouse_move, 891, 485, 2, 266, 780]
[:mouse_move, 891, 479, 2, 267, 781]
[:mouse_move, 892, 473, 2, 268, 782]
[:mouse_move, 893, 467, 2, 269, 783]
[:mouse_move, 894, 462, 2, 270, 784]
[:mouse_move, 894, 461, 2, 271, 785]
[:mouse_move, 894, 459, 2, 272, 786]
[:mouse_move, 894, 457, 2, 273, 787]
[:mouse_move, 894, 456, 2, 274, 788]
[:mouse_move, 894, 455, 2, 275, 789]
[:mouse_move, 894, 454, 2, 276, 790]
[:mouse_move, 894, 452, 2, 277, 791]
[:mouse_move, 895, 450, 2, 278, 792]
[:mouse_move, 895, 448, 2, 279, 793]
[:mouse_move, 896, 446, 2, 280, 794]
[:mouse_move, 896, 445, 2, 281, 795]
[:mouse_move, 896, 444, 2, 282, 796]
[:mouse_move, 896, 443, 2, 283, 798]
[:mouse_button_pressed, 1, 0, 1, 284, 812]
[:mouse_button_up, 1, 0, 1, 285, 820]
[:mouse_move, 896, 445, 2, 286, 833]
[:mouse_move, 894, 452, 2, 287, 834]
[:mouse_move, 894, 455, 2, 288, 835]
[:mouse_move, 886, 470, 2, 289, 836]
[:mouse_move, 879, 483, 2, 290, 837]
[:mouse_move, 871, 499, 2, 291, 838]
[:mouse_move, 864, 511, 2, 292, 839]
[:mouse_move, 857, 523, 2, 293, 840]
[:mouse_move, 850, 533, 2, 294, 841]
[:mouse_move, 845, 539, 2, 295, 842]
[:mouse_move, 840, 542, 2, 296, 843]
[:mouse_move, 837, 543, 2, 297, 844]
[:mouse_move, 834, 545, 2, 298, 845]
[:mouse_move, 833, 545, 2, 299, 846]
[:mouse_move, 831, 543, 2, 300, 907]
[:mouse_move, 825, 539, 2, 301, 908]
[:mouse_move, 814, 533, 2, 302, 909]
[:mouse_move, 802, 526, 2, 303, 910]
[:mouse_move, 786, 520, 2, 304, 911]
[:mouse_move, 748, 507, 2, 305, 912]
[:mouse_move, 708, 496, 2, 306, 913]
[:mouse_move, 660, 483, 2, 307, 914]
[:mouse_move, 617, 471, 2, 308, 915]
[:mouse_move, 602, 468, 2, 309, 916]
[:mouse_move, 576, 461, 2, 310, 917]
[:mouse_move, 557, 456, 2, 311, 918]
[:mouse_move, 545, 454, 2, 312, 919]
[:mouse_move, 531, 451, 2, 313, 920]
[:mouse_move, 522, 449, 2, 314, 921]
[:mouse_move, 517, 448, 2, 315, 922]
[:mouse_move, 511, 445, 2, 316, 923]
[:mouse_move, 508, 443, 2, 317, 924]
[:mouse_move, 501, 439, 2, 318, 925]
[:mouse_move, 493, 434, 2, 319, 926]
[:mouse_move, 487, 431, 2, 320, 927]
[:mouse_move, 481, 428, 2, 321, 928]
[:mouse_move, 480, 426, 2, 322, 929]
[:mouse_move, 479, 426, 2, 323, 930]
[:mouse_move, 479, 425, 2, 324, 933]
[:mouse_move, 478, 425, 2, 325, 956]
[:mouse_move, 477, 425, 2, 326, 957]
[:mouse_move, 474, 425, 2, 327, 958]
[:mouse_move, 467, 425, 2, 328, 959]
[:mouse_move, 457, 426, 2, 329, 960]
[:mouse_move, 451, 426, 2, 330, 961]
[:mouse_move, 445, 426, 2, 331, 962]
[:mouse_move, 442, 426, 2, 332, 963]
[:mouse_move, 441, 426, 2, 333, 964]
[:mouse_move, 440, 425, 2, 334, 965]
[:mouse_move, 438, 425, 2, 335, 979]
[:mouse_move, 428, 425, 2, 336, 980]
[:mouse_move, 420, 425, 2, 337, 981]
[:mouse_move, 411, 426, 2, 338, 982]
[:mouse_move, 405, 426, 2, 339, 983]
[:mouse_move, 391, 427, 2, 340, 985]
[:mouse_move, 378, 427, 2, 341, 986]
[:mouse_move, 375, 427, 2, 342, 987]
[:mouse_move, 374, 427, 2, 343, 988]
[:mouse_move, 374, 427, 2, 344, 990]
[:mouse_button_pressed, 1, 0, 1, 345, 993]
[:mouse_button_up, 1, 0, 1, 346, 1000]
[:mouse_move, 380, 431, 2, 347, 1016]
[:mouse_move, 388, 435, 2, 348, 1017]
[:mouse_move, 397, 441, 2, 349, 1018]
[:mouse_move, 403, 445, 2, 350, 1019]
[:mouse_move, 414, 453, 2, 351, 1020]
[:mouse_move, 428, 462, 2, 352, 1021]
[:mouse_move, 444, 473, 2, 353, 1022]
[:mouse_move, 460, 482, 2, 354, 1023]
[:mouse_move, 467, 487, 2, 355, 1024]
[:mouse_move, 516, 520, 2, 356, 1025]
[:mouse_move, 528, 531, 2, 357, 1026]
[:mouse_move, 546, 545, 2, 358, 1027]
[:mouse_move, 554, 555, 2, 359, 1028]
[:mouse_move, 557, 558, 2, 360, 1029]
[:mouse_move, 560, 561, 2, 361, 1030]
[:mouse_move, 558, 559, 2, 362, 1101]
[:mouse_move, 554, 553, 2, 363, 1102]
[:mouse_move, 548, 545, 2, 364, 1103]
[:mouse_move, 542, 532, 2, 365, 1104]
[:mouse_move, 534, 517, 2, 366, 1105]
[:mouse_move, 529, 500, 2, 367, 1106]
[:mouse_move, 525, 486, 2, 368, 1107]
[:mouse_move, 523, 478, 2, 369, 1108]
[:mouse_move, 521, 471, 2, 370, 1109]
[:mouse_move, 520, 467, 2, 371, 1110]
[:mouse_move, 520, 465, 2, 372, 1111]
[:mouse_move, 520, 464, 2, 373, 1112]
[:mouse_move, 519, 462, 2, 374, 1113]
[:mouse_move, 517, 460, 2, 375, 1114]
[:mouse_move, 515, 458, 2, 376, 1115]
[:mouse_move, 514, 456, 2, 377, 1116]
[:mouse_move, 513, 454, 2, 378, 1117]
[:mouse_move, 511, 453, 2, 379, 1118]
[:mouse_move, 511, 451, 2, 380, 1119]
[:mouse_move, 510, 450, 2, 381, 1120]
[:mouse_move, 510, 448, 2, 382, 1121]
[:mouse_move, 509, 448, 2, 383, 1122]
[:mouse_move, 509, 447, 2, 384, 1123]
[:mouse_move, 509, 446, 2, 385, 1124]
[:mouse_move, 509, 445, 2, 386, 1126]
[:mouse_move, 508, 445, 2, 387, 1130]
[:mouse_button_pressed, 1, 0, 1, 388, 1135]
[:mouse_button_up, 1, 0, 1, 389, 1144]
[:mouse_move, 509, 445, 2, 390, 1160]
[:mouse_move, 510, 447, 2, 391, 1161]
[:mouse_move, 514, 453, 2, 392, 1162]
[:mouse_move, 519, 460, 2, 393, 1163]
[:mouse_move, 528, 475, 2, 394, 1164]
[:mouse_move, 540, 491, 2, 395, 1165]
[:mouse_move, 548, 501, 2, 396, 1166]
[:mouse_move, 555, 509, 2, 397, 1167]
[:mouse_move, 564, 516, 2, 398, 1168]
[:mouse_move, 572, 519, 2, 399, 1169]
[:mouse_move, 584, 520, 2, 400, 1170]
[:mouse_move, 594, 520, 2, 401, 1171]
[:mouse_move, 600, 520, 2, 402, 1172]
[:mouse_move, 606, 518, 2, 403, 1173]
[:mouse_move, 609, 517, 2, 404, 1174]
[:mouse_move, 610, 517, 2, 405, 1175]
[:mouse_move, 608, 517, 2, 406, 1234]
[:mouse_move, 602, 515, 2, 407, 1235]
[:mouse_move, 579, 508, 2, 408, 1236]
[:mouse_move, 545, 497, 2, 409, 1237]
[:mouse_move, 500, 486, 2, 410, 1238]
[:mouse_move, 451, 475, 2, 411, 1239]
[:mouse_move, 411, 467, 2, 412, 1240]
[:mouse_move, 390, 462, 2, 413, 1241]
[:mouse_move, 360, 453, 2, 414, 1242]
[:mouse_move, 340, 447, 2, 415, 1243]
[:mouse_move, 327, 443, 2, 416, 1244]
[:mouse_move, 322, 442, 2, 417, 1245]
[:mouse_move, 313, 439, 2, 418, 1246]
[:mouse_move, 310, 437, 2, 419, 1247]
[:mouse_move, 308, 436, 2, 420, 1248]
[:mouse_move, 306, 436, 2, 421, 1249]
[:mouse_move, 301, 433, 2, 422, 1250]
[:mouse_move, 297, 430, 2, 423, 1251]
[:mouse_move, 294, 428, 2, 424, 1252]
[:mouse_move, 291, 427, 2, 425, 1253]
[:mouse_move, 290, 425, 2, 426, 1254]
[:mouse_move, 289, 425, 2, 427, 1255]
[:mouse_move, 289, 424, 2, 428, 1259]
[:mouse_button_pressed, 1, 0, 1, 429, 1283]
[:mouse_button_up, 1, 0, 1, 430, 1290]
[:mouse_move, 290, 425, 2, 431, 1302]
[:mouse_move, 292, 427, 2, 432, 1303]
[:mouse_move, 297, 431, 2, 433, 1304]
[:mouse_move, 302, 437, 2, 434, 1305]
[:mouse_move, 311, 444, 2, 435, 1306]
[:mouse_move, 321, 451, 2, 436, 1307]
[:mouse_move, 337, 462, 2, 437, 1308]
[:mouse_move, 366, 479, 2, 438, 1309]
[:mouse_move, 397, 496, 2, 439, 1310]
[:mouse_move, 434, 515, 2, 440, 1311]
[:mouse_move, 454, 525, 2, 441, 1312]
[:mouse_move, 476, 536, 2, 442, 1313]
[:mouse_move, 495, 545, 2, 443, 1314]
[:mouse_move, 508, 548, 2, 444, 1315]
[:mouse_move, 513, 550, 2, 445, 1316]
[:mouse_move, 520, 551, 2, 446, 1317]
[:mouse_move, 524, 551, 2, 447, 1318]
[:mouse_move, 526, 552, 2, 448, 1319]
[:mouse_move, 527, 552, 2, 449, 1320]
[:mouse_move, 528, 551, 2, 450, 1373]
[:mouse_move, 529, 551, 2, 451, 1374]
[:mouse_move, 532, 550, 2, 452, 1375]
[:mouse_move, 536, 549, 2, 453, 1376]
[:mouse_move, 539, 548, 2, 454, 1377]
[:mouse_move, 542, 547, 2, 455, 1378]
[:mouse_move, 547, 546, 2, 456, 1379]
[:mouse_move, 554, 545, 2, 457, 1380]
[:mouse_move, 563, 543, 2, 458, 1381]
[:mouse_move, 575, 541, 2, 459, 1382]
[:mouse_move, 584, 539, 2, 460, 1383]
[:mouse_move, 594, 537, 2, 461, 1384]
[:mouse_move, 606, 534, 2, 462, 1385]
[:mouse_move, 626, 530, 2, 463, 1386]
[:mouse_move, 651, 525, 2, 464, 1387]
[:mouse_move, 692, 517, 2, 465, 1388]
[:mouse_move, 748, 504, 2, 466, 1389]
[:mouse_move, 799, 488, 2, 467, 1390]
[:mouse_move, 830, 476, 2, 468, 1391]
[:mouse_move, 853, 469, 2, 469, 1392]
[:mouse_move, 875, 462, 2, 470, 1393]
[:mouse_move, 881, 460, 2, 471, 1394]
[:mouse_move, 889, 459, 2, 472, 1395]
[:mouse_move, 894, 457, 2, 473, 1396]
[:mouse_move, 897, 456, 2, 474, 1397]
[:mouse_move, 900, 456, 2, 475, 1398]
[:mouse_move, 902, 454, 2, 476, 1399]
[:mouse_move, 905, 452, 2, 477, 1400]
[:mouse_move, 908, 450, 2, 478, 1401]
[:mouse_move, 911, 447, 2, 479, 1402]
[:mouse_move, 914, 445, 2, 480, 1403]
[:mouse_move, 917, 443, 2, 481, 1404]
[:mouse_move, 917, 442, 2, 482, 1405]
[:mouse_move, 917, 442, 2, 483, 1407]
[:mouse_move, 917, 442, 2, 484, 1408]
[:mouse_move, 914, 440, 2, 485, 1409]
[:mouse_move, 913, 439, 2, 486, 1410]
[:mouse_move, 912, 439, 2, 487, 1411]
[:mouse_move, 911, 438, 2, 488, 1412]
[:mouse_move, 911, 437, 2, 489, 1414]
[:mouse_button_pressed, 1, 0, 1, 490, 1422]
[:mouse_button_up, 1, 0, 1, 491, 1431]
[:mouse_move, 911, 439, 2, 492, 1443]
[:mouse_move, 908, 441, 2, 493, 1444]
[:mouse_move, 905, 445, 2, 494, 1445]
[:mouse_move, 900, 452, 2, 495, 1446]
[:mouse_move, 897, 457, 2, 496, 1447]
[:mouse_move, 894, 462, 2, 497, 1448]
[:mouse_move, 891, 467, 2, 498, 1449]
[:mouse_move, 890, 471, 2, 499, 1450]
[:mouse_move, 888, 476, 2, 500, 1451]
[:mouse_move, 886, 479, 2, 501, 1452]
[:mouse_move, 884, 484, 2, 502, 1453]
[:mouse_move, 882, 487, 2, 503, 1454]
[:mouse_move, 880, 489, 2, 504, 1455]
[:mouse_move, 880, 490, 2, 505, 1456]
[:mouse_move, 879, 490, 2, 506, 1508]
[:mouse_move, 877, 490, 2, 507, 1509]
[:mouse_move, 874, 490, 2, 508, 1510]
[:mouse_move, 867, 490, 2, 509, 1511]
[:mouse_move, 851, 490, 2, 510, 1512]
[:mouse_move, 825, 485, 2, 511, 1513]
[:mouse_move, 792, 480, 2, 512, 1514]
[:mouse_move, 755, 475, 2, 513, 1515]
[:mouse_move, 708, 471, 2, 514, 1516]
[:mouse_move, 656, 470, 2, 515, 1517]
[:mouse_move, 605, 469, 2, 516, 1518]
[:mouse_move, 560, 469, 2, 517, 1519]
[:mouse_move, 522, 468, 2, 518, 1520]
[:mouse_move, 487, 467, 2, 519, 1521]
[:mouse_move, 456, 464, 2, 520, 1522]
[:mouse_move, 442, 462, 2, 521, 1523]
[:mouse_move, 425, 457, 2, 522, 1524]
[:mouse_move, 422, 456, 2, 523, 1525]
[:mouse_move, 419, 454, 2, 524, 1526]
[:mouse_move, 418, 454, 2, 525, 1527]
[:mouse_move, 417, 453, 2, 526, 1528]
[:mouse_move, 417, 452, 2, 527, 1529]
[:mouse_move, 414, 451, 2, 528, 1530]
[:mouse_move, 411, 449, 2, 529, 1531]
[:mouse_move, 408, 448, 2, 530, 1532]
[:mouse_move, 405, 448, 2, 531, 1533]
[:mouse_move, 405, 447, 2, 532, 1534]
[:mouse_move, 405, 445, 2, 533, 1537]
[:mouse_move, 405, 445, 2, 534, 1538]
[:mouse_move, 405, 444, 2, 535, 1539]
[:mouse_move, 405, 443, 2, 536, 1543]
[:mouse_move, 405, 442, 2, 537, 1548]
[:mouse_move, 404, 442, 2, 538, 1554]
[:mouse_button_pressed, 1, 0, 1, 539, 1564]
[:mouse_button_up, 1, 0, 1, 540, 1572]
[:mouse_move, 405, 442, 2, 541, 1606]
[:mouse_move, 405, 442, 2, 542, 1610]
[:mouse_move, 405, 441, 2, 543, 1651]
[:mouse_move, 408, 436, 2, 544, 1652]
[:mouse_move, 417, 425, 2, 545, 1653]
[:mouse_move, 436, 401, 2, 546, 1654]
[:mouse_move, 463, 371, 2, 547, 1655]
[:mouse_move, 499, 331, 2, 548, 1656]
[:mouse_move, 536, 291, 2, 549, 1657]
[:mouse_move, 563, 264, 2, 550, 1658]
[:mouse_move, 571, 256, 2, 551, 1659]
[:mouse_move, 593, 236, 2, 552, 1660]
[:mouse_move, 598, 232, 2, 553, 1661]
[:mouse_move, 602, 228, 2, 554, 1662]
[:mouse_move, 603, 227, 2, 555, 1663]
[:mouse_move, 604, 226, 2, 556, 1666]
[:mouse_move, 605, 225, 2, 557, 1667]
[:mouse_move, 606, 224, 2, 558, 1668]
[:mouse_move, 608, 222, 2, 559, 1669]
[:mouse_move, 609, 221, 2, 560, 1670]
[:mouse_move, 611, 219, 2, 561, 1671]
[:mouse_move, 612, 219, 2, 562, 1672]
[:mouse_move, 614, 218, 2, 563, 1673]
[:mouse_move, 614, 217, 2, 564, 1674]
[:mouse_move, 615, 217, 2, 565, 1675]
[:mouse_button_pressed, 1, 0, 1, 566, 1676]
[:mouse_move, 615, 216, 2, 567, 1677]
[:mouse_button_up, 1, 0, 1, 568, 1685]
[:mouse_move, 617, 216, 2, 569, 1692]
[:mouse_move, 622, 217, 2, 570, 1693]
[:mouse_move, 629, 218, 2, 571, 1694]
[:mouse_move, 647, 221, 2, 572, 1695]
[:mouse_move, 678, 228, 2, 573, 1696]
[:mouse_move, 714, 238, 2, 574, 1697]
[:mouse_move, 760, 250, 2, 575, 1698]
[:mouse_move, 807, 265, 2, 576, 1699]
[:mouse_move, 845, 275, 2, 577, 1700]
[:mouse_move, 860, 278, 2, 578, 1701]
[:mouse_move, 881, 281, 2, 579, 1702]
[:mouse_move, 885, 281, 2, 580, 1703]
[:mouse_move, 895, 282, 2, 581, 1704]
[:mouse_move, 897, 282, 2, 582, 1705]
[:mouse_move, 893, 282, 2, 583, 1784]
[:mouse_move, 887, 282, 2, 584, 1785]
[:mouse_move, 869, 284, 2, 585, 1786]
[:mouse_move, 839, 291, 2, 586, 1787]
[:mouse_move, 801, 301, 2, 587, 1788]
[:mouse_move, 733, 322, 2, 588, 1789]
[:mouse_move, 654, 347, 2, 589, 1790]
[:mouse_move, 576, 377, 2, 590, 1791]
[:mouse_move, 542, 392, 2, 591, 1792]
[:mouse_move, 485, 419, 2, 592, 1793]
[:mouse_move, 451, 435, 2, 593, 1794]
[:mouse_move, 443, 438, 2, 594, 1795]
[:mouse_move, 429, 444, 2, 595, 1796]
[:mouse_move, 425, 445, 2, 596, 1797]
[:mouse_move, 422, 446, 2, 597, 1798]
[:mouse_move, 421, 446, 2, 598, 1799]
[:mouse_move, 420, 446, 2, 599, 1800]
[:mouse_move, 420, 446, 2, 600, 1801]
[:mouse_move, 419, 446, 2, 601, 1802]
[:mouse_move, 418, 446, 2, 602, 1804]
[:mouse_move, 418, 445, 2, 603, 1809]
[:mouse_move, 419, 445, 2, 604, 1811]
[:mouse_move, 422, 445, 2, 605, 1812]
[:mouse_move, 433, 443, 2, 606, 1813]
[:mouse_move, 447, 440, 2, 607, 1814]
[:mouse_move, 461, 438, 2, 608, 1815]
[:mouse_move, 471, 436, 2, 609, 1816]
[:mouse_move, 473, 435, 2, 610, 1817]
[:mouse_move, 482, 433, 2, 611, 1818]
[:mouse_move, 482, 433, 2, 612, 1819]
[:mouse_button_pressed, 1, 0, 1, 613, 1822]
[:mouse_button_up, 1, 0, 1, 614, 1828]
[:mouse_move, 481, 433, 2, 615, 1845]
[:mouse_move, 474, 433, 2, 616, 1846]
[:mouse_move, 454, 433, 2, 617, 1847]
[:mouse_move, 425, 429, 2, 618, 1848]
[:mouse_move, 411, 428, 2, 619, 1849]
[:mouse_move, 399, 427, 2, 620, 1850]
[:mouse_move, 392, 427, 2, 621, 1851]
[:mouse_move, 389, 427, 2, 622, 1852]
[:mouse_move, 388, 427, 2, 623, 1853]
[:mouse_move, 388, 427, 2, 624, 1854]
[:mouse_move, 388, 426, 2, 625, 1856]
[:mouse_move, 388, 425, 2, 626, 1861]
[:mouse_button_pressed, 1, 0, 1, 627, 1864]
[:mouse_button_up, 1, 0, 1, 628, 1872]
[:mouse_move, 391, 425, 2, 629, 1885]
[:mouse_move, 400, 422, 2, 630, 1886]
[:mouse_move, 408, 421, 2, 631, 1887]
[:mouse_move, 420, 419, 2, 632, 1888]
[:mouse_move, 436, 417, 2, 633, 1889]
[:mouse_move, 439, 417, 2, 634, 1890]
[:mouse_move, 468, 416, 2, 635, 1891]
[:mouse_move, 482, 416, 2, 636, 1892]
[:mouse_move, 500, 416, 2, 637, 1893]
[:mouse_move, 522, 416, 2, 638, 1894]
[:mouse_move, 550, 416, 2, 639, 1895]
[:mouse_move, 565, 416, 2, 640, 1896]
[:mouse_move, 585, 418, 2, 641, 1897]
[:mouse_move, 594, 419, 2, 642, 1898]
[:mouse_move, 601, 419, 2, 643, 1899]
[:mouse_move, 608, 419, 2, 644, 1900]
[:mouse_move, 613, 419, 2, 645, 1901]
[:mouse_move, 615, 419, 2, 646, 1902]
[:mouse_move, 616, 419, 2, 647, 1904]
[:mouse_button_pressed, 1, 0, 1, 648, 1914]
[:mouse_button_up, 1, 0, 1, 649, 1924]
[:mouse_move, 619, 419, 2, 650, 1937]
[:mouse_move, 626, 419, 2, 651, 1938]
[:mouse_move, 641, 418, 2, 652, 1939]
[:mouse_move, 659, 416, 2, 653, 1940]
[:mouse_move, 672, 416, 2, 654, 1941]
[:mouse_move, 680, 416, 2, 655, 1942]
[:mouse_move, 680, 416, 2, 656, 1943]
[:mouse_move, 691, 416, 2, 657, 1944]
[:mouse_move, 694, 416, 2, 658, 1945]
[:mouse_move, 697, 417, 2, 659, 1946]
[:mouse_move, 698, 417, 2, 660, 1947]
[:mouse_move, 700, 418, 2, 661, 1948]
[:mouse_move, 700, 419, 2, 662, 1949]
[:mouse_move, 701, 419, 2, 663, 1951]
[:mouse_move, 702, 419, 2, 664, 1953]
[:mouse_button_pressed, 1, 0, 1, 665, 1958]
[:mouse_button_up, 1, 0, 1, 666, 1966]
[:mouse_move, 702, 419, 2, 667, 2061]
[:mouse_move, 708, 419, 2, 668, 2062]
[:mouse_move, 720, 416, 2, 669, 2063]
[:mouse_move, 734, 412, 2, 670, 2064]
[:mouse_move, 747, 408, 2, 671, 2065]
[:mouse_move, 757, 404, 2, 672, 2066]
[:mouse_move, 762, 402, 2, 673, 2067]
[:mouse_move, 768, 401, 2, 674, 2068]
[:mouse_move, 773, 400, 2, 675, 2069]
[:mouse_move, 776, 400, 2, 676, 2070]
[:mouse_move, 777, 400, 2, 677, 2071]
[:mouse_move, 778, 400, 2, 678, 2072]
[:mouse_move, 779, 400, 2, 679, 2073]
[:mouse_move, 780, 400, 2, 680, 2076]
[:mouse_button_pressed, 1, 0, 1, 681, 2079]
[:mouse_move, 780, 400, 2, 682, 2080]
[:mouse_button_up, 1, 0, 1, 683, 2087]
[:mouse_move, 782, 400, 2, 684, 2184]
[:mouse_move, 788, 400, 2, 685, 2185]
[:mouse_move, 790, 400, 2, 686, 2186]
[:mouse_move, 820, 400, 2, 687, 2187]
[:mouse_move, 840, 400, 2, 688, 2188]
[:mouse_move, 865, 399, 2, 689, 2189]
[:mouse_move, 882, 399, 2, 690, 2190]
[:mouse_move, 906, 398, 2, 691, 2191]
[:mouse_move, 925, 398, 2, 692, 2192]
[:mouse_move, 940, 398, 2, 693, 2193]
[:mouse_move, 951, 398, 2, 694, 2194]
[:mouse_move, 953, 398, 2, 695, 2195]
[:mouse_move, 971, 400, 2, 696, 2196]
[:mouse_move, 982, 405, 2, 697, 2197]
[:mouse_move, 992, 411, 2, 698, 2198]
[:mouse_move, 994, 413, 2, 699, 2199]
[:mouse_move, 1000, 415, 2, 700, 2200]
[:mouse_move, 1001, 416, 2, 701, 2201]
[:mouse_move, 1002, 416, 2, 702, 2202]
[:mouse_move, 1000, 416, 2, 703, 2205]
[:mouse_move, 997, 416, 2, 704, 2206]
[:mouse_move, 995, 416, 2, 705, 2207]
[:mouse_move, 994, 416, 2, 706, 2208]
[:mouse_move, 994, 416, 2, 707, 2209]
[:mouse_move, 993, 416, 2, 708, 2210]
[:mouse_move, 992, 415, 2, 709, 2211]
[:mouse_move, 991, 414, 2, 710, 2212]
[:mouse_move, 989, 413, 2, 711, 2213]
[:mouse_move, 985, 413, 2, 712, 2214]
[:mouse_move, 977, 413, 2, 713, 2215]
[:mouse_move, 965, 413, 2, 714, 2216]
[:mouse_move, 954, 413, 2, 715, 2217]
[:mouse_move, 942, 413, 2, 716, 2218]
[:mouse_move, 932, 416, 2, 717, 2219]
[:mouse_move, 926, 417, 2, 718, 2220]
[:mouse_move, 920, 419, 2, 719, 2221]
[:mouse_move, 919, 419, 2, 720, 2222]
[:mouse_move, 917, 419, 2, 721, 2223]
[:mouse_button_pressed, 1, 0, 1, 722, 2228]
[:mouse_button_up, 1, 0, 1, 723, 2235]
[:mouse_move, 918, 419, 2, 724, 2251]
[:mouse_move, 922, 419, 2, 725, 2252]
[:mouse_move, 931, 419, 2, 726, 2253]
[:mouse_move, 943, 419, 2, 727, 2254]
[:mouse_move, 968, 416, 2, 728, 2255]
[:mouse_move, 991, 416, 2, 729, 2256]
[:mouse_move, 1001, 416, 2, 730, 2257]
[:mouse_move, 1011, 416, 2, 731, 2258]
[:mouse_move, 1015, 416, 2, 732, 2259]
[:mouse_button_pressed, 1, 0, 1, 733, 2262]
[:mouse_move, 1016, 416, 2, 734, 2263]
[:mouse_button_up, 1, 0, 1, 735, 2271]
[:mouse_move, 1016, 416, 2, 736, 2294]
[:mouse_move, 1015, 416, 2, 737, 2353]
[:mouse_move, 1011, 416, 2, 738, 2354]
[:mouse_move, 1006, 416, 2, 739, 2355]
[:mouse_move, 996, 415, 2, 740, 2356]
[:mouse_move, 993, 414, 2, 741, 2357]
[:mouse_move, 951, 410, 2, 742, 2358]
[:mouse_move, 911, 405, 2, 743, 2359]
[:mouse_move, 857, 397, 2, 744, 2360]
[:mouse_move, 805, 392, 2, 745, 2361]
[:mouse_move, 735, 385, 2, 746, 2362]
[:mouse_move, 680, 382, 2, 747, 2363]
[:mouse_move, 623, 380, 2, 748, 2364]
[:mouse_move, 574, 380, 2, 749, 2365]
[:mouse_move, 558, 380, 2, 750, 2366]
[:mouse_move, 528, 382, 2, 751, 2367]
[:mouse_move, 511, 383, 2, 752, 2368]
[:mouse_move, 505, 384, 2, 753, 2369]
[:mouse_move, 500, 384, 2, 754, 2370]
[:mouse_move, 497, 385, 2, 755, 2371]
[:mouse_move, 497, 385, 2, 756, 2373]
[:mouse_move, 496, 385, 2, 757, 2376]
[:mouse_move, 497, 385, 2, 758, 2384]
[:mouse_move, 497, 385, 2, 759, 2385]
[:mouse_move, 497, 386, 2, 760, 2386]
[:mouse_move, 497, 386, 2, 761, 2389]
[:mouse_move, 497, 387, 2, 762, 2392]
[:mouse_button_pressed, 1, 0, 1, 763, 2396]
[:mouse_button_up, 1, 0, 1, 764, 2404]
[:mouse_move, 498, 387, 2, 765, 2489]
[:mouse_move, 499, 387, 2, 766, 2490]
[:mouse_move, 500, 387, 2, 767, 2491]
[:mouse_move, 502, 387, 2, 768, 2492]
[:mouse_move, 511, 388, 2, 769, 2493]
[:mouse_move, 525, 389, 2, 770, 2494]
[:mouse_move, 542, 391, 2, 771, 2495]
[:mouse_move, 557, 393, 2, 772, 2496]
[:mouse_move, 563, 394, 2, 773, 2497]
[:mouse_move, 568, 395, 2, 774, 2498]
[:mouse_move, 569, 395, 2, 775, 2499]
[:mouse_move, 570, 395, 2, 776, 2500]
[:mouse_move, 571, 396, 2, 777, 2503]
[:mouse_move, 571, 396, 2, 778, 2507]
[:mouse_button_pressed, 1, 0, 1, 779, 2517]
[:mouse_button_up, 1, 0, 1, 780, 2526]
[:mouse_move, 568, 396, 2, 781, 2609]
[:mouse_move, 537, 398, 2, 782, 2611]
[:mouse_move, 505, 403, 2, 783, 2612]
[:mouse_move, 465, 409, 2, 784, 2613]
[:mouse_move, 427, 413, 2, 785, 2614]
[:mouse_move, 405, 416, 2, 786, 2615]
[:mouse_move, 395, 416, 2, 787, 2616]
[:mouse_move, 385, 416, 2, 788, 2617]
[:mouse_move, 380, 416, 2, 789, 2618]
[:mouse_move, 380, 416, 2, 790, 2619]
[:mouse_move, 379, 416, 2, 791, 2620]
[:mouse_move, 378, 416, 2, 792, 2622]
[:mouse_move, 377, 416, 2, 793, 2623]
[:mouse_move, 376, 416, 2, 794, 2624]
[:mouse_move, 371, 417, 2, 795, 2625]
[:mouse_move, 364, 418, 2, 796, 2626]
[:mouse_move, 355, 419, 2, 797, 2627]
[:mouse_move, 350, 419, 2, 798, 2628]
[:mouse_move, 346, 419, 2, 799, 2629]
[:mouse_move, 345, 419, 2, 800, 2630]
[:mouse_move, 345, 419, 2, 801, 2631]
[:mouse_move, 345, 420, 2, 802, 2637]
[:mouse_move, 344, 420, 2, 803, 2638]
[:mouse_move, 340, 420, 2, 804, 2639]
[:mouse_move, 331, 422, 2, 805, 2640]
[:mouse_move, 312, 424, 2, 806, 2641]
[:mouse_move, 306, 425, 2, 807, 2642]
[:mouse_move, 300, 425, 2, 808, 2643]
[:mouse_move, 298, 425, 2, 809, 2644]
[:mouse_button_pressed, 1, 0, 1, 810, 2650]
[:mouse_button_up, 1, 0, 1, 811, 2657]
[:mouse_move, 299, 425, 2, 812, 2704]
[:mouse_move, 302, 425, 2, 813, 2705]
[:mouse_move, 304, 425, 2, 814, 2706]
[:mouse_move, 306, 425, 2, 815, 2707]
[:mouse_move, 308, 425, 2, 816, 2708]
[:mouse_move, 309, 425, 2, 817, 2709]
[:mouse_move, 310, 425, 2, 818, 2710]
[:mouse_move, 311, 425, 2, 819, 2711]
[:mouse_move, 311, 425, 2, 820, 2715]
[:mouse_move, 312, 425, 2, 821, 2737]
[:mouse_move, 316, 425, 2, 822, 2738]
[:mouse_move, 327, 425, 2, 823, 2739]
[:mouse_move, 365, 425, 2, 824, 2740]
[:mouse_move, 415, 423, 2, 825, 2741]
[:mouse_move, 482, 420, 2, 826, 2742]
[:mouse_move, 579, 413, 2, 827, 2743]
[:mouse_move, 614, 411, 2, 828, 2744]
[:mouse_move, 754, 405, 2, 829, 2745]
[:mouse_move, 847, 403, 2, 830, 2746]
[:mouse_move, 891, 402, 2, 831, 2747]
[:mouse_move, 951, 400, 2, 832, 2748]
[:mouse_move, 967, 400, 2, 833, 2749]
[:mouse_move, 988, 400, 2, 834, 2750]
[:mouse_move, 993, 401, 2, 835, 2751]
[:mouse_move, 998, 402, 2, 836, 2752]
[:mouse_move, 999, 403, 2, 837, 2753]
[:mouse_move, 999, 405, 2, 838, 2754]
[:mouse_move, 998, 408, 2, 839, 2755]
[:mouse_move, 996, 411, 2, 840, 2756]
[:mouse_move, 991, 414, 2, 841, 2757]
[:mouse_move, 986, 416, 2, 842, 2758]
[:mouse_move, 982, 418, 2, 843, 2759]
[:mouse_move, 980, 419, 2, 844, 2760]
[:mouse_move, 980, 419, 2, 845, 2761]
[:mouse_move, 979, 419, 2, 846, 2762]
[:mouse_move, 976, 419, 2, 847, 2763]
[:mouse_move, 971, 417, 2, 848, 2764]
[:mouse_move, 962, 416, 2, 849, 2765]
[:mouse_move, 953, 416, 2, 850, 2766]
[:mouse_move, 941, 416, 2, 851, 2767]
[:mouse_move, 936, 418, 2, 852, 2768]
[:mouse_move, 930, 419, 2, 853, 2769]
[:mouse_move, 928, 419, 2, 854, 2770]
[:mouse_move, 927, 419, 2, 855, 2771]
[:mouse_move, 926, 419, 2, 856, 2772]
[:mouse_move, 926, 418, 2, 857, 2774]
[:mouse_button_pressed, 1, 0, 1, 858, 2784]
[:mouse_button_up, 1, 0, 1, 859, 2793]
[:mouse_move, 928, 418, 2, 860, 2872]
[:mouse_move, 934, 418, 2, 861, 2873]
[:mouse_move, 941, 416, 2, 862, 2874]
[:mouse_move, 948, 415, 2, 863, 2875]
[:mouse_move, 957, 414, 2, 864, 2876]
[:mouse_move, 963, 413, 2, 865, 2877]
[:mouse_move, 970, 413, 2, 866, 2878]
[:mouse_move, 976, 413, 2, 867, 2879]
[:mouse_move, 977, 413, 2, 868, 2880]
[:mouse_move, 982, 413, 2, 869, 2881]
[:mouse_move, 985, 413, 2, 870, 2882]
[:mouse_move, 986, 413, 2, 871, 2883]
[:mouse_move, 988, 413, 2, 872, 2884]
[:mouse_move, 988, 413, 2, 873, 2885]
[:mouse_move, 989, 413, 2, 874, 2886]
[:mouse_move, 990, 413, 2, 875, 2887]
[:mouse_move, 991, 413, 2, 876, 2889]
[:mouse_button_pressed, 1, 0, 1, 877, 2914]
[:mouse_button_up, 1, 0, 1, 878, 2922]
[:mouse_move, 990, 413, 2, 879, 2996]
[:mouse_move, 985, 413, 2, 880, 2997]
[:mouse_move, 972, 411, 2, 881, 2998]
[:mouse_move, 937, 406, 2, 882, 2999]
[:mouse_move, 887, 405, 2, 883, 3000]
[:mouse_move, 782, 403, 2, 884, 3001]
[:mouse_move, 709, 403, 2, 885, 3002]
[:mouse_move, 622, 403, 2, 886, 3003]
[:mouse_move, 531, 403, 2, 887, 3004]
[:mouse_move, 483, 404, 2, 888, 3005]
[:mouse_move, 473, 404, 2, 889, 3006]
[:mouse_move, 411, 404, 2, 890, 3007]
[:mouse_move, 383, 404, 2, 891, 3008]
[:mouse_move, 379, 404, 2, 892, 3009]
[:mouse_move, 371, 403, 2, 893, 3010]
[:mouse_move, 368, 403, 2, 894, 3011]
[:mouse_move, 365, 402, 2, 895, 3012]
[:mouse_move, 360, 402, 2, 896, 3013]
[:mouse_move, 355, 401, 2, 897, 3014]
[:mouse_move, 350, 401, 2, 898, 3015]
[:mouse_move, 345, 401, 2, 899, 3016]
[:mouse_move, 342, 401, 2, 900, 3017]
[:mouse_move, 339, 401, 2, 901, 3018]
[:mouse_move, 334, 401, 2, 902, 3019]
[:mouse_move, 326, 401, 2, 903, 3020]
[:mouse_move, 321, 401, 2, 904, 3021]
[:mouse_move, 317, 401, 2, 905, 3022]
[:mouse_move, 312, 401, 2, 906, 3023]
[:mouse_move, 308, 402, 2, 907, 3024]
[:mouse_move, 306, 402, 2, 908, 3025]
[:mouse_move, 304, 403, 2, 909, 3026]
[:mouse_move, 303, 404, 2, 910, 3027]
[:mouse_move, 302, 404, 2, 911, 3029]
[:mouse_move, 302, 405, 2, 912, 3030]
[:mouse_move, 302, 405, 2, 913, 3031]
[:mouse_move, 301, 405, 2, 914, 3032]
[:mouse_move, 300, 405, 2, 915, 3034]
[:mouse_button_pressed, 1, 0, 1, 916, 3053]
[:mouse_button_up, 1, 0, 1, 917, 3058]
[:mouse_move, 301, 405, 2, 918, 3085]
[:mouse_move, 303, 405, 2, 919, 3086]
[:mouse_move, 306, 405, 2, 920, 3087]
[:mouse_move, 310, 404, 2, 921, 3088]
[:mouse_move, 315, 403, 2, 922, 3089]
[:mouse_move, 321, 402, 2, 923, 3090]
[:mouse_move, 333, 402, 2, 924, 3091]
[:mouse_move, 357, 402, 2, 925, 3092]
[:mouse_move, 392, 402, 2, 926, 3093]
[:mouse_move, 441, 402, 2, 927, 3094]
[:mouse_move, 456, 402, 2, 928, 3095]
[:mouse_move, 502, 399, 2, 929, 3096]
[:mouse_move, 617, 386, 2, 930, 3097]
[:mouse_move, 683, 379, 2, 931, 3098]
[:mouse_move, 745, 374, 2, 932, 3099]
[:mouse_move, 797, 371, 2, 933, 3100]
[:mouse_move, 825, 369, 2, 934, 3101]
[:mouse_move, 843, 368, 2, 935, 3102]
[:mouse_move, 857, 366, 2, 936, 3103]
[:mouse_move, 867, 365, 2, 937, 3104]
[:mouse_move, 873, 365, 2, 938, 3105]
[:mouse_move, 874, 365, 2, 939, 3106]
[:mouse_move, 876, 365, 2, 940, 3119]
[:mouse_move, 887, 362, 2, 941, 3120]
[:mouse_move, 905, 361, 2, 942, 3121]
[:mouse_move, 922, 361, 2, 943, 3122]
[:mouse_move, 935, 361, 2, 944, 3123]
[:mouse_move, 944, 362, 2, 945, 3124]
[:mouse_move, 960, 365, 2, 946, 3125]
[:mouse_move, 970, 368, 2, 947, 3126]
[:mouse_move, 979, 372, 2, 948, 3127]
[:mouse_move, 985, 375, 2, 949, 3128]
[:mouse_move, 990, 377, 2, 950, 3129]
[:mouse_move, 994, 379, 2, 951, 3130]
[:mouse_move, 997, 381, 2, 952, 3131]
[:mouse_move, 999, 382, 2, 953, 3132]
[:mouse_move, 1000, 383, 2, 954, 3133]
[:mouse_move, 1001, 384, 2, 955, 3134]
[:mouse_move, 1002, 385, 2, 956, 3135]
[:mouse_move, 1003, 385, 2, 957, 3136]
[:mouse_move, 1005, 385, 2, 958, 3137]
[:mouse_move, 1005, 385, 2, 959, 3138]
[:mouse_move, 1006, 386, 2, 960, 3139]
[:mouse_move, 1007, 386, 2, 961, 3141]
[:mouse_move, 1008, 386, 2, 962, 3144]
[:mouse_move, 1008, 387, 2, 963, 3148]
[:mouse_move, 1008, 387, 2, 964, 3149]
[:mouse_move, 1008, 387, 2, 965, 3152]
[:mouse_move, 1007, 387, 2, 966, 3154]
[:mouse_move, 1006, 387, 2, 967, 3157]
[:mouse_move, 1006, 386, 2, 968, 3158]
[:mouse_move, 1006, 385, 2, 969, 3176]
[:scancode_down_raw, 53, 0, 2, 970, 3188]
[:textinput, "`", 0, 1, 971, 3188]
