replay_version 2.1
stopped_at 2306
seed 100
recorded_at 2024-12-21 17:45:14 -0600
[:mouse_button_up, 1, 0, 1, 1, 6]
[:mouse_move, 898, 124, 2, 2, 14]
[:mouse_move, 898, 130, 2, 3, 16]
[:mouse_move, 898, 133, 2, 4, 17]
[:mouse_move, 897, 138, 2, 5, 18]
[:mouse_move, 895, 142, 2, 6, 19]
[:mouse_move, 893, 146, 2, 7, 20]
[:mouse_move, 891, 150, 2, 8, 21]
[:mouse_move, 886, 157, 2, 9, 22]
[:mouse_move, 881, 166, 2, 10, 23]
[:mouse_move, 876, 171, 2, 11, 24]
[:mouse_move, 868, 180, 2, 12, 25]
[:mouse_move, 860, 187, 2, 13, 26]
[:mouse_move, 851, 193, 2, 14, 27]
[:mouse_move, 843, 200, 2, 15, 28]
[:mouse_move, 834, 209, 2, 16, 29]
[:mouse_move, 825, 219, 2, 17, 30]
[:mouse_move, 817, 230, 2, 18, 31]
[:mouse_move, 811, 236, 2, 19, 32]
[:mouse_move, 805, 241, 2, 20, 33]
[:mouse_move, 801, 245, 2, 21, 34]
[:mouse_move, 797, 248, 2, 22, 35]
[:mouse_move, 795, 250, 2, 23, 36]
[:mouse_move, 790, 255, 2, 24, 38]
[:mouse_move, 786, 258, 2, 25, 39]
[:mouse_move, 783, 261, 2, 26, 40]
[:mouse_move, 779, 263, 2, 27, 41]
[:mouse_move, 775, 267, 2, 28, 42]
[:mouse_move, 769, 270, 2, 29, 43]
[:mouse_move, 765, 272, 2, 30, 44]
[:mouse_move, 764, 273, 2, 31, 45]
[:mouse_move, 757, 276, 2, 32, 46]
[:mouse_move, 756, 276, 2, 33, 47]
[:mouse_move, 755, 276, 2, 34, 48]
[:mouse_move, 755, 277, 2, 35, 49]
[:mouse_move, 754, 277, 2, 36, 50]
[:mouse_move, 753, 277, 2, 37, 52]
[:mouse_move, 757, 277, 2, 38, 61]
[:mouse_move, 762, 278, 2, 39, 62]
[:mouse_move, 768, 277, 2, 40, 63]
[:mouse_move, 778, 272, 2, 41, 64]
[:mouse_move, 785, 265, 2, 42, 65]
[:mouse_move, 791, 260, 2, 43, 66]
[:mouse_move, 798, 254, 2, 44, 67]
[:mouse_move, 801, 251, 2, 45, 68]
[:mouse_move, 811, 242, 2, 46, 69]
[:mouse_move, 822, 232, 2, 47, 70]
[:mouse_move, 831, 224, 2, 48, 71]
[:mouse_move, 843, 213, 2, 49, 72]
[:mouse_move, 846, 210, 2, 50, 73]
[:mouse_move, 862, 193, 2, 51, 74]
[:mouse_move, 872, 181, 2, 52, 75]
[:mouse_move, 884, 172, 2, 53, 76]
[:mouse_move, 892, 166, 2, 54, 77]
[:mouse_move, 897, 162, 2, 55, 78]
[:mouse_move, 901, 159, 2, 56, 79]
[:mouse_move, 903, 157, 2, 57, 80]
[:mouse_move, 905, 156, 2, 58, 81]
[:mouse_move, 909, 152, 2, 59, 82]
[:mouse_move, 919, 146, 2, 60, 84]
[:mouse_move, 923, 143, 2, 61, 85]
[:mouse_move, 925, 142, 2, 62, 86]
[:mouse_move, 925, 141, 2, 63, 87]
[:mouse_move, 926, 141, 2, 64, 88]
[:mouse_move, 926, 139, 2, 65, 89]
[:mouse_move, 927, 138, 2, 66, 90]
[:mouse_move, 928, 135, 2, 67, 91]
[:mouse_move, 929, 132, 2, 68, 92]
[:mouse_move, 931, 128, 2, 69, 93]
[:mouse_move, 933, 125, 2, 70, 94]
[:mouse_move, 934, 122, 2, 71, 95]
[:mouse_move, 937, 119, 2, 72, 96]
[:mouse_move, 942, 115, 2, 73, 97]
[:mouse_move, 945, 113, 2, 74, 98]
[:mouse_move, 946, 111, 2, 75, 99]
[:mouse_move, 947, 111, 2, 76, 101]
[:mouse_move, 948, 111, 2, 77, 113]
[:mouse_move, 948, 110, 2, 78, 117]
[:mouse_move, 949, 110, 2, 79, 118]
[:mouse_move, 950, 110, 2, 80, 134]
[:mouse_move, 951, 110, 2, 81, 138]
[:mouse_move, 950, 110, 2, 82, 184]
[:mouse_move, 948, 110, 2, 83, 185]
[:mouse_move, 941, 108, 2, 84, 186]
[:mouse_move, 933, 107, 2, 85, 187]
[:mouse_move, 923, 105, 2, 86, 188]
[:mouse_move, 918, 105, 2, 87, 189]
[:mouse_move, 907, 103, 2, 88, 191]
[:mouse_move, 891, 101, 2, 89, 192]
[:mouse_move, 879, 100, 2, 90, 193]
[:mouse_move, 872, 99, 2, 91, 194]
[:mouse_move, 870, 98, 2, 92, 195]
[:mouse_move, 862, 97, 2, 93, 196]
[:mouse_move, 860, 96, 2, 94, 197]
[:mouse_move, 859, 96, 2, 95, 198]
[:mouse_move, 856, 95, 2, 96, 199]
[:mouse_move, 854, 93, 2, 97, 200]
[:mouse_move, 853, 93, 2, 98, 201]
[:mouse_move, 853, 92, 2, 99, 202]
[:mouse_move, 852, 92, 2, 100, 203]
[:mouse_move, 851, 90, 2, 101, 204]
[:mouse_move, 849, 89, 2, 102, 205]
[:mouse_move, 848, 87, 2, 103, 206]
[:mouse_move, 847, 86, 2, 104, 207]
[:mouse_move, 846, 85, 2, 105, 208]
[:mouse_move, 844, 84, 2, 106, 209]
[:mouse_move, 843, 83, 2, 107, 210]
[:mouse_move, 841, 82, 2, 108, 211]
[:mouse_move, 840, 81, 2, 109, 212]
[:mouse_move, 839, 81, 2, 110, 213]
[:mouse_move, 838, 81, 2, 111, 215]
[:mouse_move, 837, 81, 2, 112, 260]
[:mouse_move, 836, 81, 2, 113, 267]
[:mouse_move, 832, 81, 2, 114, 299]
[:mouse_move, 822, 85, 2, 115, 300]
[:mouse_move, 811, 88, 2, 116, 301]
[:mouse_move, 781, 100, 2, 117, 302]
[:mouse_move, 739, 113, 2, 118, 303]
[:mouse_move, 701, 123, 2, 119, 304]
[:mouse_move, 658, 131, 2, 120, 305]
[:mouse_move, 633, 133, 2, 121, 306]
[:mouse_move, 608, 136, 2, 122, 307]
[:mouse_move, 605, 136, 2, 123, 308]
[:mouse_move, 589, 136, 2, 124, 309]
[:mouse_move, 580, 136, 2, 125, 310]
[:mouse_move, 571, 136, 2, 126, 311]
[:mouse_move, 560, 134, 2, 127, 312]
[:mouse_move, 551, 132, 2, 128, 313]
[:mouse_move, 544, 130, 2, 129, 314]
[:mouse_move, 532, 127, 2, 130, 315]
[:mouse_move, 516, 122, 2, 131, 316]
[:mouse_move, 504, 117, 2, 132, 317]
[:mouse_move, 481, 109, 2, 133, 318]
[:mouse_move, 467, 104, 2, 134, 319]
[:mouse_move, 457, 100, 2, 135, 320]
[:mouse_move, 442, 96, 2, 136, 321]
[:mouse_move, 425, 93, 2, 137, 322]
[:mouse_move, 396, 92, 2, 138, 323]
[:mouse_move, 371, 92, 2, 139, 324]
[:mouse_move, 338, 97, 2, 140, 325]
[:mouse_move, 305, 102, 2, 141, 326]
[:mouse_move, 288, 105, 2, 142, 327]
[:mouse_move, 283, 106, 2, 143, 328]
[:mouse_move, 274, 106, 2, 144, 329]
[:mouse_move, 273, 106, 2, 145, 330]
[:mouse_move, 271, 106, 2, 146, 331]
[:mouse_move, 269, 106, 2, 147, 334]
[:mouse_move, 266, 106, 2, 148, 335]
[:mouse_move, 261, 106, 2, 149, 336]
[:mouse_move, 257, 106, 2, 150, 337]
[:mouse_move, 255, 106, 2, 151, 338]
[:mouse_move, 254, 106, 2, 152, 340]
[:mouse_move, 256, 105, 2, 153, 344]
[:mouse_move, 258, 105, 2, 154, 346]
[:mouse_move, 260, 104, 2, 155, 347]
[:mouse_move, 260, 103, 2, 156, 348]
[:mouse_move, 261, 103, 2, 157, 349]
[:mouse_move, 262, 102, 2, 158, 350]
[:mouse_move, 263, 102, 2, 159, 351]
[:mouse_move, 268, 100, 2, 160, 352]
[:mouse_move, 268, 99, 2, 161, 353]
[:mouse_move, 282, 92, 2, 162, 354]
[:mouse_move, 286, 90, 2, 163, 355]
[:mouse_move, 289, 89, 2, 164, 356]
[:mouse_move, 290, 89, 2, 165, 363]
[:mouse_move, 291, 88, 2, 166, 368]
[:mouse_move, 292, 88, 2, 167, 370]
[:mouse_move, 293, 88, 2, 168, 372]
[:mouse_move, 293, 89, 2, 169, 390]
[:mouse_move, 294, 89, 2, 170, 432]
[:mouse_move, 295, 89, 2, 171, 438]
[:mouse_move, 296, 89, 2, 172, 444]
[:mouse_move, 297, 89, 2, 173, 449]
[:mouse_move, 298, 89, 2, 174, 455]
[:mouse_move, 298, 90, 2, 175, 496]
[:mouse_move, 298, 91, 2, 176, 499]
[:mouse_move, 299, 92, 2, 177, 502]
[:mouse_move, 300, 92, 2, 178, 503]
[:mouse_move, 300, 93, 2, 179, 504]
[:mouse_move, 300, 94, 2, 180, 507]
[:mouse_move, 302, 94, 2, 181, 522]
[:mouse_move, 304, 96, 2, 182, 523]
[:mouse_move, 306, 97, 2, 183, 524]
[:mouse_move, 312, 101, 2, 184, 525]
[:mouse_move, 318, 104, 2, 185, 526]
[:mouse_move, 334, 111, 2, 186, 527]
[:mouse_move, 345, 115, 2, 187, 528]
[:mouse_move, 377, 123, 2, 188, 529]
[:mouse_move, 417, 132, 2, 189, 530]
[:mouse_move, 465, 140, 2, 190, 531]
[:mouse_move, 516, 146, 2, 191, 532]
[:mouse_move, 576, 155, 2, 192, 533]
[:mouse_move, 597, 157, 2, 193, 534]
[:mouse_move, 643, 164, 2, 194, 535]
[:mouse_move, 666, 167, 2, 195, 536]
[:mouse_move, 687, 170, 2, 196, 537]
[:mouse_move, 705, 174, 2, 197, 538]
[:mouse_move, 723, 176, 2, 198, 539]
[:mouse_move, 732, 177, 2, 199, 540]
[:mouse_move, 743, 178, 2, 200, 541]
[:mouse_move, 748, 178, 2, 201, 542]
[:mouse_move, 752, 178, 2, 202, 543]
[:mouse_move, 759, 174, 2, 203, 544]
[:mouse_move, 769, 168, 2, 204, 545]
[:mouse_move, 780, 162, 2, 205, 546]
[:mouse_move, 788, 158, 2, 206, 547]
[:mouse_move, 794, 156, 2, 207, 548]
[:mouse_move, 801, 153, 2, 208, 549]
[:mouse_move, 811, 149, 2, 209, 550]
[:mouse_move, 813, 149, 2, 210, 551]
[:mouse_move, 831, 144, 2, 211, 552]
[:mouse_move, 838, 142, 2, 212, 553]
[:mouse_move, 845, 139, 2, 213, 554]
[:mouse_move, 849, 137, 2, 214, 555]
[:mouse_move, 850, 137, 2, 215, 556]
[:mouse_move, 851, 136, 2, 216, 557]
[:mouse_move, 854, 134, 2, 217, 558]
[:mouse_move, 856, 133, 2, 218, 559]
[:mouse_move, 859, 130, 2, 219, 560]
[:mouse_move, 862, 128, 2, 220, 561]
[:mouse_move, 864, 125, 2, 221, 562]
[:mouse_move, 866, 123, 2, 222, 563]
[:mouse_move, 870, 119, 2, 223, 564]
[:mouse_move, 875, 115, 2, 224, 565]
[:mouse_move, 880, 111, 2, 225, 566]
[:mouse_move, 884, 107, 2, 226, 567]
[:mouse_move, 887, 105, 2, 227, 568]
[:mouse_move, 888, 104, 2, 228, 569]
[:mouse_move, 889, 103, 2, 229, 570]
[:mouse_move, 889, 101, 2, 230, 572]
[:mouse_move, 889, 100, 2, 231, 573]
[:mouse_move, 889, 98, 2, 232, 574]
[:mouse_move, 889, 96, 2, 233, 575]
[:mouse_move, 889, 95, 2, 234, 576]
[:mouse_move, 889, 94, 2, 235, 577]
[:mouse_move, 890, 94, 2, 236, 578]
[:mouse_move, 890, 93, 2, 237, 579]
[:mouse_move, 890, 92, 2, 238, 581]
[:mouse_move, 890, 91, 2, 239, 582]
[:mouse_move, 890, 89, 2, 240, 583]
[:mouse_move, 890, 86, 2, 241, 584]
[:mouse_move, 890, 84, 2, 242, 585]
[:mouse_move, 890, 83, 2, 243, 587]
[:mouse_move, 890, 82, 2, 244, 588]
[:mouse_move, 891, 82, 2, 245, 617]
[:mouse_move, 890, 83, 2, 246, 767]
[:mouse_move, 888, 85, 2, 247, 768]
[:mouse_move, 879, 91, 2, 248, 769]
[:mouse_move, 863, 102, 2, 249, 770]
[:mouse_move, 842, 116, 2, 250, 771]
[:mouse_move, 805, 140, 2, 251, 772]
[:mouse_move, 769, 163, 2, 252, 773]
[:mouse_move, 736, 184, 2, 253, 774]
[:mouse_move, 701, 205, 2, 254, 775]
[:mouse_move, 661, 228, 2, 255, 776]
[:mouse_move, 645, 239, 2, 256, 777]
[:mouse_move, 611, 262, 2, 257, 778]
[:mouse_move, 592, 277, 2, 258, 779]
[:mouse_move, 573, 293, 2, 259, 780]
[:mouse_move, 557, 307, 2, 260, 781]
[:mouse_move, 537, 323, 2, 261, 782]
[:mouse_move, 518, 336, 2, 262, 783]
[:mouse_move, 516, 337, 2, 263, 784]
[:mouse_move, 515, 338, 2, 264, 798]
[:mouse_move, 508, 349, 2, 265, 799]
[:mouse_move, 492, 369, 2, 266, 800]
[:mouse_move, 466, 400, 2, 267, 801]
[:mouse_move, 434, 437, 2, 268, 802]
[:mouse_move, 418, 457, 2, 269, 803]
[:mouse_move, 395, 485, 2, 270, 804]
[:mouse_move, 376, 509, 2, 271, 805]
[:mouse_move, 362, 527, 2, 272, 806]
[:mouse_move, 348, 542, 2, 273, 807]
[:mouse_move, 339, 550, 2, 274, 808]
[:mouse_move, 332, 556, 2, 275, 809]
[:mouse_move, 327, 560, 2, 276, 810]
[:mouse_move, 322, 563, 2, 277, 811]
[:mouse_move, 321, 564, 2, 278, 812]
[:mouse_move, 319, 565, 2, 279, 813]
[:mouse_move, 316, 566, 2, 280, 814]
[:mouse_move, 312, 568, 2, 281, 815]
[:mouse_move, 309, 569, 2, 282, 816]
[:mouse_move, 304, 572, 2, 283, 817]
[:mouse_move, 299, 576, 2, 284, 818]
[:mouse_move, 295, 580, 2, 285, 819]
[:mouse_move, 292, 583, 2, 286, 820]
[:mouse_move, 290, 587, 2, 287, 821]
[:mouse_move, 289, 589, 2, 288, 822]
[:mouse_move, 290, 592, 2, 289, 823]
[:mouse_move, 293, 596, 2, 290, 824]
[:mouse_move, 300, 599, 2, 291, 825]
[:mouse_move, 304, 601, 2, 292, 826]
[:mouse_move, 307, 602, 2, 293, 827]
[:mouse_move, 308, 603, 2, 294, 828]
[:mouse_move, 309, 603, 2, 295, 829]
[:mouse_move, 313, 603, 2, 296, 883]
[:mouse_move, 318, 603, 2, 297, 884]
[:mouse_move, 324, 603, 2, 298, 885]
[:mouse_move, 325, 603, 2, 299, 886]
[:mouse_move, 326, 603, 2, 300, 887]
[:mouse_move, 325, 603, 2, 301, 892]
[:mouse_button_pressed, 1, 0, 1, 302, 898]
[:mouse_button_up, 1, 0, 1, 303, 906]
[:mouse_move, 329, 601, 2, 304, 922]
[:mouse_move, 349, 591, 2, 305, 923]
[:mouse_move, 372, 577, 2, 306, 924]
[:mouse_move, 383, 569, 2, 307, 925]
[:mouse_move, 426, 538, 2, 308, 926]
[:mouse_move, 478, 503, 2, 309, 927]
[:mouse_move, 541, 463, 2, 310, 928]
[:mouse_move, 604, 430, 2, 311, 929]
[:mouse_move, 672, 395, 2, 312, 930]
[:mouse_move, 742, 358, 2, 313, 931]
[:mouse_move, 816, 319, 2, 314, 932]
[:mouse_move, 851, 300, 2, 315, 933]
[:mouse_move, 898, 275, 2, 316, 934]
[:mouse_move, 926, 260, 2, 317, 935]
[:mouse_move, 957, 246, 2, 318, 936]
[:mouse_move, 975, 238, 2, 319, 937]
[:mouse_move, 981, 235, 2, 320, 938]
[:mouse_move, 994, 230, 2, 321, 939]
[:mouse_move, 1005, 224, 2, 322, 940]
[:mouse_move, 1015, 217, 2, 323, 941]
[:mouse_move, 1027, 210, 2, 324, 942]
[:mouse_move, 1040, 202, 2, 325, 943]
[:mouse_move, 1057, 189, 2, 326, 944]
[:mouse_move, 1074, 177, 2, 327, 945]
[:mouse_move, 1090, 165, 2, 328, 946]
[:mouse_move, 1104, 155, 2, 329, 947]
[:mouse_move, 1110, 152, 2, 330, 948]
[:mouse_move, 1119, 147, 2, 331, 949]
[:mouse_move, 1124, 144, 2, 332, 950]
[:mouse_move, 1128, 142, 2, 333, 951]
[:mouse_move, 1131, 140, 2, 334, 952]
[:mouse_move, 1134, 138, 2, 335, 953]
[:mouse_move, 1138, 134, 2, 336, 954]
[:mouse_move, 1141, 131, 2, 337, 955]
[:mouse_move, 1143, 129, 2, 338, 956]
[:mouse_move, 1144, 128, 2, 339, 957]
[:mouse_move, 1145, 126, 2, 340, 958]
[:mouse_move, 1145, 125, 2, 341, 959]
[:mouse_move, 1145, 123, 2, 342, 960]
[:mouse_move, 1146, 120, 2, 343, 961]
[:mouse_move, 1146, 118, 2, 344, 962]
[:mouse_move, 1146, 117, 2, 345, 963]
[:mouse_move, 1146, 116, 2, 346, 965]
[:mouse_button_pressed, 1, 0, 1, 347, 968]
[:mouse_move, 1145, 116, 2, 348, 969]
[:mouse_button_up, 1, 0, 1, 349, 977]
[:mouse_move, 1145, 117, 2, 350, 990]
[:mouse_move, 1145, 118, 2, 351, 991]
[:mouse_move, 1145, 119, 2, 352, 992]
[:mouse_move, 1144, 120, 2, 353, 993]
[:mouse_move, 1144, 121, 2, 354, 995]
[:mouse_move, 1143, 122, 2, 355, 996]
[:mouse_move, 1140, 125, 2, 356, 997]
[:mouse_move, 1135, 130, 2, 357, 998]
[:mouse_move, 1123, 140, 2, 358, 999]
[:mouse_move, 1109, 150, 2, 359, 1000]
[:mouse_move, 1107, 151, 2, 360, 1001]
[:mouse_move, 1068, 177, 2, 361, 1002]
[:mouse_move, 1041, 195, 2, 362, 1003]
[:mouse_move, 1027, 204, 2, 363, 1004]
[:mouse_move, 1015, 211, 2, 364, 1005]
[:mouse_move, 1002, 217, 2, 365, 1006]
[:mouse_move, 990, 222, 2, 366, 1007]
[:mouse_move, 983, 225, 2, 367, 1008]
[:mouse_move, 972, 230, 2, 368, 1009]
[:mouse_move, 965, 234, 2, 369, 1010]
[:mouse_move, 953, 240, 2, 370, 1011]
[:mouse_move, 944, 244, 2, 371, 1012]
[:mouse_move, 931, 250, 2, 372, 1013]
[:mouse_move, 918, 256, 2, 373, 1014]
[:mouse_move, 905, 263, 2, 374, 1015]
[:mouse_move, 889, 272, 2, 375, 1016]
[:mouse_move, 873, 284, 2, 376, 1017]
[:mouse_move, 852, 301, 2, 377, 1018]
[:mouse_move, 833, 317, 2, 378, 1019]
[:mouse_move, 814, 333, 2, 379, 1020]
[:mouse_move, 790, 354, 2, 380, 1021]
[:mouse_move, 768, 377, 2, 381, 1022]
[:mouse_move, 759, 387, 2, 382, 1023]
[:mouse_move, 736, 410, 2, 383, 1024]
[:mouse_move, 722, 426, 2, 384, 1025]
[:mouse_move, 715, 434, 2, 385, 1026]
[:mouse_move, 709, 441, 2, 386, 1027]
[:mouse_move, 705, 445, 2, 387, 1028]
[:mouse_move, 704, 447, 2, 388, 1029]
[:mouse_move, 702, 450, 2, 389, 1030]
[:mouse_move, 699, 454, 2, 390, 1031]
[:mouse_move, 694, 464, 2, 391, 1032]
[:mouse_move, 688, 476, 2, 392, 1033]
[:mouse_move, 682, 492, 2, 393, 1034]
[:mouse_move, 676, 508, 2, 394, 1035]
[:mouse_move, 673, 516, 2, 395, 1036]
[:mouse_move, 673, 517, 2, 396, 1037]
[:mouse_move, 667, 530, 2, 397, 1038]
[:mouse_move, 665, 532, 2, 398, 1039]
[:mouse_move, 665, 533, 2, 399, 1040]
[:mouse_move, 666, 533, 2, 400, 1046]
[:mouse_move, 667, 533, 2, 401, 1053]
[:mouse_move, 670, 532, 2, 402, 1054]
[:mouse_move, 674, 531, 2, 403, 1055]
[:mouse_move, 678, 528, 2, 404, 1056]
[:mouse_move, 683, 525, 2, 405, 1057]
[:mouse_move, 685, 523, 2, 406, 1058]
[:mouse_move, 685, 522, 2, 407, 1059]
[:mouse_move, 686, 521, 2, 408, 1061]
[:mouse_move, 687, 520, 2, 409, 1063]
[:mouse_move, 694, 513, 2, 410, 1064]
[:mouse_move, 721, 487, 2, 411, 1065]
[:mouse_move, 747, 461, 2, 412, 1066]
[:mouse_move, 781, 425, 2, 413, 1067]
[:mouse_move, 808, 394, 2, 414, 1068]
[:mouse_move, 825, 369, 2, 415, 1069]
[:mouse_move, 845, 337, 2, 416, 1070]
[:mouse_move, 856, 316, 2, 417, 1071]
[:mouse_move, 861, 310, 2, 418, 1072]
[:mouse_move, 867, 299, 2, 419, 1073]
[:mouse_move, 869, 295, 2, 420, 1074]
[:mouse_move, 870, 294, 2, 421, 1075]
[:mouse_move, 872, 287, 2, 422, 1076]
[:mouse_move, 873, 284, 2, 423, 1077]
[:mouse_move, 873, 282, 2, 424, 1078]
[:mouse_move, 873, 281, 2, 425, 1079]
[:mouse_move, 872, 281, 2, 426, 1083]
[:mouse_move, 872, 280, 2, 427, 1087]
[:mouse_move, 871, 280, 2, 428, 1088]
[:mouse_move, 870, 280, 2, 429, 1090]
[:mouse_move, 870, 279, 2, 430, 1091]
[:mouse_move, 869, 278, 2, 431, 1092]
[:mouse_move, 868, 277, 2, 432, 1093]
[:mouse_move, 868, 276, 2, 433, 1094]
[:mouse_move, 867, 275, 2, 434, 1095]
[:mouse_move, 867, 274, 2, 435, 1096]
[:mouse_move, 866, 274, 2, 436, 1098]
[:mouse_move, 865, 274, 2, 437, 1107]
[:mouse_move, 864, 274, 2, 438, 1108]
[:mouse_move, 862, 273, 2, 439, 1109]
[:mouse_move, 861, 273, 2, 440, 1110]
[:mouse_move, 861, 272, 2, 441, 1122]
[:mouse_move, 860, 272, 2, 442, 1123]
[:mouse_move, 860, 271, 2, 443, 1125]
[:mouse_move, 858, 271, 2, 444, 1167]
[:mouse_move, 853, 271, 2, 445, 1168]
[:mouse_move, 843, 271, 2, 446, 1169]
[:mouse_move, 829, 271, 2, 447, 1170]
[:mouse_move, 815, 271, 2, 448, 1171]
[:mouse_move, 808, 271, 2, 449, 1172]
[:mouse_move, 800, 271, 2, 450, 1173]
[:mouse_move, 792, 271, 2, 451, 1174]
[:mouse_move, 785, 271, 2, 452, 1175]
[:mouse_move, 770, 268, 2, 453, 1176]
[:mouse_move, 760, 266, 2, 454, 1177]
[:mouse_move, 752, 265, 2, 455, 1178]
[:mouse_move, 742, 264, 2, 456, 1179]
[:mouse_move, 733, 263, 2, 457, 1180]
[:mouse_move, 731, 263, 2, 458, 1181]
[:mouse_move, 723, 263, 2, 459, 1182]
[:mouse_move, 722, 263, 2, 460, 1183]
[:mouse_move, 721, 263, 2, 461, 1185]
[:mouse_move, 721, 262, 2, 462, 1189]
[:mouse_move, 724, 261, 2, 463, 1190]
[:mouse_move, 732, 258, 2, 464, 1191]
[:mouse_move, 743, 255, 2, 465, 1192]
[:mouse_move, 763, 252, 2, 466, 1193]
[:mouse_move, 784, 250, 2, 467, 1194]
[:mouse_move, 798, 249, 2, 468, 1195]
[:mouse_move, 809, 248, 2, 469, 1196]
[:mouse_move, 817, 247, 2, 470, 1197]
[:mouse_move, 823, 245, 2, 471, 1198]
[:mouse_move, 828, 244, 2, 472, 1199]
[:mouse_move, 833, 241, 2, 473, 1200]
[:mouse_move, 838, 239, 2, 474, 1201]
[:mouse_move, 841, 238, 2, 475, 1202]
[:mouse_move, 841, 237, 2, 476, 1203]
[:mouse_move, 843, 235, 2, 477, 1204]
[:mouse_move, 845, 232, 2, 478, 1205]
[:mouse_move, 848, 229, 2, 479, 1206]
[:mouse_move, 850, 226, 2, 480, 1207]
[:mouse_move, 851, 225, 2, 481, 1208]
[:mouse_move, 852, 225, 2, 482, 1210]
[:mouse_move, 850, 225, 2, 483, 1217]
[:mouse_move, 844, 225, 2, 484, 1218]
[:mouse_move, 829, 225, 2, 485, 1219]
[:mouse_move, 799, 226, 2, 486, 1220]
[:mouse_move, 750, 231, 2, 487, 1221]
[:mouse_move, 721, 232, 2, 488, 1222]
[:mouse_move, 698, 233, 2, 489, 1223]
[:mouse_move, 683, 234, 2, 490, 1224]
[:mouse_move, 668, 234, 2, 491, 1225]
[:mouse_move, 667, 234, 2, 492, 1226]
[:mouse_move, 644, 233, 2, 493, 1227]
[:mouse_move, 624, 232, 2, 494, 1228]
[:mouse_move, 612, 232, 2, 495, 1229]
[:mouse_move, 607, 232, 2, 496, 1230]
[:mouse_move, 602, 232, 2, 497, 1231]
[:mouse_move, 601, 232, 2, 498, 1232]
[:mouse_move, 600, 232, 2, 499, 1233]
[:mouse_move, 599, 232, 2, 500, 1235]
[:mouse_move, 597, 232, 2, 501, 1236]
[:mouse_move, 596, 232, 2, 502, 1237]
[:mouse_move, 595, 232, 2, 503, 1238]
[:mouse_move, 595, 231, 2, 504, 1244]
[:mouse_move, 595, 230, 2, 505, 1246]
[:mouse_move, 595, 229, 2, 506, 1247]
[:mouse_move, 594, 229, 2, 507, 1254]
[:mouse_move, 593, 229, 2, 508, 1264]
[:mouse_move, 592, 229, 2, 509, 1266]
[:mouse_move, 590, 229, 2, 510, 1267]
[:mouse_move, 588, 229, 2, 511, 1268]
[:mouse_move, 587, 229, 2, 512, 1269]
[:mouse_move, 586, 229, 2, 513, 1270]
[:mouse_move, 587, 229, 2, 514, 1279]
[:mouse_move, 587, 228, 2, 515, 1286]
[:mouse_move, 588, 228, 2, 516, 1291]
[:mouse_move, 589, 228, 2, 517, 1300]
[:mouse_move, 590, 228, 2, 518, 1309]
[:mouse_move, 590, 227, 2, 519, 1310]
[:mouse_move, 591, 227, 2, 520, 1313]
[:mouse_move, 592, 226, 2, 521, 1317]
[:mouse_move, 593, 226, 2, 522, 1320]
[:mouse_move, 594, 226, 2, 523, 1323]
[:mouse_move, 599, 226, 2, 524, 1333]
[:mouse_move, 610, 227, 2, 525, 1334]
[:mouse_move, 626, 230, 2, 526, 1335]
[:mouse_move, 653, 235, 2, 527, 1336]
[:mouse_move, 693, 240, 2, 528, 1337]
[:mouse_move, 712, 242, 2, 529, 1338]
[:mouse_move, 777, 243, 2, 530, 1339]
[:mouse_move, 808, 243, 2, 531, 1340]
[:mouse_move, 843, 238, 2, 532, 1341]
[:mouse_move, 877, 231, 2, 533, 1342]
[:mouse_move, 896, 226, 2, 534, 1343]
[:mouse_move, 922, 218, 2, 535, 1344]
[:mouse_move, 939, 211, 2, 536, 1345]
[:mouse_move, 964, 202, 2, 537, 1346]
[:mouse_move, 982, 194, 2, 538, 1347]
[:mouse_move, 994, 189, 2, 539, 1348]
[:mouse_move, 1004, 184, 2, 540, 1349]
[:mouse_move, 1015, 179, 2, 541, 1350]
[:mouse_move, 1022, 175, 2, 542, 1351]
[:mouse_move, 1033, 170, 2, 543, 1352]
[:mouse_move, 1038, 167, 2, 544, 1353]
[:mouse_move, 1044, 165, 2, 545, 1354]
[:mouse_move, 1051, 161, 2, 546, 1355]
[:mouse_move, 1057, 159, 2, 547, 1356]
[:mouse_move, 1070, 155, 2, 548, 1357]
[:mouse_move, 1078, 153, 2, 549, 1358]
[:mouse_move, 1089, 150, 2, 550, 1359]
[:mouse_move, 1093, 149, 2, 551, 1360]
[:mouse_move, 1098, 147, 2, 552, 1361]
[:mouse_move, 1101, 146, 2, 553, 1362]
[:mouse_move, 1105, 145, 2, 554, 1363]
[:mouse_move, 1108, 144, 2, 555, 1364]
[:mouse_move, 1111, 142, 2, 556, 1365]
[:mouse_move, 1114, 141, 2, 557, 1366]
[:mouse_move, 1115, 141, 2, 558, 1367]
[:mouse_move, 1116, 140, 2, 559, 1368]
[:mouse_move, 1120, 138, 2, 560, 1369]
[:mouse_move, 1124, 137, 2, 561, 1370]
[:mouse_move, 1130, 135, 2, 562, 1371]
[:mouse_move, 1137, 133, 2, 563, 1372]
[:mouse_move, 1143, 131, 2, 564, 1373]
[:mouse_move, 1148, 130, 2, 565, 1374]
[:mouse_move, 1151, 129, 2, 566, 1375]
[:mouse_move, 1154, 129, 2, 567, 1376]
[:mouse_move, 1156, 129, 2, 568, 1377]
[:mouse_move, 1157, 129, 2, 569, 1378]
[:mouse_move, 1158, 129, 2, 570, 1380]
[:mouse_move, 1159, 129, 2, 571, 1393]
[:mouse_move, 1160, 129, 2, 572, 1396]
[:mouse_move, 1162, 129, 2, 573, 1398]
[:mouse_move, 1166, 129, 2, 574, 1399]
[:mouse_move, 1170, 129, 2, 575, 1400]
[:mouse_move, 1174, 129, 2, 576, 1401]
[:mouse_move, 1178, 129, 2, 577, 1402]
[:mouse_move, 1184, 129, 2, 578, 1403]
[:mouse_move, 1187, 129, 2, 579, 1404]
[:mouse_move, 1190, 129, 2, 580, 1405]
[:mouse_move, 1192, 130, 2, 581, 1407]
[:mouse_move, 1191, 130, 2, 582, 1414]
[:mouse_move, 1190, 130, 2, 583, 1415]
[:mouse_move, 1189, 130, 2, 584, 1417]
[:mouse_move, 1189, 129, 2, 585, 1418]
[:mouse_move, 1188, 129, 2, 586, 1419]
[:mouse_move, 1187, 129, 2, 587, 1420]
[:mouse_move, 1186, 128, 2, 588, 1422]
[:mouse_move, 1185, 128, 2, 589, 1424]
[:mouse_move, 1184, 128, 2, 590, 1434]
[:mouse_move, 1183, 128, 2, 591, 1436]
[:mouse_move, 1182, 128, 2, 592, 1437]
[:mouse_move, 1181, 128, 2, 593, 1439]
[:mouse_move, 1180, 128, 2, 594, 1460]
[:mouse_move, 1179, 128, 2, 595, 1465]
[:mouse_move, 1178, 128, 2, 596, 1469]
[:mouse_move, 1177, 128, 2, 597, 1473]
[:mouse_move, 1176, 128, 2, 598, 1475]
[:mouse_move, 1176, 127, 2, 599, 1476]
[:mouse_move, 1175, 127, 2, 600, 1477]
[:mouse_move, 1174, 127, 2, 601, 1482]
[:mouse_move, 1173, 127, 2, 602, 1485]
[:mouse_move, 1172, 127, 2, 603, 1486]
[:mouse_move, 1170, 127, 2, 604, 1487]
[:mouse_move, 1169, 127, 2, 605, 1489]
[:mouse_move, 1169, 128, 2, 606, 1499]
[:mouse_move, 1168, 129, 2, 607, 1501]
[:mouse_move, 1167, 131, 2, 608, 1502]
[:mouse_move, 1165, 132, 2, 609, 1503]
[:mouse_move, 1159, 137, 2, 610, 1504]
[:mouse_move, 1148, 141, 2, 611, 1505]
[:mouse_move, 1127, 146, 2, 612, 1506]
[:mouse_move, 1086, 155, 2, 613, 1507]
[:mouse_move, 1045, 162, 2, 614, 1508]
[:mouse_move, 1010, 165, 2, 615, 1509]
[:mouse_move, 966, 166, 2, 616, 1510]
[:mouse_move, 937, 167, 2, 617, 1511]
[:mouse_move, 913, 166, 2, 618, 1512]
[:mouse_move, 905, 166, 2, 619, 1513]
[:mouse_move, 899, 165, 2, 620, 1514]
[:mouse_move, 898, 164, 2, 621, 1516]
[:mouse_move, 897, 163, 2, 622, 1517]
[:mouse_move, 895, 162, 2, 623, 1518]
[:mouse_move, 888, 156, 2, 624, 1519]
[:mouse_move, 876, 150, 2, 625, 1520]
[:mouse_move, 860, 144, 2, 626, 1521]
[:mouse_move, 843, 138, 2, 627, 1522]
[:mouse_move, 828, 133, 2, 628, 1523]
[:mouse_move, 825, 132, 2, 629, 1524]
[:mouse_move, 822, 131, 2, 630, 1525]
[:mouse_move, 821, 131, 2, 631, 1526]
[:mouse_move, 820, 130, 2, 632, 1528]
[:mouse_move, 814, 129, 2, 633, 1529]
[:mouse_move, 805, 127, 2, 634, 1530]
[:mouse_move, 799, 126, 2, 635, 1531]
[:mouse_move, 791, 125, 2, 636, 1532]
[:mouse_move, 790, 125, 2, 637, 1533]
[:mouse_move, 790, 124, 2, 638, 1534]
[:mouse_move, 789, 124, 2, 639, 1535]
[:mouse_move, 789, 123, 2, 640, 1538]
[:mouse_move, 789, 122, 2, 641, 1544]
[:mouse_move, 790, 122, 2, 642, 1562]
[:mouse_move, 791, 123, 2, 643, 1563]
[:mouse_move, 792, 123, 2, 644, 1624]
[:mouse_move, 795, 123, 2, 645, 1625]
[:mouse_move, 812, 124, 2, 646, 1626]
[:mouse_move, 831, 126, 2, 647, 1627]
[:mouse_move, 868, 129, 2, 648, 1628]
[:mouse_move, 890, 129, 2, 649, 1629]
[:mouse_move, 916, 129, 2, 650, 1630]
[:mouse_move, 941, 128, 2, 651, 1631]
[:mouse_move, 963, 125, 2, 652, 1632]
[:mouse_move, 985, 123, 2, 653, 1633]
[:mouse_move, 1004, 122, 2, 654, 1634]
[:mouse_move, 1020, 122, 2, 655, 1635]
[:mouse_move, 1029, 122, 2, 656, 1636]
[:mouse_move, 1035, 122, 2, 657, 1637]
[:mouse_move, 1040, 122, 2, 658, 1638]
[:mouse_move, 1041, 122, 2, 659, 1639]
[:mouse_move, 1043, 122, 2, 660, 1640]
[:mouse_move, 1043, 121, 2, 661, 1643]
[:mouse_move, 1043, 119, 2, 662, 1645]
[:mouse_move, 1043, 117, 2, 663, 1646]
[:mouse_move, 1047, 113, 2, 664, 1648]
[:mouse_move, 1052, 110, 2, 665, 1649]
[:mouse_move, 1057, 108, 2, 666, 1650]
[:mouse_move, 1064, 107, 2, 667, 1651]
[:mouse_move, 1069, 106, 2, 668, 1652]
[:mouse_move, 1074, 106, 2, 669, 1653]
[:mouse_move, 1078, 105, 2, 670, 1654]
[:mouse_move, 1081, 105, 2, 671, 1655]
[:mouse_move, 1082, 105, 2, 672, 1656]
[:mouse_move, 1083, 105, 2, 673, 1657]
[:mouse_move, 1083, 104, 2, 674, 1661]
[:mouse_move, 1084, 104, 2, 675, 1662]
[:mouse_move, 1084, 103, 2, 676, 1664]
[:mouse_move, 1081, 104, 2, 677, 1725]
[:mouse_move, 1071, 108, 2, 678, 1726]
[:mouse_move, 1056, 114, 2, 679, 1727]
[:mouse_move, 1037, 120, 2, 680, 1728]
[:mouse_move, 1011, 128, 2, 681, 1729]
[:mouse_move, 995, 134, 2, 682, 1730]
[:mouse_move, 992, 135, 2, 683, 1731]
[:mouse_move, 988, 137, 2, 684, 1732]
[:mouse_move, 987, 137, 2, 685, 1733]
[:mouse_move, 990, 137, 2, 686, 1737]
[:mouse_move, 996, 138, 2, 687, 1738]
[:mouse_move, 1014, 141, 2, 688, 1739]
[:mouse_move, 1051, 148, 2, 689, 1740]
[:mouse_move, 1095, 155, 2, 690, 1741]
[:mouse_move, 1127, 158, 2, 691, 1742]
[:mouse_move, 1152, 159, 2, 692, 1743]
[:mouse_move, 1178, 159, 2, 693, 1744]
[:mouse_move, 1190, 159, 2, 694, 1745]
[:mouse_move, 1199, 159, 2, 695, 1746]
[:mouse_move, 1205, 157, 2, 696, 1747]
[:mouse_move, 1208, 156, 2, 697, 1748]
[:mouse_move, 1209, 156, 2, 698, 1749]
[:mouse_move, 1209, 154, 2, 699, 1750]
[:mouse_move, 1209, 151, 2, 700, 1751]
[:mouse_move, 1210, 148, 2, 701, 1752]
[:mouse_move, 1211, 145, 2, 702, 1753]
[:mouse_move, 1213, 140, 2, 703, 1754]
[:mouse_move, 1216, 135, 2, 704, 1755]
[:mouse_move, 1217, 130, 2, 705, 1756]
[:mouse_move, 1217, 129, 2, 706, 1757]
[:mouse_move, 1217, 125, 2, 707, 1758]
[:mouse_move, 1217, 124, 2, 708, 1759]
[:mouse_move, 1217, 122, 2, 709, 1760]
[:mouse_move, 1217, 120, 2, 710, 1761]
[:mouse_move, 1217, 117, 2, 711, 1762]
[:mouse_move, 1217, 114, 2, 712, 1763]
[:mouse_move, 1217, 112, 2, 713, 1764]
[:mouse_move, 1218, 108, 2, 714, 1765]
[:mouse_move, 1219, 105, 2, 715, 1766]
[:mouse_move, 1220, 102, 2, 716, 1767]
[:mouse_move, 1220, 101, 2, 717, 1768]
[:mouse_move, 1221, 100, 2, 718, 1769]
[:mouse_move, 1221, 99, 2, 719, 1770]
[:mouse_move, 1220, 99, 2, 720, 1829]
[:mouse_move, 1215, 99, 2, 721, 1831]
[:mouse_move, 1207, 101, 2, 722, 1832]
[:mouse_move, 1194, 105, 2, 723, 1833]
[:mouse_move, 1176, 110, 2, 724, 1834]
[:mouse_move, 1155, 117, 2, 725, 1835]
[:mouse_move, 1135, 124, 2, 726, 1836]
[:mouse_move, 1116, 131, 2, 727, 1837]
[:mouse_move, 1099, 136, 2, 728, 1838]
[:mouse_move, 1084, 141, 2, 729, 1839]
[:mouse_move, 1070, 145, 2, 730, 1840]
[:mouse_move, 1051, 149, 2, 731, 1841]
[:mouse_move, 1024, 155, 2, 732, 1842]
[:mouse_move, 998, 159, 2, 733, 1843]
[:mouse_move, 976, 163, 2, 734, 1844]
[:mouse_move, 956, 167, 2, 735, 1845]
[:mouse_move, 949, 168, 2, 736, 1846]
[:mouse_move, 946, 168, 2, 737, 1847]
[:mouse_move, 928, 170, 2, 738, 1848]
[:mouse_move, 918, 171, 2, 739, 1849]
[:mouse_move, 910, 171, 2, 740, 1850]
[:mouse_move, 902, 171, 2, 741, 1851]
[:mouse_move, 889, 171, 2, 742, 1852]
[:mouse_move, 879, 171, 2, 743, 1853]
[:mouse_move, 872, 171, 2, 744, 1854]
[:mouse_move, 864, 172, 2, 745, 1855]
[:mouse_move, 860, 172, 2, 746, 1856]
[:mouse_move, 859, 173, 2, 747, 1857]
[:mouse_move, 860, 173, 2, 748, 1966]
[:mouse_move, 868, 174, 2, 749, 1967]
[:mouse_move, 878, 175, 2, 750, 1968]
[:mouse_move, 894, 176, 2, 751, 1969]
[:mouse_move, 913, 179, 2, 752, 1970]
[:mouse_move, 946, 183, 2, 753, 1971]
[:mouse_move, 970, 185, 2, 754, 1972]
[:mouse_move, 1008, 190, 2, 755, 1973]
[:mouse_move, 1036, 193, 2, 756, 1974]
[:mouse_move, 1058, 197, 2, 757, 1975]
[:mouse_move, 1069, 199, 2, 758, 1976]
[:mouse_move, 1076, 201, 2, 759, 1977]
[:mouse_move, 1083, 203, 2, 760, 1978]
[:mouse_move, 1087, 204, 2, 761, 1979]
[:mouse_move, 1088, 205, 2, 762, 1980]
[:mouse_move, 1089, 205, 2, 763, 1981]
[:mouse_move, 1088, 206, 2, 764, 1984]
[:mouse_move, 1080, 207, 2, 765, 1985]
[:mouse_move, 1073, 208, 2, 766, 1986]
[:mouse_move, 1066, 209, 2, 767, 1987]
[:mouse_move, 1062, 209, 2, 768, 1988]
[:mouse_move, 1052, 209, 2, 769, 1989]
[:mouse_move, 1049, 208, 2, 770, 1990]
[:mouse_move, 1045, 205, 2, 771, 1991]
[:mouse_move, 1044, 204, 2, 772, 1992]
[:mouse_move, 1044, 201, 2, 773, 1993]
[:mouse_move, 1045, 198, 2, 774, 1994]
[:mouse_move, 1046, 195, 2, 775, 1995]
[:mouse_move, 1049, 191, 2, 776, 1996]
[:mouse_move, 1052, 189, 2, 777, 1997]
[:mouse_move, 1055, 187, 2, 778, 1998]
[:mouse_move, 1057, 186, 2, 779, 1999]
[:mouse_move, 1060, 185, 2, 780, 2000]
[:mouse_move, 1063, 185, 2, 781, 2001]
[:mouse_move, 1064, 185, 2, 782, 2002]
[:mouse_move, 1065, 185, 2, 783, 2003]
[:mouse_move, 1066, 184, 2, 784, 2004]
[:mouse_move, 1067, 184, 2, 785, 2005]
[:mouse_move, 1068, 183, 2, 786, 2007]
[:mouse_move, 1068, 182, 2, 787, 2008]
[:mouse_move, 1069, 181, 2, 788, 2009]
[:mouse_move, 1070, 179, 2, 789, 2010]
[:mouse_move, 1071, 178, 2, 790, 2011]
[:mouse_move, 1071, 177, 2, 791, 2012]
[:mouse_move, 1072, 177, 2, 792, 2015]
[:mouse_move, 1072, 176, 2, 793, 2016]
[:mouse_move, 1078, 176, 2, 794, 2020]
[:mouse_move, 1092, 177, 2, 795, 2021]
[:mouse_move, 1108, 178, 2, 796, 2022]
[:mouse_move, 1127, 179, 2, 797, 2023]
[:mouse_move, 1144, 179, 2, 798, 2024]
[:mouse_move, 1158, 179, 2, 799, 2025]
[:mouse_move, 1165, 179, 2, 800, 2026]
[:mouse_move, 1174, 176, 2, 801, 2027]
[:mouse_move, 1180, 174, 2, 802, 2028]
[:mouse_move, 1185, 173, 2, 803, 2029]
[:mouse_move, 1190, 172, 2, 804, 2030]
[:mouse_move, 1196, 170, 2, 805, 2031]
[:mouse_move, 1202, 169, 2, 806, 2032]
[:mouse_move, 1208, 169, 2, 807, 2033]
[:mouse_move, 1216, 168, 2, 808, 2034]
[:mouse_move, 1221, 167, 2, 809, 2035]
[:mouse_move, 1224, 167, 2, 810, 2036]
[:mouse_move, 1226, 167, 2, 811, 2037]
[:mouse_move, 1227, 167, 2, 812, 2038]
[:mouse_move, 1224, 167, 2, 813, 2053]
[:mouse_move, 1211, 167, 2, 814, 2054]
[:mouse_move, 1180, 169, 2, 815, 2055]
[:mouse_move, 1158, 171, 2, 816, 2056]
[:mouse_move, 1122, 175, 2, 817, 2057]
[:mouse_move, 1090, 180, 2, 818, 2058]
[:mouse_move, 1060, 184, 2, 819, 2059]
[:mouse_move, 1035, 186, 2, 820, 2060]
[:mouse_move, 1010, 187, 2, 821, 2061]
[:mouse_move, 978, 189, 2, 822, 2062]
[:mouse_move, 956, 190, 2, 823, 2063]
[:mouse_move, 944, 190, 2, 824, 2064]
[:mouse_move, 929, 191, 2, 825, 2065]
[:mouse_move, 920, 193, 2, 826, 2066]
[:mouse_move, 912, 195, 2, 827, 2067]
[:mouse_move, 901, 197, 2, 828, 2068]
[:mouse_move, 888, 199, 2, 829, 2069]
[:mouse_move, 872, 201, 2, 830, 2070]
[:mouse_move, 863, 202, 2, 831, 2071]
[:mouse_move, 853, 204, 2, 832, 2072]
[:mouse_move, 850, 204, 2, 833, 2073]
[:mouse_move, 849, 204, 2, 834, 2074]
[:mouse_move, 848, 205, 2, 835, 2075]
[:mouse_move, 849, 205, 2, 836, 2145]
[:mouse_move, 858, 205, 2, 837, 2146]
[:mouse_move, 871, 206, 2, 838, 2147]
[:mouse_move, 890, 207, 2, 839, 2148]
[:mouse_move, 907, 209, 2, 840, 2149]
[:mouse_move, 918, 209, 2, 841, 2150]
[:mouse_move, 928, 211, 2, 842, 2151]
[:mouse_move, 937, 212, 2, 843, 2152]
[:mouse_move, 947, 213, 2, 844, 2153]
[:mouse_move, 955, 215, 2, 845, 2154]
[:mouse_move, 964, 217, 2, 846, 2155]
[:mouse_move, 969, 218, 2, 847, 2156]
[:mouse_move, 974, 219, 2, 848, 2157]
[:mouse_move, 976, 220, 2, 849, 2158]
[:mouse_move, 977, 220, 2, 850, 2159]
[:mouse_move, 974, 221, 2, 851, 2163]
[:mouse_move, 973, 221, 2, 852, 2164]
[:mouse_move, 972, 221, 2, 853, 2247]
[:mouse_move, 971, 221, 2, 854, 2248]
[:mouse_move, 970, 222, 2, 855, 2249]
[:mouse_move, 969, 222, 2, 856, 2250]
[:mouse_move, 966, 222, 2, 857, 2251]
[:mouse_move, 961, 223, 2, 858, 2253]
[:mouse_move, 960, 223, 2, 859, 2254]
[:mouse_move, 959, 224, 2, 860, 2255]
[:mouse_move, 960, 224, 2, 861, 2261]
[:mouse_move, 960, 225, 2, 862, 2266]
[:mouse_move, 958, 225, 2, 863, 2268]
[:mouse_move, 953, 227, 2, 864, 2269]
[:mouse_move, 942, 232, 2, 865, 2270]
[:mouse_move, 924, 238, 2, 866, 2271]
[:mouse_move, 908, 244, 2, 867, 2272]
[:mouse_move, 894, 249, 2, 868, 2273]
[:mouse_move, 886, 250, 2, 869, 2274]
[:mouse_move, 876, 253, 2, 870, 2275]
[:mouse_move, 870, 254, 2, 871, 2276]
[:mouse_move, 866, 255, 2, 872, 2277]
[:mouse_move, 865, 255, 2, 873, 2278]
[:mouse_move, 864, 255, 2, 874, 2279]
[:mouse_move, 864, 256, 2, 875, 2280]
[:mouse_move, 863, 256, 2, 876, 2281]
[:mouse_move, 862, 256, 2, 877, 2284]
[:mouse_move, 860, 256, 2, 878, 2285]
[:mouse_move, 859, 256, 2, 879, 2286]
[:mouse_move, 857, 256, 2, 880, 2287]
[:mouse_move, 856, 256, 2, 881, 2289]
[:scancode_down_raw, 53, 0, 2, 882, 2301]
[:textinput, "`", 0, 1, 883, 2301]
