replay_version 2.0
stopped_at 706
seed 100
recorded_at 2021-11-20 11:26:04 -0600
[:mouse_button_up, 1, 0, 1, 1, 4]
[:key_down_raw, 1073741906, 0, 2, 2, 63]
[:key_down_raw, 1073741906, 0, 2, 3, 77]
[:key_down_raw, 1073741906, 0, 2, 4, 79]
[:key_down_raw, 1073741906, 0, 2, 5, 81]
[:key_down_raw, 1073741906, 0, 2, 6, 84]
[:key_down_raw, 1073741906, 0, 2, 7, 85]
[:key_down_raw, 1073741906, 0, 2, 8, 87]
[:key_down_raw, 1073741906, 0, 2, 9, 90]
[:key_down_raw, 1073741906, 0, 2, 10, 92]
[:key_down_raw, 1073741906, 0, 2, 11, 94]
[:key_down_raw, 1073741906, 0, 2, 12, 96]
[:key_down_raw, 1073741906, 0, 2, 13, 98]
[:key_down_raw, 1073741906, 0, 2, 14, 100]
[:key_down_raw, 1073741906, 0, 2, 15, 102]
[:key_up_raw, 1073741906, 0, 2, 16, 103]
[:key_down_raw, 1073741905, 0, 2, 17, 110]
[:key_down_raw, 1073741905, 0, 2, 18, 125]
[:key_down_raw, 1073741905, 0, 2, 19, 127]
[:key_down_raw, 1073741905, 0, 2, 20, 129]
[:key_down_raw, 1073741905, 0, 2, 21, 131]
[:key_down_raw, 1073741905, 0, 2, 22, 133]
[:key_down_raw, 1073741905, 0, 2, 23, 135]
[:key_down_raw, 1073741905, 0, 2, 24, 137]
[:key_down_raw, 1073741905, 0, 2, 25, 139]
[:key_down_raw, 1073741905, 0, 2, 26, 141]
[:key_down_raw, 1073741905, 0, 2, 27, 143]
[:key_down_raw, 1073741905, 0, 2, 28, 145]
[:key_down_raw, 1073741905, 0, 2, 29, 147]
[:key_down_raw, 1073741905, 0, 2, 30, 149]
[:key_down_raw, 1073741905, 0, 2, 31, 151]
[:key_down_raw, 1073741905, 0, 2, 32, 153]
[:key_down_raw, 1073741905, 0, 2, 33, 155]
[:key_down_raw, 1073741905, 0, 2, 34, 157]
[:key_down_raw, 1073741905, 0, 2, 35, 159]
[:key_down_raw, 1073741905, 0, 2, 36, 161]
[:key_down_raw, 1073741905, 0, 2, 37, 163]
[:key_down_raw, 1073741905, 0, 2, 38, 165]
[:key_down_raw, 1073741905, 0, 2, 39, 167]
[:key_down_raw, 1073741905, 0, 2, 40, 169]
[:key_down_raw, 1073741905, 0, 2, 41, 171]
[:key_up_raw, 1073741905, 0, 2, 42, 171]
[:key_down_raw, 1073741904, 0, 2, 43, 175]
[:key_down_raw, 1073741904, 0, 2, 44, 190]
[:key_down_raw, 1073741904, 0, 2, 45, 192]
[:key_down_raw, 1073741904, 0, 2, 46, 194]
[:key_down_raw, 1073741904, 0, 2, 47, 196]
[:key_down_raw, 1073741904, 0, 2, 48, 198]
[:key_down_raw, 1073741904, 0, 2, 49, 200]
[:key_down_raw, 1073741904, 0, 2, 50, 202]
[:key_down_raw, 1073741904, 0, 2, 51, 204]
[:key_down_raw, 1073741904, 0, 2, 52, 206]
[:key_down_raw, 1073741904, 0, 2, 53, 208]
[:key_down_raw, 1073741904, 0, 2, 54, 210]
[:key_down_raw, 1073741904, 0, 2, 55, 212]
[:key_down_raw, 1073741903, 0, 2, 56, 214]
[:key_down_raw, 1073741903, 0, 2, 57, 229]
[:key_down_raw, 1073741903, 0, 2, 58, 231]
[:key_down_raw, 1073741903, 0, 2, 59, 233]
[:key_down_raw, 1073741906, 0, 2, 60, 234]
[:key_up_raw, 1073741904, 0, 2, 61, 238]
[:key_down_raw, 1073741906, 0, 2, 62, 249]
[:key_down_raw, 1073741906, 0, 2, 63, 251]
[:key_down_raw, 1073741906, 0, 2, 64, 253]
[:key_down_raw, 1073741906, 0, 2, 65, 255]
[:key_down_raw, 1073741906, 0, 2, 66, 257]
[:key_down_raw, 1073741906, 0, 2, 67, 259]
[:key_down_raw, 1073741906, 0, 2, 68, 261]
[:key_down_raw, 1073741906, 0, 2, 69, 263]
[:key_down_raw, 1073741906, 0, 2, 70, 265]
[:key_down_raw, 1073741906, 0, 2, 71, 267]
[:key_down_raw, 1073741906, 0, 2, 72, 269]
[:key_down_raw, 1073741906, 0, 2, 73, 271]
[:key_down_raw, 1073741906, 0, 2, 74, 273]
[:key_down_raw, 1073741906, 0, 2, 75, 275]
[:key_down_raw, 1073741906, 0, 2, 76, 277]
[:key_down_raw, 1073741906, 0, 2, 77, 279]
[:key_down_raw, 1073741906, 0, 2, 78, 281]
[:key_down_raw, 1073741906, 0, 2, 79, 283]
[:key_down_raw, 1073741906, 0, 2, 80, 285]
[:key_down_raw, 1073741906, 0, 2, 81, 287]
[:key_down_raw, 1073741906, 0, 2, 82, 289]
[:key_down_raw, 1073741906, 0, 2, 83, 291]
[:key_down_raw, 1073741906, 0, 2, 84, 293]
[:key_down_raw, 1073741906, 0, 2, 85, 295]
[:key_down_raw, 1073741906, 0, 2, 86, 297]
[:key_down_raw, 1073741906, 0, 2, 87, 299]
[:key_down_raw, 1073741906, 0, 2, 88, 301]
[:key_down_raw, 1073741905, 0, 2, 89, 301]
[:key_up_raw, 1073741906, 0, 2, 90, 310]
[:key_up_raw, 1073741903, 0, 2, 91, 310]
[:key_down_raw, 1073741904, 0, 2, 92, 316]
[:key_down_raw, 1073741904, 0, 2, 93, 331]
[:key_down_raw, 1073741904, 0, 2, 94, 333]
[:key_down_raw, 1073741904, 0, 2, 95, 335]
[:key_down_raw, 1073741904, 0, 2, 96, 337]
[:key_down_raw, 1073741904, 0, 2, 97, 339]
[:key_down_raw, 1073741904, 0, 2, 98, 341]
[:key_down_raw, 1073741904, 0, 2, 99, 343]
[:key_down_raw, 1073741904, 0, 2, 100, 345]
[:key_down_raw, 1073741904, 0, 2, 101, 347]
[:key_down_raw, 1073741904, 0, 2, 102, 349]
[:key_down_raw, 1073741904, 0, 2, 103, 351]
[:key_down_raw, 1073741904, 0, 2, 104, 353]
[:key_down_raw, 1073741904, 0, 2, 105, 355]
[:key_down_raw, 1073741904, 0, 2, 106, 357]
[:key_down_raw, 1073741904, 0, 2, 107, 359]
[:key_down_raw, 1073741904, 0, 2, 108, 361]
[:key_up_raw, 1073741905, 0, 2, 109, 363]
[:key_down_raw, 1073741904, 0, 2, 110, 363]
[:key_down_raw, 1073741904, 0, 2, 111, 365]
[:key_down_raw, 1073741904, 0, 2, 112, 367]
[:key_down_raw, 1073741904, 0, 2, 113, 369]
[:key_down_raw, 1073741904, 0, 2, 114, 371]
[:key_down_raw, 1073741904, 0, 2, 115, 373]
[:key_down_raw, 1073741904, 0, 2, 116, 375]
[:key_down_raw, 1073741904, 0, 2, 117, 377]
[:key_down_raw, 1073741904, 0, 2, 118, 379]
[:key_down_raw, 1073741904, 0, 2, 119, 381]
[:key_down_raw, 1073741904, 0, 2, 120, 383]
[:key_down_raw, 1073741904, 0, 2, 121, 385]
[:key_down_raw, 1073741904, 0, 2, 122, 387]
[:key_down_raw, 1073741904, 0, 2, 123, 389]
[:key_down_raw, 1073741904, 0, 2, 124, 391]
[:key_down_raw, 1073741904, 0, 2, 125, 393]
[:key_down_raw, 1073741904, 0, 2, 126, 395]
[:key_down_raw, 1073741904, 0, 2, 127, 397]
[:key_up_raw, 1073741904, 0, 2, 128, 399]
[:key_down_raw, 1073741903, 0, 2, 129, 400]
[:key_down_raw, 1073741903, 0, 2, 130, 415]
[:key_down_raw, 1073741903, 0, 2, 131, 417]
[:key_down_raw, 1073741903, 0, 2, 132, 419]
[:key_down_raw, 1073741903, 0, 2, 133, 421]
[:key_down_raw, 1073741903, 0, 2, 134, 423]
[:key_down_raw, 1073741903, 0, 2, 135, 425]
[:key_down_raw, 1073741903, 0, 2, 136, 427]
[:key_down_raw, 1073741903, 0, 2, 137, 429]
[:key_down_raw, 1073741903, 0, 2, 138, 431]
[:key_down_raw, 1073741903, 0, 2, 139, 433]
[:key_down_raw, 1073741903, 0, 2, 140, 435]
[:key_down_raw, 1073741903, 0, 2, 141, 437]
[:key_down_raw, 1073741903, 0, 2, 142, 439]
[:key_down_raw, 1073741903, 0, 2, 143, 441]
[:key_down_raw, 1073741903, 0, 2, 144, 443]
[:key_down_raw, 1073741903, 0, 2, 145, 445]
[:key_down_raw, 1073741903, 0, 2, 146, 447]
[:key_down_raw, 1073741903, 0, 2, 147, 449]
[:key_down_raw, 1073741903, 0, 2, 148, 451]
[:key_down_raw, 1073741903, 0, 2, 149, 453]
[:key_down_raw, 1073741903, 0, 2, 150, 455]
[:key_down_raw, 1073741903, 0, 2, 151, 457]
[:key_down_raw, 1073741903, 0, 2, 152, 459]
[:key_down_raw, 1073741903, 0, 2, 153, 461]
[:key_down_raw, 1073741903, 0, 2, 154, 463]
[:key_down_raw, 1073741903, 0, 2, 155, 465]
[:key_down_raw, 1073741903, 0, 2, 156, 467]
[:key_down_raw, 1073741903, 0, 2, 157, 469]
[:key_down_raw, 1073741903, 0, 2, 158, 471]
[:key_down_raw, 1073741903, 0, 2, 159, 473]
[:key_down_raw, 1073741903, 0, 2, 160, 475]
[:key_down_raw, 1073741903, 0, 2, 161, 477]
[:key_down_raw, 1073741903, 0, 2, 162, 479]
[:key_down_raw, 1073741903, 0, 2, 163, 481]
[:key_down_raw, 1073741903, 0, 2, 164, 483]
[:key_down_raw, 1073741903, 0, 2, 165, 485]
[:key_down_raw, 1073741903, 0, 2, 166, 487]
[:key_down_raw, 1073741903, 0, 2, 167, 489]
[:key_down_raw, 1073741903, 0, 2, 168, 491]
[:key_down_raw, 1073741903, 0, 2, 169, 493]
[:key_down_raw, 1073741903, 0, 2, 170, 495]
[:key_down_raw, 1073741903, 0, 2, 171, 497]
[:key_down_raw, 1073741905, 0, 2, 172, 498]
[:key_down_raw, 1073741905, 0, 2, 173, 513]
[:key_down_raw, 1073741905, 0, 2, 174, 515]
[:key_down_raw, 1073741905, 0, 2, 175, 517]
[:key_down_raw, 1073741905, 0, 2, 176, 519]
[:key_down_raw, 1073741905, 0, 2, 177, 521]
[:key_down_raw, 1073741905, 0, 2, 178, 523]
[:key_down_raw, 1073741905, 0, 2, 179, 525]
[:key_down_raw, 1073741905, 0, 2, 180, 527]
[:key_down_raw, 1073741905, 0, 2, 181, 529]
[:key_down_raw, 1073741905, 0, 2, 182, 531]
[:key_down_raw, 1073741905, 0, 2, 183, 533]
[:key_down_raw, 1073741905, 0, 2, 184, 535]
[:key_down_raw, 1073741905, 0, 2, 185, 537]
[:key_down_raw, 1073741905, 0, 2, 186, 539]
[:key_down_raw, 1073741905, 0, 2, 187, 541]
[:key_down_raw, 1073741905, 0, 2, 188, 543]
[:key_up_raw, 1073741905, 0, 2, 189, 543]
[:key_up_raw, 1073741903, 0, 2, 190, 544]
[:key_down_raw, 1073741906, 0, 2, 191, 547]
[:key_down_raw, 1073741906, 0, 2, 192, 562]
[:key_down_raw, 1073741906, 0, 2, 193, 564]
[:key_down_raw, 1073741906, 0, 2, 194, 566]
[:key_down_raw, 1073741906, 0, 2, 195, 568]
[:key_down_raw, 1073741906, 0, 2, 196, 570]
[:key_down_raw, 1073741906, 0, 2, 197, 572]
[:key_down_raw, 1073741906, 0, 2, 198, 574]
[:key_down_raw, 1073741906, 0, 2, 199, 576]
[:key_down_raw, 1073741906, 0, 2, 200, 578]
[:key_down_raw, 1073741906, 0, 2, 201, 580]
[:key_down_raw, 1073741906, 0, 2, 202, 582]
[:key_down_raw, 1073741906, 0, 2, 203, 584]
[:key_down_raw, 1073741906, 0, 2, 204, 586]
[:key_down_raw, 1073741906, 0, 2, 205, 588]
[:key_down_raw, 1073741906, 0, 2, 206, 590]
[:key_down_raw, 1073741906, 0, 2, 207, 592]
[:key_down_raw, 1073741906, 0, 2, 208, 594]
[:key_down_raw, 1073741906, 0, 2, 209, 596]
[:key_down_raw, 1073741906, 0, 2, 210, 598]
[:key_down_raw, 1073741906, 0, 2, 211, 600]
[:key_down_raw, 1073741906, 0, 2, 212, 602]
[:key_down_raw, 1073741906, 0, 2, 213, 604]
[:key_down_raw, 1073741906, 0, 2, 214, 606]
[:key_down_raw, 1073741906, 0, 2, 215, 608]
[:key_down_raw, 1073741906, 0, 2, 216, 610]
[:key_down_raw, 1073741906, 0, 2, 217, 612]
[:key_down_raw, 1073741906, 0, 2, 218, 614]
[:key_down_raw, 1073741906, 0, 2, 219, 616]
[:key_down_raw, 1073741906, 0, 2, 220, 618]
[:key_down_raw, 1073741906, 0, 2, 221, 620]
[:key_down_raw, 1073741906, 0, 2, 222, 622]
[:key_down_raw, 1073741906, 0, 2, 223, 624]
[:key_down_raw, 1073741906, 0, 2, 224, 626]
[:key_down_raw, 1073741906, 0, 2, 225, 628]
[:key_down_raw, 1073741906, 0, 2, 226, 630]
[:key_down_raw, 1073741906, 0, 2, 227, 632]
[:key_down_raw, 1073741906, 0, 2, 228, 634]
[:key_up_raw, 1073741906, 0, 2, 229, 634]
[:key_down_raw, 96, 0, 2, 230, 648]
[:key_up_raw, 96, 0, 2, 231, 652]
[:mouse_move, 800, 84, 2, 232, 674]
[:mouse_move, 782, 88, 2, 233, 675]
[:mouse_move, 764, 94, 2, 234, 676]
[:mouse_move, 760, 94, 2, 235, 677]
[:mouse_move, 761, 94, 2, 236, 679]
[:mouse_move, 762, 93, 2, 237, 680]
[:key_down_raw, 13, 0, 2, 238, 706]
