replay_version 2.1
stopped_at 2439
seed 100
recorded_at 2024-03-05 17:43:12 -0600
[:mouse_button_up, 1, 0, 1, 1, 4]
[:mouse_move, 1116, 39, 2, 2, 34]
[:mouse_move, 1122, 37, 2, 3, 35]
[:mouse_move, 1230, 16, 2, 4, 36]
[:mouse_move, 1246, 14, 2, 5, 37]
[:mouse_move, 1252, 12, 2, 6, 38]
[:mouse_move, 1253, 12, 2, 7, 40]
[:mouse_move, 1254, 11, 2, 8, 41]
[:mouse_move, 1260, 6, 2, 9, 42]
[:mouse_move, 1268, 2, 2, 10, 43]
[:mouse_move, 1279, 0, 2, 11, 44]
[:mouse_move, 1271, 90, 2, 12, 55]
[:mouse_move, 1228, 104, 2, 13, 56]
[:mouse_move, 1203, 110, 2, 14, 57]
[:mouse_move, 1170, 118, 2, 15, 59]
[:mouse_move, 1148, 123, 2, 16, 60]
[:mouse_move, 1133, 129, 2, 17, 61]
[:mouse_move, 1128, 131, 2, 18, 62]
[:mouse_move, 1118, 138, 2, 19, 63]
[:mouse_move, 1114, 143, 2, 20, 64]
[:mouse_move, 1107, 152, 2, 21, 65]
[:mouse_move, 1102, 156, 2, 22, 66]
[:mouse_move, 1098, 162, 2, 23, 67]
[:mouse_move, 1097, 163, 2, 24, 68]
[:mouse_move, 1095, 165, 2, 25, 69]
[:mouse_move, 1094, 166, 2, 26, 71]
[:mouse_move, 1093, 166, 2, 27, 78]
[:mouse_move, 1092, 166, 2, 28, 79]
[:mouse_move, 1087, 168, 2, 29, 80]
[:mouse_move, 1083, 169, 2, 30, 81]
[:mouse_move, 1077, 170, 2, 31, 82]
[:mouse_move, 1075, 171, 2, 32, 83]
[:mouse_move, 1071, 172, 2, 33, 84]
[:mouse_move, 1070, 172, 2, 34, 85]
[:mouse_move, 1069, 172, 2, 35, 86]
[:mouse_move, 1069, 173, 2, 36, 89]
[:mouse_button_pressed, 1, 0, 1, 37, 102]
[:mouse_move, 1067, 173, 2, 38, 103]
[:mouse_move, 1059, 175, 2, 39, 104]
[:mouse_move, 1047, 178, 2, 40, 105]
[:mouse_move, 1036, 180, 2, 41, 106]
[:mouse_move, 1009, 186, 2, 42, 107]
[:mouse_move, 969, 196, 2, 43, 108]
[:mouse_move, 943, 203, 2, 44, 109]
[:mouse_move, 924, 209, 2, 45, 110]
[:mouse_move, 906, 215, 2, 46, 112]
[:mouse_move, 895, 220, 2, 47, 114]
[:mouse_move, 892, 221, 2, 48, 115]
[:mouse_move, 891, 222, 2, 49, 116]
[:mouse_move, 888, 222, 2, 50, 118]
[:mouse_move, 886, 222, 2, 51, 119]
[:mouse_move, 882, 223, 2, 52, 120]
[:mouse_move, 878, 223, 2, 53, 121]
[:mouse_button_up, 1, 0, 1, 54, 131]
[:mouse_move, 890, 223, 2, 55, 131]
[:mouse_move, 899, 223, 2, 56, 132]
[:mouse_move, 919, 225, 2, 57, 133]
[:mouse_move, 927, 226, 2, 58, 134]
[:mouse_move, 936, 226, 2, 59, 135]
[:mouse_move, 942, 227, 2, 60, 135]
[:mouse_move, 955, 228, 2, 61, 136]
[:mouse_move, 970, 229, 2, 62, 137]
[:mouse_move, 976, 229, 2, 63, 138]
[:mouse_move, 981, 229, 2, 64, 139]
[:mouse_move, 985, 229, 2, 65, 139]
[:mouse_move, 988, 229, 2, 66, 140]
[:mouse_move, 991, 229, 2, 67, 141]
[:mouse_move, 998, 228, 2, 68, 142]
[:mouse_move, 999, 228, 2, 69, 143]
[:mouse_move, 1003, 228, 2, 70, 144]
[:mouse_move, 1006, 228, 2, 71, 145]
[:mouse_move, 1010, 228, 2, 72, 146]
[:mouse_move, 1012, 228, 2, 73, 147]
[:mouse_move, 1015, 228, 2, 74, 148]
[:mouse_move, 1016, 228, 2, 75, 149]
[:mouse_move, 1018, 227, 2, 76, 150]
[:mouse_move, 1019, 227, 2, 77, 151]
[:mouse_move, 1021, 226, 2, 78, 152]
[:mouse_move, 1025, 225, 2, 79, 153]
[:mouse_move, 1033, 225, 2, 80, 154]
[:mouse_move, 1038, 225, 2, 81, 155]
[:mouse_move, 1044, 224, 2, 82, 156]
[:mouse_move, 1047, 223, 2, 83, 157]
[:mouse_move, 1052, 222, 2, 84, 158]
[:mouse_move, 1054, 222, 2, 85, 159]
[:mouse_move, 1057, 222, 2, 86, 160]
[:mouse_move, 1062, 225, 2, 87, 161]
[:mouse_move, 1063, 227, 2, 88, 162]
[:mouse_move, 1066, 231, 2, 89, 163]
[:mouse_move, 1067, 232, 2, 90, 164]
[:mouse_move, 1068, 233, 2, 91, 165]
[:mouse_move, 1069, 234, 2, 92, 166]
[:mouse_move, 1070, 235, 2, 93, 168]
[:mouse_button_pressed, 1, 0, 1, 94, 183]
[:mouse_move, 1069, 235, 2, 95, 183]
[:mouse_move, 1063, 235, 2, 96, 184]
[:mouse_move, 1049, 236, 2, 97, 185]
[:mouse_move, 1028, 237, 2, 98, 186]
[:mouse_move, 998, 239, 2, 99, 187]
[:mouse_move, 973, 242, 2, 100, 188]
[:mouse_move, 954, 244, 2, 101, 189]
[:mouse_move, 938, 245, 2, 102, 190]
[:mouse_move, 926, 247, 2, 103, 191]
[:mouse_move, 916, 248, 2, 104, 192]
[:mouse_move, 910, 248, 2, 105, 193]
[:mouse_move, 906, 248, 2, 106, 194]
[:mouse_move, 903, 248, 2, 107, 195]
[:mouse_move, 901, 249, 2, 108, 196]
[:mouse_move, 900, 249, 2, 109, 197]
[:mouse_move, 899, 249, 2, 110, 199]
[:mouse_move, 898, 249, 2, 111, 203]
[:mouse_move, 898, 248, 2, 112, 204]
[:mouse_move, 896, 248, 2, 113, 206]
[:mouse_move, 895, 248, 2, 114, 207]
[:mouse_move, 894, 248, 2, 115, 208]
[:mouse_move, 893, 247, 2, 116, 212]
[:mouse_move, 894, 247, 2, 117, 215]
[:mouse_button_up, 1, 0, 1, 118, 228]
[:mouse_move, 916, 266, 2, 119, 228]
[:mouse_move, 949, 305, 2, 120, 229]
[:mouse_move, 961, 319, 2, 121, 230]
[:mouse_move, 973, 333, 2, 122, 231]
[:mouse_move, 976, 337, 2, 123, 232]
[:mouse_move, 977, 338, 2, 124, 233]
[:mouse_move, 981, 343, 2, 125, 234]
[:mouse_move, 986, 349, 2, 126, 235]
[:mouse_move, 987, 350, 2, 127, 237]
[:mouse_move, 990, 348, 2, 128, 292]
[:mouse_move, 1003, 338, 2, 129, 293]
[:mouse_move, 1011, 332, 2, 130, 294]
[:mouse_move, 1017, 329, 2, 131, 295]
[:mouse_move, 1035, 318, 2, 132, 296]
[:mouse_move, 1038, 316, 2, 133, 297]
[:mouse_move, 1048, 311, 2, 134, 298]
[:mouse_move, 1051, 310, 2, 135, 299]
[:mouse_move, 1052, 309, 2, 136, 300]
[:mouse_move, 1055, 308, 2, 137, 301]
[:mouse_move, 1055, 307, 2, 138, 302]
[:mouse_move, 1056, 307, 2, 139, 303]
[:mouse_move, 1057, 306, 2, 140, 307]
[:mouse_move, 1059, 304, 2, 141, 309]
[:mouse_move, 1063, 299, 2, 142, 310]
[:mouse_move, 1065, 297, 2, 143, 311]
[:mouse_move, 1068, 292, 2, 144, 312]
[:mouse_move, 1070, 291, 2, 145, 313]
[:mouse_move, 1073, 287, 2, 146, 314]
[:mouse_move, 1076, 285, 2, 147, 316]
[:mouse_move, 1077, 284, 2, 148, 318]
[:mouse_move, 1078, 284, 2, 149, 320]
[:mouse_button_pressed, 1, 0, 1, 150, 334]
[:mouse_move, 1075, 286, 2, 151, 335]
[:mouse_move, 1071, 289, 2, 152, 336]
[:mouse_move, 1065, 293, 2, 153, 337]
[:mouse_move, 1057, 298, 2, 154, 338]
[:mouse_move, 1043, 306, 2, 155, 339]
[:mouse_move, 1025, 316, 2, 156, 340]
[:mouse_move, 1006, 325, 2, 157, 341]
[:mouse_move, 989, 333, 2, 158, 342]
[:mouse_move, 974, 340, 2, 159, 343]
[:mouse_move, 960, 347, 2, 160, 344]
[:mouse_move, 948, 353, 2, 161, 345]
[:mouse_move, 939, 358, 2, 162, 346]
[:mouse_move, 931, 361, 2, 163, 347]
[:mouse_move, 927, 364, 2, 164, 348]
[:mouse_move, 924, 365, 2, 165, 349]
[:mouse_button_up, 1, 0, 1, 166, 359]
[:mouse_move, 927, 361, 2, 167, 359]
[:mouse_move, 943, 345, 2, 168, 360]
[:mouse_move, 951, 339, 2, 169, 361]
[:mouse_move, 971, 319, 2, 170, 362]
[:mouse_move, 982, 308, 2, 171, 363]
[:mouse_move, 998, 293, 2, 172, 364]
[:mouse_move, 1005, 287, 2, 173, 365]
[:mouse_move, 1018, 277, 2, 174, 366]
[:mouse_move, 1024, 272, 2, 175, 367]
[:mouse_move, 1028, 269, 2, 176, 368]
[:mouse_move, 1030, 267, 2, 177, 369]
[:mouse_move, 1033, 266, 2, 178, 370]
[:mouse_move, 1033, 265, 2, 179, 371]
[:mouse_move, 1034, 265, 2, 180, 372]
[:mouse_move, 1034, 264, 2, 181, 377]
[:mouse_move, 1036, 262, 2, 182, 379]
[:mouse_move, 1038, 260, 2, 183, 380]
[:mouse_move, 1048, 251, 2, 184, 381]
[:mouse_move, 1053, 247, 2, 185, 382]
[:mouse_move, 1062, 240, 2, 186, 383]
[:mouse_move, 1070, 235, 2, 187, 384]
[:mouse_move, 1073, 233, 2, 188, 385]
[:mouse_move, 1075, 232, 2, 189, 386]
[:mouse_move, 1078, 232, 2, 190, 387]
[:mouse_move, 1079, 232, 2, 191, 388]
[:mouse_move, 1080, 232, 2, 192, 391]
[:mouse_move, 1083, 230, 2, 193, 393]
[:mouse_move, 1084, 229, 2, 194, 394]
[:mouse_move, 1086, 228, 2, 195, 395]
[:mouse_button_pressed, 1, 0, 1, 196, 407]
[:mouse_move, 1083, 230, 2, 197, 409]
[:mouse_move, 1080, 233, 2, 198, 410]
[:mouse_move, 1076, 237, 2, 199, 411]
[:mouse_move, 1068, 243, 2, 200, 412]
[:mouse_move, 1057, 254, 2, 201, 413]
[:mouse_move, 1037, 272, 2, 202, 414]
[:mouse_move, 1012, 296, 2, 203, 415]
[:mouse_move, 991, 315, 2, 204, 416]
[:mouse_move, 978, 328, 2, 205, 417]
[:mouse_move, 968, 337, 2, 206, 418]
[:mouse_move, 959, 346, 2, 207, 419]
[:mouse_move, 953, 351, 2, 208, 420]
[:mouse_move, 951, 353, 2, 209, 421]
[:mouse_move, 950, 354, 2, 210, 422]
[:mouse_move, 949, 355, 2, 211, 428]
[:mouse_move, 948, 355, 2, 212, 431]
[:mouse_move, 947, 355, 2, 213, 433]
[:mouse_move, 947, 354, 2, 214, 438]
[:mouse_move, 947, 353, 2, 215, 442]
[:mouse_move, 947, 352, 2, 216, 446]
[:mouse_button_up, 1, 0, 1, 217, 456]
[:mouse_move, 956, 385, 2, 218, 457]
[:mouse_move, 960, 397, 2, 219, 458]
[:mouse_move, 961, 406, 2, 220, 459]
[:mouse_move, 964, 425, 2, 221, 460]
[:mouse_move, 965, 435, 2, 222, 461]
[:mouse_move, 965, 449, 2, 223, 462]
[:mouse_move, 965, 452, 2, 224, 463]
[:mouse_move, 965, 455, 2, 225, 464]
[:mouse_move, 965, 456, 2, 226, 466]
[:mouse_move, 965, 455, 2, 227, 511]
[:mouse_move, 965, 448, 2, 228, 512]
[:mouse_move, 967, 437, 2, 229, 513]
[:mouse_move, 979, 393, 2, 230, 514]
[:mouse_move, 990, 363, 2, 231, 515]
[:mouse_move, 1011, 310, 2, 232, 516]
[:mouse_move, 1018, 296, 2, 233, 517]
[:mouse_move, 1038, 252, 2, 234, 518]
[:mouse_move, 1047, 236, 2, 235, 519]
[:mouse_move, 1062, 215, 2, 236, 520]
[:mouse_move, 1064, 213, 2, 237, 521]
[:mouse_move, 1071, 201, 2, 238, 522]
[:mouse_move, 1074, 196, 2, 239, 523]
[:mouse_move, 1076, 191, 2, 240, 524]
[:mouse_move, 1077, 190, 2, 241, 525]
[:mouse_move, 1079, 186, 2, 242, 526]
[:mouse_move, 1080, 185, 2, 243, 527]
[:mouse_move, 1082, 181, 2, 244, 528]
[:mouse_move, 1083, 179, 2, 245, 529]
[:mouse_move, 1085, 176, 2, 246, 530]
[:mouse_move, 1085, 174, 2, 247, 531]
[:mouse_move, 1086, 173, 2, 248, 532]
[:mouse_move, 1086, 172, 2, 249, 533]
[:mouse_move, 1088, 171, 2, 250, 534]
[:mouse_move, 1089, 170, 2, 251, 536]
[:mouse_button_pressed, 1, 0, 1, 252, 561]
[:mouse_move, 1080, 174, 2, 253, 562]
[:mouse_move, 1065, 179, 2, 254, 563]
[:mouse_move, 1053, 182, 2, 255, 564]
[:mouse_move, 1020, 193, 2, 256, 565]
[:mouse_move, 970, 211, 2, 257, 566]
[:mouse_move, 914, 231, 2, 258, 567]
[:mouse_move, 847, 256, 2, 259, 568]
[:mouse_move, 774, 283, 2, 260, 569]
[:mouse_move, 723, 302, 2, 261, 570]
[:mouse_move, 709, 306, 2, 262, 571]
[:mouse_move, 690, 313, 2, 263, 572]
[:mouse_move, 668, 320, 2, 264, 573]
[:mouse_move, 660, 323, 2, 265, 574]
[:mouse_move, 657, 324, 2, 266, 575]
[:mouse_move, 656, 324, 2, 267, 576]
[:mouse_button_up, 1, 0, 1, 268, 590]
[:mouse_move, 712, 323, 2, 269, 590]
[:mouse_move, 749, 321, 2, 270, 591]
[:mouse_move, 829, 315, 2, 271, 592]
[:mouse_move, 869, 310, 2, 272, 593]
[:mouse_move, 948, 300, 2, 273, 594]
[:mouse_move, 1015, 292, 2, 274, 594]
[:mouse_move, 1039, 288, 2, 275, 595]
[:mouse_move, 1086, 282, 2, 276, 596]
[:mouse_move, 1105, 280, 2, 277, 597]
[:mouse_move, 1124, 278, 2, 278, 598]
[:mouse_move, 1141, 277, 2, 279, 599]
[:mouse_move, 1145, 277, 2, 280, 600]
[:mouse_move, 1153, 277, 2, 281, 601]
[:mouse_move, 1157, 280, 2, 282, 602]
[:mouse_move, 1161, 284, 2, 283, 603]
[:mouse_move, 1164, 286, 2, 284, 604]
[:mouse_move, 1167, 288, 2, 285, 605]
[:mouse_move, 1168, 289, 2, 286, 606]
[:mouse_move, 1169, 290, 2, 287, 607]
[:mouse_move, 1170, 290, 2, 288, 609]
[:mouse_move, 1170, 289, 2, 289, 611]
[:mouse_move, 1169, 287, 2, 290, 612]
[:mouse_move, 1161, 283, 2, 291, 613]
[:mouse_move, 1153, 281, 2, 292, 614]
[:mouse_move, 1127, 281, 2, 293, 615]
[:mouse_move, 1119, 281, 2, 294, 616]
[:mouse_move, 1105, 281, 2, 295, 617]
[:mouse_move, 1098, 281, 2, 296, 618]
[:mouse_move, 1091, 281, 2, 297, 619]
[:mouse_move, 1089, 282, 2, 298, 620]
[:mouse_move, 1088, 282, 2, 299, 621]
[:mouse_move, 1087, 282, 2, 300, 622]
[:mouse_button_pressed, 1, 0, 1, 301, 639]
[:mouse_move, 1085, 283, 2, 302, 640]
[:mouse_move, 1071, 288, 2, 303, 641]
[:mouse_move, 1047, 298, 2, 304, 642]
[:mouse_move, 1013, 312, 2, 305, 643]
[:mouse_move, 967, 330, 2, 306, 644]
[:mouse_move, 924, 346, 2, 307, 645]
[:mouse_move, 896, 356, 2, 308, 646]
[:mouse_move, 859, 367, 2, 309, 647]
[:mouse_move, 822, 377, 2, 310, 648]
[:mouse_move, 805, 380, 2, 311, 649]
[:mouse_move, 792, 382, 2, 312, 650]
[:mouse_move, 783, 382, 2, 313, 651]
[:mouse_move, 779, 382, 2, 314, 652]
[:mouse_move, 775, 381, 2, 315, 653]
[:mouse_move, 769, 379, 2, 316, 654]
[:mouse_move, 764, 377, 2, 317, 655]
[:mouse_move, 759, 374, 2, 318, 656]
[:mouse_move, 753, 372, 2, 319, 657]
[:mouse_move, 748, 370, 2, 320, 658]
[:mouse_move, 743, 367, 2, 321, 659]
[:mouse_move, 737, 365, 2, 322, 660]
[:mouse_move, 732, 363, 2, 323, 661]
[:mouse_move, 728, 361, 2, 324, 662]
[:mouse_move, 724, 359, 2, 325, 663]
[:mouse_move, 722, 357, 2, 326, 664]
[:mouse_move, 720, 357, 2, 327, 665]
[:mouse_move, 719, 356, 2, 328, 666]
[:mouse_move, 718, 355, 2, 329, 669]
[:mouse_move, 717, 355, 2, 330, 670]
[:mouse_move, 715, 354, 2, 331, 671]
[:mouse_move, 713, 352, 2, 332, 672]
[:mouse_move, 709, 351, 2, 333, 673]
[:mouse_move, 705, 349, 2, 334, 674]
[:mouse_move, 702, 348, 2, 335, 675]
[:mouse_move, 698, 346, 2, 336, 676]
[:mouse_move, 692, 344, 2, 337, 677]
[:mouse_move, 687, 343, 2, 338, 678]
[:mouse_move, 682, 342, 2, 339, 679]
[:mouse_move, 679, 342, 2, 340, 680]
[:mouse_move, 676, 341, 2, 341, 681]
[:mouse_move, 674, 341, 2, 342, 682]
[:mouse_move, 673, 341, 2, 343, 683]
[:mouse_move, 672, 341, 2, 344, 688]
[:mouse_move, 672, 342, 2, 345, 694]
[:mouse_button_up, 1, 0, 1, 346, 708]
[:mouse_move, 724, 342, 2, 347, 708]
[:mouse_move, 783, 333, 2, 348, 709]
[:mouse_move, 812, 325, 2, 349, 710]
[:mouse_move, 855, 308, 2, 350, 711]
[:mouse_move, 870, 301, 2, 351, 712]
[:mouse_move, 915, 281, 2, 352, 713]
[:mouse_move, 937, 268, 2, 353, 714]
[:mouse_move, 965, 251, 2, 354, 715]
[:mouse_move, 974, 244, 2, 355, 716]
[:mouse_move, 984, 230, 2, 356, 717]
[:mouse_move, 989, 222, 2, 357, 718]
[:mouse_move, 996, 208, 2, 358, 719]
[:mouse_move, 1006, 192, 2, 359, 721]
[:mouse_move, 1007, 191, 2, 360, 722]
[:mouse_move, 1016, 182, 2, 361, 723]
[:mouse_move, 1017, 181, 2, 362, 724]
[:mouse_move, 1025, 174, 2, 363, 725]
[:mouse_move, 1028, 169, 2, 364, 726]
[:mouse_move, 1036, 160, 2, 365, 727]
[:mouse_move, 1039, 157, 2, 366, 728]
[:mouse_move, 1044, 151, 2, 367, 729]
[:mouse_move, 1047, 148, 2, 368, 730]
[:mouse_move, 1048, 148, 2, 369, 731]
[:mouse_move, 1054, 143, 2, 370, 732]
[:mouse_move, 1059, 137, 2, 371, 733]
[:mouse_move, 1061, 135, 2, 372, 734]
[:mouse_move, 1063, 131, 2, 373, 735]
[:mouse_move, 1066, 128, 2, 374, 736]
[:mouse_move, 1066, 127, 2, 375, 737]
[:mouse_move, 1067, 125, 2, 376, 738]
[:mouse_move, 1068, 125, 2, 377, 739]
[:mouse_move, 1069, 124, 2, 378, 740]
[:mouse_move, 1069, 123, 2, 379, 741]
[:mouse_move, 1070, 121, 2, 380, 742]
[:mouse_move, 1070, 120, 2, 381, 743]
[:mouse_move, 1071, 118, 2, 382, 744]
[:mouse_move, 1072, 116, 2, 383, 745]
[:mouse_move, 1073, 112, 2, 384, 746]
[:mouse_move, 1074, 110, 2, 385, 747]
[:mouse_move, 1075, 105, 2, 386, 748]
[:mouse_move, 1075, 104, 2, 387, 749]
[:mouse_move, 1076, 101, 2, 388, 750]
[:mouse_button_pressed, 1, 0, 1, 389, 758]
[:mouse_button_up, 1, 0, 1, 390, 759]
[:mouse_move, 1071, 101, 2, 391, 784]
[:mouse_move, 1068, 101, 2, 392, 785]
[:mouse_move, 1067, 101, 2, 393, 786]
[:mouse_move, 1064, 96, 2, 394, 787]
[:mouse_move, 1063, 95, 2, 395, 788]
[:mouse_move, 1063, 91, 2, 396, 789]
[:mouse_move, 1063, 83, 2, 397, 790]
[:mouse_move, 1063, 82, 2, 398, 791]
[:mouse_move, 1065, 78, 2, 399, 792]
[:mouse_move, 1066, 76, 2, 400, 793]
[:mouse_move, 1068, 74, 2, 401, 794]
[:mouse_move, 1068, 73, 2, 402, 796]
[:mouse_move, 1069, 73, 2, 403, 800]
[:mouse_button_pressed, 1, 0, 1, 404, 814]
[:mouse_move, 1066, 74, 2, 405, 815]
[:mouse_move, 1059, 77, 2, 406, 816]
[:mouse_move, 1047, 83, 2, 407, 817]
[:mouse_move, 1026, 94, 2, 408, 818]
[:mouse_move, 991, 114, 2, 409, 819]
[:mouse_move, 948, 140, 2, 410, 820]
[:mouse_move, 906, 168, 2, 411, 821]
[:mouse_move, 871, 191, 2, 412, 822]
[:mouse_move, 842, 211, 2, 413, 823]
[:mouse_move, 812, 230, 2, 414, 824]
[:mouse_move, 785, 247, 2, 415, 825]
[:mouse_move, 764, 260, 2, 416, 826]
[:mouse_move, 749, 268, 2, 417, 827]
[:mouse_move, 738, 275, 2, 418, 828]
[:mouse_move, 732, 278, 2, 419, 829]
[:mouse_move, 727, 281, 2, 420, 830]
[:mouse_move, 723, 283, 2, 421, 831]
[:mouse_move, 719, 285, 2, 422, 832]
[:mouse_move, 713, 287, 2, 423, 833]
[:mouse_move, 703, 292, 2, 424, 834]
[:mouse_move, 694, 296, 2, 425, 835]
[:mouse_move, 688, 299, 2, 426, 836]
[:mouse_move, 682, 303, 2, 427, 837]
[:mouse_move, 678, 306, 2, 428, 838]
[:mouse_move, 675, 308, 2, 429, 839]
[:mouse_move, 673, 309, 2, 430, 840]
[:mouse_move, 673, 310, 2, 431, 841]
[:mouse_move, 672, 311, 2, 432, 842]
[:mouse_move, 672, 312, 2, 433, 843]
[:mouse_move, 672, 313, 2, 434, 844]
[:mouse_move, 671, 314, 2, 435, 845]
[:mouse_move, 670, 316, 2, 436, 846]
[:mouse_move, 666, 322, 2, 437, 848]
[:mouse_move, 661, 327, 2, 438, 849]
[:mouse_move, 657, 331, 2, 439, 850]
[:mouse_move, 653, 334, 2, 440, 851]
[:mouse_move, 651, 336, 2, 441, 852]
[:mouse_move, 650, 337, 2, 442, 853]
[:mouse_move, 649, 338, 2, 443, 854]
[:mouse_move, 649, 339, 2, 444, 856]
[:mouse_move, 648, 339, 2, 445, 857]
[:mouse_move, 648, 340, 2, 446, 859]
[:mouse_move, 647, 340, 2, 447, 860]
[:mouse_move, 646, 341, 2, 448, 862]
[:mouse_move, 644, 341, 2, 449, 863]
[:mouse_move, 643, 342, 2, 450, 864]
[:mouse_move, 642, 343, 2, 451, 865]
[:mouse_move, 640, 343, 2, 452, 866]
[:mouse_move, 639, 343, 2, 453, 867]
[:mouse_move, 638, 344, 2, 454, 868]
[:mouse_move, 637, 344, 2, 455, 874]
[:mouse_move, 637, 343, 2, 456, 875]
[:mouse_button_up, 1, 0, 1, 457, 889]
[:mouse_move, 706, 402, 2, 458, 889]
[:mouse_move, 777, 463, 2, 459, 890]
[:mouse_move, 801, 481, 2, 460, 891]
[:mouse_move, 829, 506, 2, 461, 892]
[:mouse_move, 839, 514, 2, 462, 893]
[:mouse_move, 849, 522, 2, 463, 894]
[:mouse_move, 859, 529, 2, 464, 895]
[:mouse_move, 860, 531, 2, 465, 896]
[:mouse_move, 861, 531, 2, 466, 897]
[:mouse_move, 861, 532, 2, 467, 898]
[:mouse_move, 861, 531, 2, 468, 929]
[:mouse_move, 861, 529, 2, 469, 930]
[:mouse_move, 867, 513, 2, 470, 931]
[:mouse_move, 877, 485, 2, 471, 932]
[:mouse_move, 908, 409, 2, 472, 933]
[:mouse_move, 930, 360, 2, 473, 934]
[:mouse_move, 959, 293, 2, 474, 935]
[:mouse_move, 966, 280, 2, 475, 936]
[:mouse_move, 995, 230, 2, 476, 937]
[:mouse_move, 1006, 213, 2, 477, 938]
[:mouse_move, 1016, 201, 2, 478, 939]
[:mouse_move, 1020, 195, 2, 479, 940]
[:mouse_move, 1024, 191, 2, 480, 941]
[:mouse_move, 1026, 189, 2, 481, 942]
[:mouse_move, 1027, 188, 2, 482, 943]
[:mouse_move, 1027, 187, 2, 483, 944]
[:mouse_move, 1029, 185, 2, 484, 945]
[:mouse_move, 1031, 181, 2, 485, 946]
[:mouse_move, 1034, 178, 2, 486, 947]
[:mouse_move, 1038, 171, 2, 487, 948]
[:mouse_move, 1040, 169, 2, 488, 949]
[:mouse_move, 1044, 163, 2, 489, 950]
[:mouse_move, 1046, 157, 2, 490, 951]
[:mouse_move, 1049, 153, 2, 491, 952]
[:mouse_move, 1051, 150, 2, 492, 953]
[:mouse_move, 1056, 146, 2, 493, 954]
[:mouse_move, 1058, 145, 2, 494, 955]
[:mouse_move, 1062, 143, 2, 495, 956]
[:mouse_move, 1064, 142, 2, 496, 957]
[:mouse_move, 1065, 142, 2, 497, 958]
[:mouse_move, 1066, 142, 2, 498, 959]
[:mouse_move, 1068, 143, 2, 499, 960]
[:mouse_move, 1072, 148, 2, 500, 961]
[:mouse_move, 1080, 159, 2, 501, 962]
[:mouse_move, 1083, 162, 2, 502, 963]
[:mouse_move, 1088, 170, 2, 503, 964]
[:mouse_move, 1090, 173, 2, 504, 965]
[:mouse_move, 1092, 175, 2, 505, 966]
[:mouse_move, 1092, 176, 2, 506, 967]
[:mouse_move, 1093, 176, 2, 507, 968]
[:mouse_move, 1093, 177, 2, 508, 974]
[:mouse_move, 1092, 177, 2, 509, 975]
[:mouse_move, 1091, 177, 2, 510, 978]
[:mouse_button_pressed, 1, 0, 1, 511, 1010]
[:mouse_move, 1080, 177, 2, 512, 1011]
[:mouse_move, 1052, 181, 2, 513, 1012]
[:mouse_move, 1011, 186, 2, 514, 1013]
[:mouse_move, 960, 192, 2, 515, 1014]
[:mouse_move, 909, 199, 2, 516, 1015]
[:mouse_move, 866, 205, 2, 517, 1016]
[:mouse_move, 848, 207, 2, 518, 1017]
[:mouse_move, 831, 210, 2, 519, 1018]
[:mouse_move, 809, 214, 2, 520, 1019]
[:mouse_move, 800, 215, 2, 521, 1020]
[:mouse_move, 796, 216, 2, 522, 1021]
[:mouse_move, 795, 216, 2, 523, 1022]
[:mouse_move, 794, 216, 2, 524, 1025]
[:mouse_move, 795, 216, 2, 525, 1026]
[:mouse_button_up, 1, 0, 1, 526, 1035]
[:mouse_move, 814, 216, 2, 527, 1035]
[:mouse_move, 838, 222, 2, 528, 1036]
[:mouse_move, 867, 232, 2, 529, 1036]
[:mouse_move, 892, 241, 2, 530, 1037]
[:mouse_move, 917, 248, 2, 531, 1038]
[:mouse_move, 937, 255, 2, 532, 1038]
[:mouse_move, 972, 264, 2, 533, 1039]
[:mouse_move, 983, 267, 2, 534, 1040]
[:mouse_move, 1022, 276, 2, 535, 1041]
[:mouse_move, 1035, 280, 2, 536, 1042]
[:mouse_move, 1063, 291, 2, 537, 1043]
[:mouse_move, 1067, 295, 2, 538, 1044]
[:mouse_move, 1076, 302, 2, 539, 1045]
[:mouse_move, 1081, 305, 2, 540, 1046]
[:mouse_move, 1086, 310, 2, 541, 1047]
[:mouse_move, 1087, 311, 2, 542, 1048]
[:mouse_move, 1088, 312, 2, 543, 1049]
[:mouse_move, 1086, 312, 2, 544, 1053]
[:mouse_move, 1085, 311, 2, 545, 1054]
[:mouse_move, 1085, 308, 2, 546, 1055]
[:mouse_move, 1084, 303, 2, 547, 1056]
[:mouse_move, 1084, 301, 2, 548, 1057]
[:mouse_move, 1084, 297, 2, 549, 1058]
[:mouse_move, 1085, 295, 2, 550, 1059]
[:mouse_move, 1085, 293, 2, 551, 1060]
[:mouse_move, 1086, 292, 2, 552, 1061]
[:mouse_move, 1086, 291, 2, 553, 1062]
[:mouse_move, 1084, 288, 2, 554, 1064]
[:mouse_move, 1081, 281, 2, 555, 1065]
[:mouse_button_pressed, 1, 0, 1, 556, 1078]
[:mouse_move, 1077, 281, 2, 557, 1079]
[:mouse_move, 1067, 281, 2, 558, 1080]
[:mouse_move, 1051, 281, 2, 559, 1081]
[:mouse_move, 1024, 281, 2, 560, 1082]
[:mouse_move, 988, 280, 2, 561, 1083]
[:mouse_move, 950, 279, 2, 562, 1084]
[:mouse_move, 920, 278, 2, 563, 1085]
[:mouse_move, 892, 276, 2, 564, 1086]
[:mouse_move, 868, 274, 2, 565, 1087]
[:mouse_move, 855, 272, 2, 566, 1088]
[:mouse_move, 845, 270, 2, 567, 1089]
[:mouse_move, 839, 269, 2, 568, 1090]
[:mouse_move, 835, 268, 2, 569, 1091]
[:mouse_move, 832, 266, 2, 570, 1092]
[:mouse_move, 829, 265, 2, 571, 1093]
[:mouse_move, 826, 263, 2, 572, 1094]
[:mouse_move, 823, 261, 2, 573, 1095]
[:mouse_move, 820, 259, 2, 574, 1096]
[:mouse_move, 818, 257, 2, 575, 1097]
[:mouse_move, 816, 256, 2, 576, 1098]
[:mouse_move, 814, 255, 2, 577, 1099]
[:mouse_move, 813, 254, 2, 578, 1100]
[:mouse_move, 812, 253, 2, 579, 1101]
[:mouse_move, 811, 253, 2, 580, 1103]
[:mouse_move, 810, 253, 2, 581, 1104]
[:mouse_move, 808, 253, 2, 582, 1105]
[:mouse_move, 807, 252, 2, 583, 1106]
[:mouse_move, 806, 252, 2, 584, 1107]
[:mouse_move, 804, 252, 2, 585, 1108]
[:mouse_move, 802, 251, 2, 586, 1109]
[:mouse_move, 799, 251, 2, 587, 1111]
[:mouse_move, 794, 251, 2, 588, 1112]
[:mouse_move, 788, 250, 2, 589, 1113]
[:mouse_move, 783, 249, 2, 590, 1114]
[:mouse_move, 780, 249, 2, 591, 1115]
[:mouse_move, 777, 248, 2, 592, 1116]
[:mouse_move, 775, 248, 2, 593, 1117]
[:mouse_move, 774, 247, 2, 594, 1118]
[:mouse_move, 773, 247, 2, 595, 1119]
[:mouse_move, 772, 246, 2, 596, 1129]
[:mouse_move, 772, 245, 2, 597, 1131]
[:mouse_move, 771, 245, 2, 598, 1132]
[:mouse_move, 770, 245, 2, 599, 1135]
[:mouse_button_up, 1, 0, 1, 600, 1150]
[:mouse_move, 783, 244, 2, 601, 1150]
[:mouse_move, 796, 244, 2, 602, 1151]
[:mouse_move, 820, 243, 2, 603, 1152]
[:mouse_move, 865, 228, 2, 604, 1153]
[:mouse_move, 901, 214, 2, 605, 1154]
[:mouse_move, 990, 178, 2, 606, 1155]
[:mouse_move, 1036, 157, 2, 607, 1156]
[:mouse_move, 1067, 144, 2, 608, 1157]
[:mouse_move, 1091, 132, 2, 609, 1158]
[:mouse_move, 1115, 122, 2, 610, 1159]
[:mouse_move, 1126, 117, 2, 611, 1160]
[:mouse_move, 1134, 114, 2, 612, 1161]
[:mouse_move, 1140, 112, 2, 613, 1161]
[:mouse_move, 1143, 112, 2, 614, 1162]
[:mouse_move, 1146, 111, 2, 615, 1163]
[:mouse_move, 1147, 111, 2, 616, 1163]
[:mouse_move, 1148, 111, 2, 617, 1164]
[:mouse_move, 1148, 110, 2, 618, 1165]
[:mouse_move, 1149, 110, 2, 619, 1166]
[:mouse_move, 1149, 109, 2, 620, 1169]
[:mouse_move, 1148, 108, 2, 621, 1170]
[:mouse_move, 1147, 108, 2, 622, 1171]
[:mouse_move, 1145, 106, 2, 623, 1172]
[:mouse_move, 1144, 106, 2, 624, 1173]
[:mouse_move, 1144, 105, 2, 625, 1174]
[:mouse_move, 1143, 105, 2, 626, 1175]
[:mouse_move, 1139, 105, 2, 627, 1176]
[:mouse_move, 1136, 105, 2, 628, 1177]
[:mouse_move, 1118, 109, 2, 629, 1178]
[:mouse_move, 1106, 112, 2, 630, 1179]
[:mouse_move, 1095, 116, 2, 631, 1180]
[:mouse_move, 1089, 118, 2, 632, 1181]
[:mouse_move, 1082, 121, 2, 633, 1182]
[:mouse_move, 1081, 121, 2, 634, 1183]
[:mouse_move, 1079, 122, 2, 635, 1184]
[:mouse_button_pressed, 1, 0, 1, 636, 1205]
[:mouse_move, 1075, 125, 2, 637, 1206]
[:mouse_move, 1062, 132, 2, 638, 1207]
[:mouse_move, 1040, 143, 2, 639, 1208]
[:mouse_move, 1011, 159, 2, 640, 1209]
[:mouse_move, 980, 175, 2, 641, 1210]
[:mouse_move, 943, 192, 2, 642, 1211]
[:mouse_move, 888, 216, 2, 643, 1213]
[:mouse_move, 846, 235, 2, 644, 1214]
[:mouse_move, 829, 243, 2, 645, 1215]
[:mouse_move, 816, 248, 2, 646, 1216]
[:mouse_move, 809, 251, 2, 647, 1217]
[:mouse_move, 804, 253, 2, 648, 1218]
[:mouse_move, 802, 255, 2, 649, 1219]
[:mouse_move, 800, 255, 2, 650, 1220]
[:mouse_move, 799, 256, 2, 651, 1221]
[:mouse_move, 798, 256, 2, 652, 1223]
[:mouse_move, 797, 256, 2, 653, 1225]
[:mouse_move, 795, 257, 2, 654, 1226]
[:mouse_move, 790, 258, 2, 655, 1227]
[:mouse_move, 783, 260, 2, 656, 1228]
[:mouse_move, 778, 262, 2, 657, 1229]
[:mouse_move, 774, 264, 2, 658, 1230]
[:mouse_move, 771, 265, 2, 659, 1231]
[:mouse_move, 769, 266, 2, 660, 1232]
[:mouse_move, 768, 266, 2, 661, 1233]
[:mouse_move, 768, 267, 2, 662, 1234]
[:mouse_move, 770, 265, 2, 663, 1240]
[:mouse_move, 773, 263, 2, 664, 1241]
[:mouse_move, 776, 260, 2, 665, 1242]
[:mouse_move, 780, 258, 2, 666, 1243]
[:mouse_move, 784, 256, 2, 667, 1244]
[:mouse_move, 787, 254, 2, 668, 1245]
[:mouse_move, 789, 252, 2, 669, 1246]
[:mouse_move, 791, 252, 2, 670, 1247]
[:mouse_move, 791, 251, 2, 671, 1248]
[:mouse_move, 792, 251, 2, 672, 1249]
[:mouse_move, 793, 250, 2, 673, 1250]
[:mouse_move, 794, 250, 2, 674, 1252]
[:mouse_move, 794, 249, 2, 675, 1253]
[:mouse_move, 795, 249, 2, 676, 1254]
[:mouse_move, 796, 249, 2, 677, 1255]
[:mouse_move, 797, 248, 2, 678, 1256]
[:mouse_move, 798, 248, 2, 679, 1257]
[:mouse_move, 799, 247, 2, 680, 1258]
[:mouse_move, 801, 246, 2, 681, 1259]
[:mouse_move, 802, 246, 2, 682, 1260]
[:mouse_move, 802, 245, 2, 683, 1261]
[:mouse_move, 803, 245, 2, 684, 1262]
[:mouse_move, 804, 244, 2, 685, 1265]
[:mouse_move, 803, 244, 2, 686, 1269]
[:mouse_button_up, 1, 0, 1, 687, 1282]
[:mouse_move, 815, 264, 2, 688, 1282]
[:mouse_move, 830, 284, 2, 689, 1283]
[:mouse_move, 856, 316, 2, 690, 1284]
[:mouse_move, 865, 327, 2, 691, 1285]
[:mouse_move, 872, 336, 2, 692, 1286]
[:mouse_move, 890, 358, 2, 693, 1287]
[:mouse_move, 898, 369, 2, 694, 1288]
[:mouse_move, 900, 371, 2, 695, 1289]
[:mouse_move, 901, 373, 2, 696, 1290]
[:mouse_move, 902, 372, 2, 697, 1327]
[:mouse_move, 910, 364, 2, 698, 1328]
[:mouse_move, 919, 355, 2, 699, 1329]
[:mouse_move, 932, 341, 2, 700, 1329]
[:mouse_move, 959, 314, 2, 701, 1330]
[:mouse_move, 981, 286, 2, 702, 1331]
[:mouse_move, 1018, 243, 2, 703, 1332]
[:mouse_move, 1040, 213, 2, 704, 1333]
[:mouse_move, 1061, 182, 2, 705, 1334]
[:mouse_move, 1072, 167, 2, 706, 1335]
[:mouse_move, 1080, 153, 2, 707, 1336]
[:mouse_move, 1083, 146, 2, 708, 1337]
[:mouse_move, 1089, 133, 2, 709, 1338]
[:mouse_move, 1094, 115, 2, 710, 1340]
[:mouse_move, 1095, 112, 2, 711, 1341]
[:mouse_move, 1098, 104, 2, 712, 1342]
[:mouse_move, 1099, 101, 2, 713, 1343]
[:mouse_move, 1101, 94, 2, 714, 1344]
[:mouse_move, 1102, 92, 2, 715, 1345]
[:mouse_move, 1103, 89, 2, 716, 1346]
[:mouse_move, 1105, 80, 2, 717, 1347]
[:mouse_move, 1106, 75, 2, 718, 1348]
[:mouse_move, 1106, 73, 2, 719, 1349]
[:mouse_move, 1106, 71, 2, 720, 1350]
[:mouse_move, 1106, 69, 2, 721, 1351]
[:mouse_move, 1105, 69, 2, 722, 1355]
[:mouse_move, 1104, 69, 2, 723, 1356]
[:mouse_move, 1103, 69, 2, 724, 1357]
[:mouse_move, 1101, 69, 2, 725, 1358]
[:mouse_move, 1100, 69, 2, 726, 1359]
[:mouse_move, 1099, 69, 2, 727, 1360]
[:mouse_move, 1098, 69, 2, 728, 1361]
[:mouse_move, 1098, 68, 2, 729, 1362]
[:mouse_move, 1097, 68, 2, 730, 1363]
[:mouse_move, 1096, 68, 2, 731, 1369]
[:mouse_move, 1095, 68, 2, 732, 1370]
[:mouse_button_pressed, 1, 0, 1, 733, 1382]
[:mouse_move, 1092, 68, 2, 734, 1383]
[:mouse_move, 1084, 70, 2, 735, 1384]
[:mouse_move, 1068, 74, 2, 736, 1385]
[:mouse_move, 1048, 79, 2, 737, 1386]
[:mouse_move, 1017, 87, 2, 738, 1387]
[:mouse_move, 990, 96, 2, 739, 1388]
[:mouse_move, 970, 103, 2, 740, 1389]
[:mouse_move, 954, 108, 2, 741, 1390]
[:mouse_move, 945, 112, 2, 742, 1391]
[:mouse_move, 938, 115, 2, 743, 1392]
[:mouse_move, 935, 116, 2, 744, 1393]
[:mouse_move, 935, 117, 2, 745, 1395]
[:mouse_button_up, 1, 0, 1, 746, 1408]
[:mouse_move, 947, 117, 2, 747, 1408]
[:mouse_move, 957, 118, 2, 748, 1408]
[:mouse_move, 967, 120, 2, 749, 1409]
[:mouse_move, 978, 123, 2, 750, 1410]
[:mouse_move, 1000, 127, 2, 751, 1411]
[:mouse_move, 1009, 130, 2, 752, 1412]
[:mouse_move, 1042, 135, 2, 753, 1413]
[:mouse_move, 1059, 137, 2, 754, 1415]
[:mouse_move, 1063, 137, 2, 755, 1416]
[:mouse_move, 1065, 138, 2, 756, 1417]
[:mouse_move, 1066, 138, 2, 757, 1418]
[:mouse_move, 1067, 138, 2, 758, 1419]
[:mouse_button_pressed, 1, 0, 1, 759, 1445]
[:mouse_move, 1064, 138, 2, 760, 1446]
[:mouse_move, 1058, 139, 2, 761, 1447]
[:mouse_move, 1047, 140, 2, 762, 1448]
[:mouse_move, 1031, 143, 2, 763, 1449]
[:mouse_move, 1010, 146, 2, 764, 1450]
[:mouse_move, 987, 148, 2, 765, 1451]
[:mouse_move, 968, 149, 2, 766, 1452]
[:mouse_move, 955, 150, 2, 767, 1453]
[:mouse_move, 943, 150, 2, 768, 1454]
[:mouse_move, 935, 150, 2, 769, 1455]
[:mouse_move, 929, 150, 2, 770, 1456]
[:mouse_move, 925, 149, 2, 771, 1457]
[:mouse_move, 924, 149, 2, 772, 1458]
[:mouse_move, 923, 149, 2, 773, 1459]
[:mouse_move, 923, 148, 2, 774, 1462]
[:mouse_move, 923, 147, 2, 775, 1472]
[:mouse_move, 924, 147, 2, 776, 1473]
[:mouse_move, 924, 146, 2, 777, 1474]
[:mouse_move, 925, 146, 2, 778, 1475]
[:mouse_move, 924, 145, 2, 779, 1479]
[:mouse_move, 922, 145, 2, 780, 1480]
[:mouse_move, 918, 145, 2, 781, 1481]
[:mouse_move, 911, 144, 2, 782, 1483]
[:mouse_move, 905, 143, 2, 783, 1484]
[:mouse_move, 903, 143, 2, 784, 1485]
[:mouse_move, 901, 142, 2, 785, 1486]
[:mouse_move, 900, 142, 2, 786, 1487]
[:mouse_move, 899, 142, 2, 787, 1488]
[:mouse_move, 899, 141, 2, 788, 1489]
[:mouse_move, 900, 140, 2, 789, 1492]
[:mouse_move, 901, 140, 2, 790, 1495]
[:mouse_button_up, 1, 0, 1, 791, 1508]
[:mouse_move, 929, 154, 2, 792, 1508]
[:mouse_move, 941, 161, 2, 793, 1509]
[:mouse_move, 963, 171, 2, 794, 1510]
[:mouse_move, 972, 175, 2, 795, 1511]
[:mouse_move, 1003, 188, 2, 796, 1512]
[:mouse_move, 1006, 189, 2, 797, 1513]
[:mouse_move, 1017, 194, 2, 798, 1514]
[:mouse_move, 1020, 195, 2, 799, 1515]
[:mouse_move, 1022, 196, 2, 800, 1516]
[:mouse_move, 1023, 196, 2, 801, 1517]
[:mouse_move, 1023, 197, 2, 802, 1519]
[:mouse_move, 1024, 197, 2, 803, 1533]
[:mouse_move, 1024, 196, 2, 804, 1534]
[:mouse_move, 1025, 196, 2, 805, 1536]
[:mouse_move, 1025, 195, 2, 806, 1565]
[:mouse_move, 1028, 192, 2, 807, 1566]
[:mouse_move, 1030, 189, 2, 808, 1567]
[:mouse_move, 1037, 181, 2, 809, 1568]
[:mouse_move, 1042, 174, 2, 810, 1569]
[:mouse_move, 1046, 168, 2, 811, 1570]
[:mouse_move, 1053, 161, 2, 812, 1571]
[:mouse_move, 1055, 158, 2, 813, 1572]
[:mouse_move, 1059, 154, 2, 814, 1573]
[:mouse_move, 1060, 152, 2, 815, 1574]
[:mouse_move, 1061, 151, 2, 816, 1575]
[:mouse_move, 1062, 151, 2, 817, 1580]
[:mouse_move, 1063, 150, 2, 818, 1582]
[:mouse_move, 1066, 148, 2, 819, 1583]
[:mouse_move, 1067, 147, 2, 820, 1584]
[:mouse_move, 1071, 143, 2, 821, 1585]
[:mouse_move, 1072, 142, 2, 822, 1586]
[:mouse_move, 1075, 140, 2, 823, 1587]
[:mouse_move, 1075, 139, 2, 824, 1588]
[:mouse_move, 1076, 138, 2, 825, 1589]
[:mouse_move, 1077, 138, 2, 826, 1591]
[:mouse_move, 1077, 137, 2, 827, 1592]
[:mouse_move, 1078, 137, 2, 828, 1595]
[:mouse_move, 1078, 136, 2, 829, 1597]
[:mouse_move, 1078, 135, 2, 830, 1599]
[:mouse_move, 1078, 134, 2, 831, 1601]
[:mouse_button_pressed, 1, 0, 1, 832, 1613]
[:mouse_move, 1077, 134, 2, 833, 1614]
[:mouse_move, 1073, 136, 2, 834, 1615]
[:mouse_move, 1068, 139, 2, 835, 1616]
[:mouse_move, 1052, 149, 2, 836, 1618]
[:mouse_move, 1036, 160, 2, 837, 1619]
[:mouse_move, 1027, 166, 2, 838, 1620]
[:mouse_move, 1019, 172, 2, 839, 1621]
[:mouse_move, 1012, 177, 2, 840, 1622]
[:mouse_move, 1004, 183, 2, 841, 1623]
[:mouse_move, 997, 188, 2, 842, 1624]
[:mouse_move, 991, 193, 2, 843, 1625]
[:mouse_move, 986, 197, 2, 844, 1626]
[:mouse_move, 982, 201, 2, 845, 1627]
[:mouse_move, 979, 203, 2, 846, 1628]
[:mouse_move, 978, 204, 2, 847, 1629]
[:mouse_move, 977, 204, 2, 848, 1630]
[:mouse_move, 977, 205, 2, 849, 1631]
[:mouse_move, 976, 205, 2, 850, 1634]
[:mouse_button_up, 1, 0, 1, 851, 1647]
[:mouse_move, 980, 200, 2, 852, 1647]
[:mouse_move, 986, 192, 2, 853, 1648]
[:mouse_move, 997, 177, 2, 854, 1649]
[:mouse_move, 1000, 172, 2, 855, 1650]
[:mouse_move, 1016, 150, 2, 856, 1651]
[:mouse_move, 1022, 141, 2, 857, 1652]
[:mouse_move, 1027, 134, 2, 858, 1653]
[:mouse_move, 1029, 131, 2, 859, 1654]
[:mouse_move, 1031, 126, 2, 860, 1655]
[:mouse_move, 1032, 125, 2, 861, 1656]
[:mouse_move, 1033, 123, 2, 862, 1657]
[:mouse_move, 1033, 121, 2, 863, 1658]
[:mouse_move, 1034, 120, 2, 864, 1659]
[:mouse_move, 1035, 117, 2, 865, 1660]
[:mouse_move, 1036, 115, 2, 866, 1661]
[:mouse_move, 1040, 108, 2, 867, 1662]
[:mouse_move, 1045, 102, 2, 868, 1663]
[:mouse_move, 1053, 92, 2, 869, 1664]
[:mouse_move, 1061, 85, 2, 870, 1666]
[:mouse_move, 1063, 83, 2, 871, 1667]
[:mouse_move, 1064, 82, 2, 872, 1668]
[:mouse_move, 1065, 81, 2, 873, 1670]
[:mouse_move, 1066, 81, 2, 874, 1677]
[:mouse_button_pressed, 1, 0, 1, 875, 1688]
[:mouse_move, 1064, 83, 2, 876, 1689]
[:mouse_move, 1060, 87, 2, 877, 1690]
[:mouse_move, 1055, 93, 2, 878, 1691]
[:mouse_move, 1045, 104, 2, 879, 1693]
[:mouse_move, 1035, 115, 2, 880, 1694]
[:mouse_move, 1029, 121, 2, 881, 1695]
[:mouse_move, 1023, 128, 2, 882, 1696]
[:mouse_move, 1017, 134, 2, 883, 1697]
[:mouse_move, 1012, 139, 2, 884, 1698]
[:mouse_move, 1006, 145, 2, 885, 1699]
[:mouse_move, 1001, 151, 2, 886, 1700]
[:mouse_move, 996, 157, 2, 887, 1701]
[:mouse_move, 992, 161, 2, 888, 1702]
[:mouse_move, 990, 164, 2, 889, 1703]
[:mouse_move, 989, 165, 2, 890, 1704]
[:mouse_move, 988, 166, 2, 891, 1705]
[:mouse_move, 988, 168, 2, 892, 1706]
[:mouse_move, 987, 169, 2, 893, 1707]
[:mouse_move, 987, 170, 2, 894, 1709]
[:mouse_move, 987, 171, 2, 895, 1710]
[:mouse_move, 987, 172, 2, 896, 1716]
[:mouse_move, 987, 173, 2, 897, 1720]
[:mouse_button_up, 1, 0, 1, 898, 1760]
[:mouse_move, 992, 170, 2, 899, 1760]
[:mouse_move, 1001, 162, 2, 900, 1761]
[:mouse_move, 1006, 158, 2, 901, 1762]
[:mouse_move, 1031, 132, 2, 902, 1763]
[:mouse_move, 1035, 127, 2, 903, 1764]
[:mouse_move, 1053, 106, 2, 904, 1765]
[:mouse_move, 1059, 97, 2, 905, 1766]
[:mouse_move, 1067, 85, 2, 906, 1767]
[:mouse_move, 1071, 80, 2, 907, 1768]
[:mouse_move, 1074, 77, 2, 908, 1769]
[:mouse_move, 1076, 74, 2, 909, 1769]
[:mouse_move, 1076, 73, 2, 910, 1770]
[:mouse_move, 1077, 72, 2, 911, 1771]
[:mouse_move, 1078, 71, 2, 912, 1772]
[:mouse_move, 1078, 70, 2, 913, 1806]
[:mouse_move, 1079, 69, 2, 914, 1807]
[:mouse_move, 1079, 68, 2, 915, 1808]
[:mouse_move, 1079, 67, 2, 916, 1810]
[:mouse_move, 1080, 67, 2, 917, 1813]
[:mouse_button_pressed, 1, 0, 1, 918, 1831]
[:mouse_move, 1079, 67, 2, 919, 1831]
[:mouse_move, 1076, 68, 2, 920, 1832]
[:mouse_move, 1067, 70, 2, 921, 1833]
[:mouse_move, 1050, 73, 2, 922, 1834]
[:mouse_move, 1023, 77, 2, 923, 1835]
[:mouse_move, 993, 80, 2, 924, 1836]
[:mouse_move, 950, 84, 2, 925, 1837]
[:mouse_move, 896, 89, 2, 926, 1838]
[:mouse_move, 848, 94, 2, 927, 1839]
[:mouse_move, 807, 100, 2, 928, 1840]
[:mouse_move, 775, 107, 2, 929, 1841]
[:mouse_move, 749, 114, 2, 930, 1842]
[:mouse_move, 730, 121, 2, 931, 1843]
[:mouse_move, 720, 125, 2, 932, 1844]
[:mouse_move, 714, 129, 2, 933, 1845]
[:mouse_move, 711, 130, 2, 934, 1846]
[:mouse_move, 710, 131, 2, 935, 1847]
[:mouse_move, 710, 132, 2, 936, 1849]
[:mouse_button_up, 1, 0, 1, 937, 1858]
[:mouse_move, 740, 128, 2, 938, 1858]
[:mouse_move, 801, 118, 2, 939, 1859]
[:mouse_move, 833, 114, 2, 940, 1860]
[:mouse_move, 889, 101, 2, 941, 1861]
[:mouse_move, 949, 90, 2, 942, 1862]
[:mouse_move, 1019, 79, 2, 943, 1863]
[:mouse_move, 1062, 74, 2, 944, 1864]
[:mouse_move, 1102, 74, 2, 945, 1865]
[:mouse_move, 1109, 74, 2, 946, 1866]
[:mouse_move, 1130, 74, 2, 947, 1867]
[:mouse_move, 1135, 74, 2, 948, 1868]
[:mouse_move, 1138, 75, 2, 949, 1869]
[:mouse_move, 1140, 75, 2, 950, 1869]
[:mouse_move, 1142, 75, 2, 951, 1871]
[:mouse_move, 1144, 75, 2, 952, 1872]
[:mouse_move, 1145, 75, 2, 953, 1874]
[:mouse_move, 1145, 74, 2, 954, 1876]
[:mouse_move, 1142, 74, 2, 955, 1878]
[:mouse_move, 1120, 74, 2, 956, 1880]
[:mouse_move, 1113, 74, 2, 957, 1881]
[:mouse_move, 1099, 73, 2, 958, 1882]
[:mouse_move, 1093, 73, 2, 959, 1883]
[:mouse_move, 1085, 73, 2, 960, 1884]
[:mouse_move, 1083, 72, 2, 961, 1885]
[:mouse_move, 1082, 72, 2, 962, 1886]
[:mouse_move, 1081, 72, 2, 963, 1887]
[:mouse_button_pressed, 1, 0, 1, 964, 1903]
[:mouse_move, 1078, 72, 2, 965, 1904]
[:mouse_move, 1069, 74, 2, 966, 1905]
[:mouse_move, 1054, 78, 2, 967, 1906]
[:mouse_move, 1029, 83, 2, 968, 1907]
[:mouse_move, 1001, 89, 2, 969, 1908]
[:mouse_move, 967, 96, 2, 970, 1909]
[:mouse_move, 929, 103, 2, 971, 1910]
[:mouse_move, 895, 109, 2, 972, 1911]
[:mouse_move, 858, 114, 2, 973, 1912]
[:mouse_move, 822, 118, 2, 974, 1913]
[:mouse_move, 795, 122, 2, 975, 1914]
[:mouse_move, 778, 124, 2, 976, 1915]
[:mouse_move, 767, 126, 2, 977, 1916]
[:mouse_move, 759, 127, 2, 978, 1917]
[:mouse_move, 754, 128, 2, 979, 1918]
[:mouse_move, 751, 128, 2, 980, 1919]
[:mouse_move, 750, 129, 2, 981, 1920]
[:mouse_move, 749, 129, 2, 982, 1924]
[:mouse_move, 748, 129, 2, 983, 1929]
[:mouse_move, 747, 129, 2, 984, 1930]
[:mouse_move, 745, 129, 2, 985, 1931]
[:mouse_move, 742, 129, 2, 986, 1932]
[:mouse_move, 739, 129, 2, 987, 1933]
[:mouse_move, 737, 129, 2, 988, 1934]
[:mouse_move, 736, 129, 2, 989, 1935]
[:mouse_move, 735, 129, 2, 990, 1936]
[:mouse_button_up, 1, 0, 1, 991, 1951]
[:mouse_move, 757, 129, 2, 992, 1951]
[:mouse_move, 784, 133, 2, 993, 1952]
[:mouse_move, 811, 136, 2, 994, 1952]
[:mouse_move, 836, 137, 2, 995, 1953]
[:mouse_move, 895, 138, 2, 996, 1955]
[:mouse_move, 927, 137, 2, 997, 1956]
[:mouse_move, 959, 129, 2, 998, 1957]
[:mouse_move, 978, 125, 2, 999, 1958]
[:mouse_move, 996, 120, 2, 1000, 1959]
[:mouse_move, 1005, 117, 2, 1001, 1960]
[:mouse_move, 1010, 115, 2, 1002, 1961]
[:mouse_move, 1015, 113, 2, 1003, 1962]
[:mouse_move, 1017, 113, 2, 1004, 1963]
[:mouse_move, 1017, 112, 2, 1005, 1964]
[:mouse_move, 1018, 112, 2, 1006, 1965]
[:mouse_move, 1019, 112, 2, 1007, 1967]
[:mouse_move, 1020, 112, 2, 1008, 1969]
[:mouse_move, 1021, 112, 2, 1009, 1971]
[:mouse_move, 1026, 111, 2, 1010, 1973]
[:mouse_move, 1029, 110, 2, 1011, 1974]
[:mouse_move, 1037, 107, 2, 1012, 1975]
[:mouse_move, 1043, 104, 2, 1013, 1976]
[:mouse_move, 1056, 98, 2, 1014, 1977]
[:mouse_move, 1064, 94, 2, 1015, 1978]
[:mouse_move, 1077, 86, 2, 1016, 1979]
[:mouse_move, 1079, 85, 2, 1017, 1980]
[:mouse_move, 1083, 82, 2, 1018, 1981]
[:mouse_move, 1088, 78, 2, 1019, 1982]
[:mouse_move, 1089, 77, 2, 1020, 1983]
[:mouse_move, 1091, 74, 2, 1021, 1984]
[:mouse_move, 1092, 73, 2, 1022, 1985]
[:mouse_button_pressed, 1, 0, 1, 1023, 2008]
[:mouse_move, 1091, 73, 2, 1024, 2008]
[:mouse_move, 1076, 76, 2, 1025, 2009]
[:mouse_move, 1047, 83, 2, 1026, 2010]
[:mouse_move, 1017, 87, 2, 1027, 2011]
[:mouse_move, 989, 92, 2, 1028, 2012]
[:mouse_move, 951, 97, 2, 1029, 2013]
[:mouse_move, 910, 102, 2, 1030, 2014]
[:mouse_move, 885, 104, 2, 1031, 2015]
[:mouse_move, 861, 107, 2, 1032, 2016]
[:mouse_move, 830, 110, 2, 1033, 2017]
[:mouse_move, 812, 111, 2, 1034, 2018]
[:mouse_move, 802, 111, 2, 1035, 2019]
[:mouse_move, 794, 112, 2, 1036, 2020]
[:mouse_move, 790, 112, 2, 1037, 2021]
[:mouse_move, 787, 113, 2, 1038, 2023]
[:mouse_move, 786, 113, 2, 1039, 2031]
[:mouse_move, 785, 113, 2, 1040, 2032]
[:mouse_move, 784, 113, 2, 1041, 2033]
[:mouse_move, 783, 114, 2, 1042, 2034]
[:mouse_move, 782, 114, 2, 1043, 2035]
[:mouse_move, 781, 114, 2, 1044, 2036]
[:mouse_move, 780, 115, 2, 1045, 2037]
[:mouse_move, 778, 115, 2, 1046, 2038]
[:mouse_move, 775, 116, 2, 1047, 2039]
[:mouse_move, 774, 116, 2, 1048, 2040]
[:mouse_move, 773, 117, 2, 1049, 2041]
[:mouse_move, 772, 117, 2, 1050, 2042]
[:mouse_move, 771, 117, 2, 1051, 2043]
[:mouse_move, 770, 117, 2, 1052, 2044]
[:mouse_move, 770, 118, 2, 1053, 2045]
[:mouse_move, 769, 118, 2, 1054, 2046]
[:mouse_move, 768, 118, 2, 1055, 2049]
[:mouse_move, 767, 118, 2, 1056, 2050]
[:mouse_move, 763, 118, 2, 1057, 2051]
[:mouse_move, 758, 119, 2, 1058, 2052]
[:mouse_move, 754, 120, 2, 1059, 2053]
[:mouse_move, 751, 120, 2, 1060, 2054]
[:mouse_move, 748, 121, 2, 1061, 2055]
[:mouse_move, 747, 121, 2, 1062, 2056]
[:mouse_move, 746, 121, 2, 1063, 2058]
[:mouse_move, 746, 122, 2, 1064, 2060]
[:mouse_move, 747, 122, 2, 1065, 2064]
[:mouse_button_up, 1, 0, 1, 1066, 2082]
[:mouse_move, 759, 122, 2, 1067, 2082]
[:mouse_move, 798, 126, 2, 1068, 2083]
[:mouse_move, 844, 136, 2, 1069, 2084]
[:mouse_move, 874, 141, 2, 1070, 2085]
[:mouse_move, 949, 158, 2, 1071, 2086]
[:mouse_move, 989, 167, 2, 1072, 2087]
[:mouse_move, 1029, 175, 2, 1073, 2088]
[:mouse_move, 1036, 176, 2, 1074, 2089]
[:mouse_move, 1061, 181, 2, 1075, 2090]
[:mouse_move, 1067, 182, 2, 1076, 2091]
[:mouse_move, 1071, 183, 2, 1077, 2092]
[:mouse_move, 1072, 183, 2, 1078, 2093]
[:mouse_move, 1073, 184, 2, 1079, 2094]
[:mouse_move, 1073, 185, 2, 1080, 2125]
[:mouse_move, 1073, 186, 2, 1081, 2126]
[:mouse_move, 1074, 186, 2, 1082, 2127]
[:mouse_move, 1074, 187, 2, 1083, 2128]
[:mouse_move, 1075, 188, 2, 1084, 2129]
[:mouse_move, 1075, 189, 2, 1085, 2131]
[:mouse_move, 1075, 190, 2, 1086, 2133]
[:mouse_move, 1075, 191, 2, 1087, 2135]
[:mouse_move, 1075, 192, 2, 1088, 2137]
[:mouse_move, 1074, 192, 2, 1089, 2140]
[:mouse_move, 1074, 190, 2, 1090, 2166]
[:mouse_move, 1074, 183, 2, 1091, 2167]
[:mouse_move, 1074, 177, 2, 1092, 2168]
[:mouse_move, 1074, 154, 2, 1093, 2169]
[:mouse_move, 1074, 126, 2, 1094, 2170]
[:mouse_move, 1075, 118, 2, 1095, 2171]
[:mouse_move, 1076, 100, 2, 1096, 2172]
[:mouse_move, 1076, 91, 2, 1097, 2173]
[:mouse_move, 1076, 85, 2, 1098, 2174]
[:mouse_move, 1076, 81, 2, 1099, 2174]
[:mouse_move, 1076, 77, 2, 1100, 2176]
[:mouse_move, 1077, 74, 2, 1101, 2177]
[:mouse_move, 1077, 73, 2, 1102, 2178]
[:mouse_move, 1077, 71, 2, 1103, 2179]
[:mouse_move, 1078, 71, 2, 1104, 2180]
[:mouse_move, 1078, 70, 2, 1105, 2181]
[:mouse_button_pressed, 1, 0, 1, 1106, 2197]
[:mouse_move, 1074, 71, 2, 1107, 2198]
[:mouse_move, 1060, 76, 2, 1108, 2199]
[:mouse_move, 1037, 83, 2, 1109, 2200]
[:mouse_move, 1008, 90, 2, 1110, 2201]
[:mouse_move, 973, 99, 2, 1111, 2202]
[:mouse_move, 940, 108, 2, 1112, 2203]
[:mouse_move, 911, 116, 2, 1113, 2204]
[:mouse_move, 882, 122, 2, 1114, 2205]
[:mouse_move, 854, 127, 2, 1115, 2206]
[:mouse_move, 834, 131, 2, 1116, 2207]
[:mouse_move, 825, 132, 2, 1117, 2208]
[:mouse_move, 817, 133, 2, 1118, 2209]
[:mouse_move, 812, 134, 2, 1119, 2210]
[:mouse_move, 808, 135, 2, 1120, 2211]
[:mouse_move, 805, 135, 2, 1121, 2212]
[:mouse_move, 803, 135, 2, 1122, 2213]
[:mouse_move, 801, 135, 2, 1123, 2214]
[:mouse_move, 800, 135, 2, 1124, 2215]
[:mouse_move, 798, 135, 2, 1125, 2216]
[:mouse_move, 797, 135, 2, 1126, 2217]
[:mouse_move, 794, 135, 2, 1127, 2218]
[:mouse_move, 788, 135, 2, 1128, 2219]
[:mouse_move, 780, 135, 2, 1129, 2220]
[:mouse_move, 774, 135, 2, 1130, 2221]
[:mouse_move, 769, 136, 2, 1131, 2222]
[:mouse_move, 765, 136, 2, 1132, 2223]
[:mouse_move, 762, 136, 2, 1133, 2224]
[:mouse_move, 760, 136, 2, 1134, 2225]
[:mouse_move, 758, 136, 2, 1135, 2226]
[:mouse_move, 755, 136, 2, 1136, 2227]
[:mouse_move, 752, 136, 2, 1137, 2228]
[:mouse_move, 750, 136, 2, 1138, 2229]
[:mouse_move, 748, 136, 2, 1139, 2230]
[:mouse_move, 747, 136, 2, 1140, 2231]
[:mouse_move, 745, 136, 2, 1141, 2232]
[:mouse_move, 743, 136, 2, 1142, 2233]
[:mouse_move, 741, 135, 2, 1143, 2234]
[:mouse_move, 739, 135, 2, 1144, 2235]
[:mouse_move, 737, 134, 2, 1145, 2236]
[:mouse_move, 736, 134, 2, 1146, 2237]
[:mouse_move, 735, 134, 2, 1147, 2238]
[:mouse_move, 734, 134, 2, 1148, 2239]
[:mouse_move, 733, 134, 2, 1149, 2242]
[:mouse_move, 732, 134, 2, 1150, 2243]
[:mouse_move, 731, 134, 2, 1151, 2244]
[:mouse_move, 730, 133, 2, 1152, 2245]
[:mouse_move, 729, 133, 2, 1153, 2247]
[:mouse_move, 728, 133, 2, 1154, 2252]
[:mouse_move, 727, 133, 2, 1155, 2253]
[:mouse_move, 727, 132, 2, 1156, 2254]
[:mouse_move, 726, 132, 2, 1157, 2255]
[:mouse_move, 725, 132, 2, 1158, 2256]
[:mouse_move, 725, 131, 2, 1159, 2259]
[:mouse_move, 724, 131, 2, 1160, 2261]
[:mouse_move, 723, 131, 2, 1161, 2264]
[:mouse_button_up, 1, 0, 1, 1162, 2288]
[:mouse_move, 729, 139, 2, 1163, 2288]
[:mouse_move, 741, 153, 2, 1164, 2289]
[:mouse_move, 744, 157, 2, 1165, 2290]
[:mouse_move, 748, 161, 2, 1166, 2291]
[:mouse_move, 749, 162, 2, 1167, 2292]
[:mouse_move, 751, 165, 2, 1168, 2293]
[:mouse_move, 752, 166, 2, 1169, 2295]
[:mouse_move, 752, 167, 2, 1170, 2297]
[:mouse_move, 753, 167, 2, 1171, 2426]
[:mouse_move, 753, 166, 2, 1172, 2428]
[:scancode_down_raw, 53, 0, 2, 1173, 2435]
