replay_version 2.0
stopped_at 673
seed 100
recorded_at Sun Sep 29 22:32:05 2019
[:key_down_raw, 1073741904, 0, 2, 1, 63]
[:key_up_raw, 1073741904, 0, 2, 2, 85]
[:key_down_raw, 1073741903, 0, 2, 3, 93]
[:key_up_raw, 1073741903, 0, 2, 4, 111]
[:key_down_raw, 1073741904, 0, 2, 5, 114]
[:key_up_raw, 1073741904, 0, 2, 6, 136]
[:key_down_raw, 1073741903, 0, 2, 7, 162]
[:key_up_raw, 1073741903, 0, 2, 8, 183]
[:key_down_raw, 32, 0, 2, 9, 184]
[:key_up_raw, 32, 0, 2, 10, 189]
[:key_down_raw, 32, 0, 2, 11, 194]
[:key_up_raw, 32, 0, 2, 12, 198]
[:key_down_raw, 32, 0, 2, 13, 202]
[:key_down_raw, 1073741904, 0, 2, 14, 205]
[:key_up_raw, 32, 0, 2, 15, 207]
[:key_down_raw, 1073741904, 0, 2, 16, 229]
[:key_down_raw, 1073741904, 0, 2, 17, 231]
[:key_down_raw, 32, 0, 2, 18, 232]
[:key_up_raw, 1073741904, 0, 2, 19, 235]
[:key_up_raw, 32, 0, 2, 20, 237]
[:key_down_raw, 1073741903, 0, 2, 21, 238]
[:key_down_raw, 32, 0, 2, 22, 241]
[:key_up_raw, 32, 0, 2, 23, 245]
[:key_down_raw, 32, 0, 2, 24, 249]
[:key_up_raw, 32, 0, 2, 25, 253]
[:key_down_raw, 32, 0, 2, 26, 258]
[:key_up_raw, 32, 0, 2, 27, 262]
[:key_down_raw, 32, 0, 2, 28, 266]
[:key_up_raw, 1073741903, 0, 2, 29, 267]
[:key_down_raw, 1073741904, 0, 2, 30, 269]
[:key_up_raw, 32, 0, 2, 31, 271]
[:key_up_raw, 1073741904, 0, 2, 32, 291]
[:key_down_raw, 1073741903, 0, 2, 33, 293]
[:key_down_raw, 32, 0, 2, 34, 301]
[:key_up_raw, 32, 0, 2, 35, 307]
[:key_down_raw, 32, 0, 2, 36, 346]
[:key_up_raw, 1073741903, 0, 2, 37, 347]
[:key_down_raw, 1073741904, 0, 2, 38, 350]
[:key_up_raw, 32, 0, 2, 39, 351]
[:key_down_raw, 1073741904, 0, 2, 40, 373]
[:key_down_raw, 1073741904, 0, 2, 41, 375]
[:key_down_raw, 1073741904, 0, 2, 42, 377]
[:key_down_raw, 1073741904, 0, 2, 43, 378]
[:key_down_raw, 1073741904, 0, 2, 44, 380]
[:key_down_raw, 1073741904, 0, 2, 45, 382]
[:key_down_raw, 1073741904, 0, 2, 46, 384]
[:key_down_raw, 1073741904, 0, 2, 47, 386]
[:key_up_raw, 1073741904, 0, 2, 48, 386]
[:key_down_raw, 32, 0, 2, 49, 387]
[:key_up_raw, 32, 0, 2, 50, 394]
[:key_down_raw, 1073741903, 0, 2, 51, 398]
[:key_down_raw, 32, 0, 2, 52, 399]
[:key_up_raw, 32, 0, 2, 53, 403]
[:key_down_raw, 32, 0, 2, 54, 408]
[:key_up_raw, 32, 0, 2, 55, 413]
[:key_down_raw, 32, 0, 2, 56, 418]
[:key_up_raw, 32, 0, 2, 57, 422]
[:key_down_raw, 32, 0, 2, 58, 427]
[:key_up_raw, 32, 0, 2, 59, 431]
[:key_down_raw, 32, 0, 2, 60, 435]
[:key_up_raw, 32, 0, 2, 61, 439]
[:key_up_raw, 1073741903, 0, 2, 62, 440]
[:key_down_raw, 1073741904, 0, 2, 63, 441]
[:key_down_raw, 1073741904, 0, 2, 64, 461]
[:key_down_raw, 1073741904, 0, 2, 65, 463]
[:key_down_raw, 1073741904, 0, 2, 66, 465]
[:key_down_raw, 1073741904, 0, 2, 67, 466]
[:key_down_raw, 1073741904, 0, 2, 68, 468]
[:key_up_raw, 1073741904, 0, 2, 69, 468]
[:key_down_raw, 1073741904, 0, 2, 70, 483]
[:key_down_raw, 1073741904, 0, 2, 71, 503]
[:key_down_raw, 1073741904, 0, 2, 72, 505]
[:key_down_raw, 1073741904, 0, 2, 73, 507]
[:key_down_raw, 32, 0, 2, 74, 508]
[:key_up_raw, 1073741904, 0, 2, 75, 509]
[:key_up_raw, 32, 0, 2, 76, 512]
[:key_down_raw, 1073741903, 0, 2, 77, 515]
[:key_down_raw, 32, 0, 2, 78, 516]
[:key_up_raw, 32, 0, 2, 79, 520]
[:key_up_raw, 1073741903, 0, 2, 80, 521]
[:key_down_raw, 32, 0, 2, 81, 524]
[:key_up_raw, 32, 0, 2, 82, 528]
[:key_down_raw, 32, 0, 2, 83, 532]
[:key_up_raw, 32, 0, 2, 84, 535]
[:key_down_raw, 32, 0, 2, 85, 539]
[:key_up_raw, 32, 0, 2, 86, 543]
[:key_down_raw, 32, 0, 2, 87, 551]
[:key_up_raw, 32, 0, 2, 88, 555]
[:key_down_raw, 1073742051, 1024, 2, 89, 656]
[:key_down_raw, 113, 1024, 2, 90, 672]
